0 0.072000 0.544643 0.028000 0.196429
0 0.196000 0.464286 0.016000 0.392857
3 0.291000 0.455357 0.030000 0.375000
3 0.333000 0.696429 0.010000 0.214286
3 0.382000 0.526786 0.024000 0.446429
0 0.410000 0.598214 0.028000 0.160714
0 0.478000 0.482143 0.024000 0.357143
0 0.540000 0.517857 0.020000 0.178571
3 0.572000 0.508929 0.020000 0.517857
3 0.708000 0.455357 0.016000 0.517857
3 0.733000 0.482143 0.018000 0.571429
0 0.770000 0.562500 0.028000 0.196429
0 0.835000 0.491071 0.022000 0.410714
3 0.864000 0.517857 0.008000 0.571429
0 0.932000 0.589286 0.024000 0.214286
3 0.970000 0.500000 0.016000 0.607143
3 0.038000 0.419643 0.036000 0.482143
3 0.149000 0.428571 0.034000 0.357143
3 0.224000 0.669643 0.008000 0.160714
3 0.112000 0.687500 0.008000 0.196429
0 0.315000 0.580357 0.018000 0.196429
3 0.436000 0.687500 0.008000 0.196429
3 0.496000 0.696429 0.008000 0.214286
2 0.642000 0.553571 0.032000 0.107143
3 0.800000 0.669643 0.008000 0.196429
3 0.892000 0.678571 0.008000 0.178571