0 0.088000 0.640625 0.024000 0.250000
3 0.137000 0.445312 0.022000 0.578125
1 0.180000 0.437500 0.044000 0.375000
2 0.245000 0.476562 0.030000 0.046875
0 0.297000 0.507812 0.054000 0.203125
3 0.344000 0.445312 0.020000 0.578125
3 0.551000 0.484375 0.026000 0.531250
2 0.592000 0.468750 0.040000 0.031250
1 0.643000 0.406250 0.034000 0.312500
3 0.678000 0.492188 0.020000 0.515625
0 0.721000 0.273438 0.026000 0.171875
0 0.827000 0.742188 0.026000 0.203125
3 0.881000 0.437500 0.018000 0.437500
3 0.968000 0.437500 0.016000 0.500000
0 0.039000 0.421875 0.038000 0.437500
2 0.443000 0.507812 0.042000 0.203125
0 0.784000 0.445312 0.028000 0.359375
0 0.927000 0.507812 0.066000 0.203125