0 0.079000 0.430147 0.118000 0.448529
2 0.197000 0.481618 0.066000 0.110294
3 0.280000 0.500000 0.064000 0.852941
0 0.366000 0.485294 0.100000 0.397059
0 0.338000 0.805147 0.012000 0.169118
2 0.383000 0.816176 0.034000 0.073529
1 0.429000 0.838235 0.034000 0.132353
0 0.364000 0.176471 0.028000 0.117647
0 0.482000 0.496324 0.064000 0.227941
0 0.528000 0.625000 0.008000 0.132353
2 0.573000 0.485294 0.034000 0.014706
3 0.640000 0.477941 0.036000 0.485294
0 0.661000 0.492647 0.022000 0.161765
2 0.710000 0.518382 0.028000 0.007353
1 0.754000 0.503676 0.036000 0.183824
3 0.780000 0.514706 0.048000 0.529412
0 0.823000 0.496324 0.042000 0.154412
3 0.845000 0.518382 0.070000 0.669118
0 0.910000 0.485294 0.028000 0.117647
1 0.954000 0.375000 0.048000 0.132353