0 0.046000 0.546154 0.052000 0.307692
2 0.129000 0.603846 0.042000 0.100000
3 0.209000 0.500000 0.050000 0.846154
0 0.296000 0.473077 0.088000 0.423077
0 0.259000 0.826923 0.014000 0.176923
2 0.292000 0.838462 0.024000 0.061538
1 0.331000 0.823077 0.026000 0.153846
0 0.287000 0.138462 0.042000 0.107692
0 0.383000 0.488462 0.058000 0.300000
0 0.440000 0.561538 0.012000 0.200000
2 0.494000 0.496154 0.028000 0.007692
3 0.542000 0.473077 0.036000 0.623077
0 0.606000 0.500000 0.052000 0.169231
1 0.729000 0.465385 0.054000 0.238462
3 0.765000 0.438462 0.042000 0.615385
0 0.825000 0.488462 0.050000 0.253846
3 0.835000 0.500000 0.074000 0.846154
0 0.910000 0.492308 0.044000 0.200000
1 0.958000 0.307692 0.040000 0.153846
2 0.666000 0.488462 0.032000 0.007692