0 0.050000 0.495614 0.060000 0.377193
2 0.134000 0.526316 0.072000 0.105263
3 0.206000 0.495614 0.032000 0.763158
0 0.300000 0.464912 0.084000 0.421053
0 0.296000 0.140351 0.032000 0.105263
0 0.267000 0.811404 0.010000 0.096491
2 0.292000 0.842105 0.020000 0.052632
1 0.318000 0.820175 0.024000 0.184211
0 0.420000 0.460526 0.068000 0.289474
0 0.471000 0.552632 0.018000 0.175439
2 0.522000 0.460526 0.044000 0.026316
3 0.582000 0.482456 0.016000 0.438596
0 0.619000 0.469298 0.026000 0.131579
2 0.667000 0.469298 0.034000 0.008772
1 0.716000 0.486842 0.040000 0.359649
3 0.756000 0.513158 0.020000 0.500000
0 0.817000 0.543860 0.062000 0.245614
3 0.857000 0.574561 0.034000 0.552632
0 0.913000 0.574561 0.034000 0.166667
1 0.961000 0.464912 0.030000 0.140351