0 0.037000 0.463303 0.034000 0.541284
2 0.126000 0.522936 0.048000 0.110092
3 0.216000 0.467890 0.028000 0.752294
0 0.325000 0.477064 0.066000 0.422018
0 0.319000 0.137615 0.026000 0.091743
0 0.291000 0.830275 0.018000 0.100917
2 0.332000 0.848624 0.024000 0.064220
1 0.367000 0.853211 0.006000 0.073394
0 0.406000 0.564220 0.024000 0.229358
0 0.437000 0.715596 0.010000 0.110092
2 0.486000 0.568807 0.040000 0.018349
3 0.554000 0.500000 0.012000 0.559633
0 0.600000 0.573394 0.032000 0.119266
2 0.659000 0.555046 0.022000 0.009174
1 0.724000 0.513761 0.048000 0.256881
3 0.775000 0.495413 0.018000 0.495413
0 0.840000 0.619266 0.036000 0.174312
3 0.884000 0.568807 0.020000 0.660550
0 0.941000 0.642202 0.034000 0.165138
1 0.964000 0.467890 0.028000 0.073394