0 0.051000 0.508475 0.062000 0.355932
2 0.125000 0.500000 0.042000 0.118644
3 0.190000 0.512712 0.036000 0.737288
0 0.269000 0.478814 0.074000 0.381356
0 0.271000 0.177966 0.030000 0.084746
0 0.238000 0.800847 0.012000 0.161017
2 0.272000 0.826271 0.020000 0.059322
1 0.313000 0.817797 0.022000 0.144068
0 0.362000 0.461864 0.040000 0.262712
0 0.407000 0.588983 0.018000 0.177966
2 0.467000 0.444915 0.038000 0.008475
3 0.519000 0.436441 0.022000 0.500000
0 0.562000 0.487288 0.036000 0.161017
2 0.621000 0.478814 0.030000 0.008475
1 0.682000 0.436441 0.040000 0.330508
3 0.732000 0.461864 0.024000 0.601695
0 0.792000 0.457627 0.056000 0.237288
3 0.851000 0.495763 0.022000 0.822034
0 0.913000 0.483051 0.042000 0.237288
1 0.965000 0.266949 0.026000 0.211864