0 0.048000 0.357143 0.056000 0.346939
2 0.137000 0.408163 0.038000 0.102041
3 0.196000 0.448980 0.020000 0.551020
0 0.288000 0.428571 0.072000 0.346939
0 0.270000 0.142857 0.024000 0.081633
0 0.251000 0.821429 0.010000 0.132653
2 0.274000 0.857143 0.004000 0.061224
1 0.306000 0.811224 0.028000 0.153061
0 0.368000 0.454082 0.048000 0.193878
0 0.400000 0.586735 0.012000 0.153061
2 0.455000 0.464286 0.038000 0.010204
3 0.510000 0.448980 0.020000 0.448980
0 0.558000 0.433673 0.048000 0.173469
2 0.634000 0.448980 0.044000 0.040816
1 0.693000 0.392857 0.034000 0.214286
3 0.733000 0.408163 0.026000 0.530612
0 0.803000 0.397959 0.062000 0.163265
3 0.859000 0.403061 0.022000 0.602041
0 0.930000 0.387755 0.056000 0.122449
1 0.965000 0.244898 0.026000 0.142857