0 0.040000 0.469072 0.040000 0.319588
2 0.120000 0.494845 0.036000 0.103093
3 0.191000 0.489691 0.022000 0.773196
0 0.273000 0.443299 0.054000 0.309278
0 0.274000 0.175258 0.036000 0.103093
0 0.253000 0.778351 0.014000 0.154639
2 0.286000 0.798969 0.020000 0.072165
1 0.324000 0.793814 0.016000 0.144330
0 0.387000 0.391753 0.034000 0.268041
0 0.427000 0.551546 0.022000 0.216495
2 0.482000 0.448454 0.032000 0.010309
3 0.548000 0.458763 0.024000 0.690722
0 0.604000 0.577320 0.036000 0.185567
2 0.656000 0.561856 0.024000 0.010309
1 0.722000 0.489691 0.044000 0.360825
3 0.765000 0.474227 0.026000 0.742268
0 0.826000 0.489691 0.044000 0.216495
3 0.872000 0.494845 0.024000 0.783505
0 0.933000 0.577320 0.022000 0.206186
1 0.965000 0.324742 0.026000 0.237113