1 0.347000 0.166667 0.034000 0.209877
3 0.404000 0.450617 0.752000 0.024691
3 0.408000 0.691358 0.776000 0.345679
1 0.127000 0.768519 0.026000 0.129630
0 0.163000 0.848765 0.026000 0.141975
0 0.199000 0.851852 0.026000 0.135802
3 0.236000 0.814815 0.016000 0.197531
1 0.265000 0.820988 0.022000 0.123457
2 0.310000 0.817901 0.024000 0.104938
0 0.370000 0.836420 0.024000 0.179012
1 0.425000 0.703704 0.014000 0.061728
3 0.505000 0.793210 0.022000 0.277778
0 0.400000 0.709877 0.004000 0.049383
2 0.871000 0.429012 0.042000 0.080247
0 0.962000 0.367284 0.032000 0.191358