0 0.062000 0.472789 0.084000 0.183673
0 0.118000 0.564626 0.028000 0.136054
3 0.168000 0.540816 0.016000 0.265306
0 0.215000 0.551020 0.050000 0.149660
3 0.259000 0.534014 0.026000 0.238095
1 0.603000 0.197279 0.062000 0.258503
3 0.705000 0.448980 0.546000 0.136054
0 0.452000 0.704082 0.036000 0.238095
3 0.501000 0.775510 0.022000 0.204082
0 0.650000 0.758503 0.064000 0.115646
3 0.758000 0.785714 0.020000 0.278912
0 0.810000 0.744898 0.020000 0.142857
2 0.340000 0.551020 0.040000 0.095238
0 0.545000 0.758503 0.062000 0.115646
3 0.591000 0.863946 0.014000 0.054422
0 0.701000 0.829932 0.034000 0.136054