0 0.042000 0.320755 0.020000 0.320755
1 0.072000 0.155660 0.020000 0.122642
0 0.091000 0.391509 0.026000 0.160377
1 0.121000 0.221698 0.022000 0.103774
2 0.144000 0.386792 0.028000 0.018868
1 0.193000 0.316038 0.030000 0.235849
0 0.232000 0.320755 0.024000 0.264151
1 0.256000 0.179245 0.012000 0.132075
0 0.288000 0.353774 0.024000 0.273585
2 0.332000 0.363208 0.024000 0.009434
1 0.377000 0.330189 0.030000 0.301887
0 0.421000 0.377358 0.030000 0.150943
0 0.460000 0.353774 0.024000 0.141509
1 0.478000 0.155660 0.012000 0.122642
2 0.505000 0.349057 0.026000 0.150943
1 0.542000 0.334906 0.008000 0.198113
1 0.577000 0.311321 0.030000 0.226415
0 0.620000 0.363208 0.024000 0.141509
0 0.656000 0.306604 0.016000 0.273585
0 0.690000 0.363208 0.016000 0.122642
0 0.720000 0.311321 0.024000 0.245283
2 0.758000 0.349057 0.020000 0.018868
1 0.799000 0.334906 0.022000 0.179245
1 0.829000 0.330189 0.022000 0.188679
0 0.863000 0.367925 0.022000 0.132075
1 0.886000 0.231132 0.020000 0.103774
0 0.912000 0.334906 0.024000 0.216981
1 0.944000 0.202830 0.020000 0.084906
3 0.499000 0.566038 0.958000 0.056604
0 0.434000 0.830189 0.032000 0.150943
1 0.459000 0.731132 0.018000 0.160377