0 0.102000 0.166667 0.040000 0.092896
0 0.069000 0.868852 0.030000 0.142077
0 0.161000 0.497268 0.038000 0.306011
3 0.189000 0.510929 0.014000 0.136612
0 0.213000 0.521858 0.026000 0.081967
3 0.240000 0.519126 0.016000 0.174863
0 0.300000 0.480874 0.032000 0.207650
0 0.341000 0.540984 0.026000 0.076503
2 0.593000 0.461749 0.046000 0.016393
0 0.664000 0.442623 0.092000 0.765027
0 0.725000 0.139344 0.030000 0.169399
0 0.679000 0.833333 0.038000 0.092896
0 0.756000 0.480874 0.048000 0.295082
3 0.783000 0.489071 0.010000 0.125683
0 0.805000 0.502732 0.022000 0.065574
3 0.830000 0.502732 0.016000 0.153005
0 0.896000 0.426230 0.044000 0.284153
0 0.954000 0.497268 0.044000 0.098361
2 0.491000 0.486339 0.046000 0.065574
0 0.043000 0.478142 0.046000 0.650273