0 0.029000 0.271845 0.018000 0.233010
1 0.063000 0.155340 0.026000 0.077670
0 0.095000 0.325243 0.014000 0.067961
1 0.127000 0.174757 0.022000 0.097087
2 0.159000 0.305825 0.026000 0.029126
1 0.211000 0.266990 0.022000 0.184466
0 0.249000 0.276699 0.018000 0.184466
1 0.281000 0.150485 0.018000 0.106796
0 0.294000 0.276699 0.028000 0.165049
2 0.344000 0.310680 0.024000 0.019417
1 0.391000 0.276699 0.022000 0.184466
1 0.513000 0.150485 0.018000 0.106796
2 0.542000 0.296117 0.036000 0.106796
1 0.591000 0.242718 0.018000 0.116505
1 0.619000 0.242718 0.014000 0.155340
0 0.647000 0.281553 0.034000 0.058252
0 0.684000 0.257282 0.020000 0.145631
0 0.710000 0.281553 0.024000 0.077670
0 0.749000 0.233010 0.030000 0.135922
2 0.793000 0.237864 0.030000 0.029126
1 0.827000 0.218447 0.018000 0.126214
1 0.863000 0.213592 0.026000 0.116505
0 0.942000 0.213592 0.028000 0.135922
1 0.970000 0.160194 0.016000 0.067961
0 0.426000 0.310680 0.032000 0.097087
0 0.476000 0.320388 0.020000 0.077670
0 0.890000 0.257282 0.020000 0.087379
1 0.906000 0.155340 0.012000 0.077670
3 0.482000 0.466019 0.896000 0.116505
0 0.400000 0.849515 0.040000 0.087379
1 0.449000 0.674757 0.014000 0.184466