1 0.041000 0.341463 0.026000 0.219512
0 0.062000 0.396341 0.016000 0.109756
1 0.032000 0.756098 0.020000 0.219512
0 0.061000 0.756098 0.018000 0.146341
1 0.140000 0.396341 0.016000 0.134146
2 0.168000 0.548780 0.024000 0.097561
0 0.203000 0.518293 0.022000 0.158537
0 0.232000 0.530488 0.016000 0.134146
1 0.245000 0.414634 0.010000 0.170732
2 0.297000 0.475610 0.034000 0.146341
0 0.341000 0.396341 0.018000 0.280488
0 0.366000 0.457317 0.016000 0.109756
1 0.391000 0.323171 0.014000 0.134146
2 0.421000 0.445122 0.018000 0.109756
0 0.477000 0.262195 0.014000 0.207317
1 0.501000 0.158537 0.018000 0.073171
1 0.469000 0.725610 0.030000 0.182927
0 0.492000 0.774390 0.012000 0.109756
1 0.553000 0.347561 0.014000 0.060976
2 0.585000 0.475610 0.022000 0.097561
0 0.624000 0.225610 0.012000 0.207317
1 0.649000 0.182927 0.010000 0.097561
1 0.631000 0.689024 0.014000 0.182927
0 0.655000 0.707317 0.014000 0.121951
1 0.672000 0.615854 0.016000 0.085366
2 0.775000 0.439024 0.022000 0.121951
0 0.824000 0.426829 0.032000 0.146341
1 0.852000 0.493902 0.012000 0.182927
1 0.968000 0.341463 0.020000 0.195122
3 0.054000 0.567073 0.068000 0.012195
3 0.480000 0.500000 0.048000 0.024390
3 0.648000 0.469512 0.076000 0.060976
2 0.917000 0.390244 0.026000 0.073171
0 0.718000 0.408537 0.028000 0.109756
0 0.118000 0.530488 0.024000 0.134146
1 0.076000 0.286585 0.012000 0.085366
0 0.533000 0.463415 0.022000 0.121951