0 0.037000 0.285047 0.030000 0.233645
1 0.060000 0.168224 0.024000 0.112150
0 0.091000 0.341121 0.026000 0.121495
1 0.109000 0.205607 0.026000 0.112150
2 0.146000 0.350467 0.028000 0.009346
1 0.186000 0.289720 0.020000 0.261682
0 0.228000 0.308411 0.032000 0.242991
1 0.250000 0.144860 0.020000 0.102804
0 0.278000 0.303738 0.024000 0.252336
2 0.319000 0.341121 0.018000 0.009346
1 0.356000 0.289720 0.024000 0.242991
0 0.398000 0.378505 0.032000 0.102804
0 0.436000 0.387850 0.024000 0.121495
1 0.456000 0.242991 0.016000 0.112150
2 0.491000 0.364486 0.022000 0.149533
1 0.533000 0.322430 0.002000 0.196262
1 0.560000 0.317757 0.012000 0.186916
0 0.682000 0.364486 0.020000 0.093458
0 0.727000 0.322430 0.026000 0.252336
2 0.774000 0.331776 0.020000 0.009346
1 0.815000 0.350467 0.030000 0.158879
1 0.848000 0.341121 0.028000 0.196262
0 0.893000 0.378505 0.030000 0.084112
1 0.907000 0.228972 0.030000 0.084112
0 0.940000 0.303738 0.024000 0.252336
1 0.965000 0.196262 0.026000 0.074766
3 0.498000 0.556075 0.956000 0.046729
0 0.516000 0.845794 0.052000 0.102804
1 0.532000 0.700935 0.016000 0.149533
0 0.593000 0.387850 0.030000 0.084112
0 0.634000 0.345794 0.020000 0.149533