0 0.057000 0.282609 0.026000 0.239130
1 0.078000 0.168478 0.020000 0.119565
0 0.118000 0.353261 0.032000 0.119565
1 0.146000 0.239130 0.020000 0.108696
2 0.173000 0.353261 0.030000 0.010870
1 0.228000 0.304348 0.024000 0.304348
0 0.274000 0.326087 0.028000 0.239130
1 0.291000 0.195652 0.018000 0.130435
0 0.319000 0.309783 0.026000 0.250000
1 0.401000 0.298913 0.022000 0.293478
0 0.439000 0.375000 0.022000 0.119565
0 0.481000 0.358696 0.030000 0.086957
1 0.495000 0.190217 0.014000 0.141304
2 0.527000 0.326087 0.030000 0.130435
1 0.565000 0.331522 0.026000 0.184783
1 0.607000 0.293478 0.026000 0.195652
0 0.642000 0.331522 0.024000 0.097826
0 0.678000 0.282609 0.016000 0.173913
0 0.709000 0.320652 0.014000 0.076087
0 0.739000 0.298913 0.022000 0.206522
2 0.772000 0.353261 0.024000 0.010870
1 0.806000 0.336957 0.024000 0.239130
1 0.843000 0.315217 0.034000 0.239130
0 0.878000 0.369565 0.024000 0.108696
1 0.901000 0.271739 0.018000 0.086957
0 0.932000 0.336957 0.020000 0.217391
1 0.961000 0.239130 0.022000 0.108696
3 0.499000 0.581522 0.958000 0.097826
0 0.503000 0.831522 0.026000 0.119565
1 0.529000 0.717391 0.018000 0.130435