0 0.048000 0.383459 0.056000 0.436090
0 0.104000 0.586466 0.024000 0.150376
0 0.154000 0.609023 0.032000 0.150376
0 0.445000 0.203008 0.042000 0.210526
3 0.442000 0.477444 0.120000 0.037594
1 0.421000 0.800752 0.046000 0.233083
1 0.476000 0.789474 0.036000 0.195489
2 0.560000 0.443609 0.040000 0.135338
0 0.710000 0.199248 0.052000 0.248120
3 0.705000 0.458647 0.070000 0.015038
1 0.724000 0.721805 0.024000 0.165414
3 0.620000 0.477444 0.020000 0.593985
3 0.783000 0.477444 0.026000 0.563910
1 0.926000 0.447368 0.008000 0.187970
1 0.968000 0.454887 0.020000 0.172932
2 0.292000 0.413534 0.056000 0.135338
1 0.682000 0.729323 0.032000 0.210526
3 0.855000 0.454887 0.030000 0.112782