0 0.055000 0.268868 0.026000 0.273585
1 0.070000 0.150943 0.020000 0.113208
0 0.104000 0.349057 0.024000 0.113208
1 0.122000 0.193396 0.016000 0.084906
2 0.150000 0.320755 0.016000 0.018868
1 0.191000 0.235849 0.026000 0.283019
0 0.232000 0.273585 0.024000 0.264151
1 0.247000 0.165094 0.014000 0.103774
0 0.269000 0.268868 0.026000 0.254717
2 0.315000 0.306604 0.022000 0.009434
1 0.361000 0.264151 0.030000 0.301887
0 0.407000 0.353774 0.030000 0.103774
0 0.445000 0.367925 0.018000 0.113208
1 0.463000 0.221698 0.014000 0.084906
2 0.499000 0.320755 0.022000 0.150943
1 0.542000 0.283019 0.008000 0.207547
1 0.570000 0.297170 0.016000 0.198113
0 0.606000 0.363208 0.028000 0.066038
0 0.641000 0.297170 0.022000 0.198113
0 0.674000 0.372642 0.016000 0.066038
0 0.700000 0.292453 0.020000 0.245283
2 0.739000 0.334906 0.014000 0.009434
1 0.782000 0.301887 0.028000 0.207547
1 0.807000 0.297170 0.022000 0.254717
0 0.842000 0.367925 0.036000 0.094340
1 0.854000 0.254717 0.016000 0.094340
0 0.883000 0.292453 0.034000 0.283019
1 0.913000 0.212264 0.014000 0.103774
3 0.499000 0.471698 0.958000 0.056604
0 0.505000 0.825472 0.050000 0.160377
1 0.525000 0.641509 0.014000 0.132075