0 0.073000 0.604651 0.018000 0.441860
0 0.208000 0.569767 0.024000 0.395349
0 0.237000 0.610465 0.018000 0.174419
3 0.302000 0.424419 0.024000 0.220930
3 0.372000 0.529070 0.028000 0.593023
1 0.408000 0.529070 0.004000 0.290698
2 0.470000 0.534884 0.028000 0.023256
0 0.545000 0.552326 0.034000 0.197674
2 0.644000 0.540698 0.024000 0.011628
0 0.705000 0.511628 0.038000 0.209302
0 0.744000 0.604651 0.028000 0.232558
3 0.770000 0.569767 0.028000 0.604651
2 0.846000 0.534884 0.048000 0.232558
0 0.921000 0.453488 0.030000 0.186047
0 0.962000 0.563953 0.032000 0.244186
0 0.042000 0.424419 0.044000 0.616279
2 0.135000 0.482558 0.018000 0.058140
0 0.575000 0.651163 0.026000 0.255814