1 0.025000 0.609195 0.010000 0.390805
2 0.085000 0.643678 0.038000 0.206897
0 0.171000 0.632184 0.038000 0.183908
3 0.214000 0.557471 0.028000 0.655172
0 0.236000 0.586207 0.028000 0.321839
3 0.265000 0.568966 0.014000 0.609195
0 0.307000 0.603448 0.026000 0.356322
2 0.329000 0.304598 0.022000 0.011494
0 0.354000 0.304598 0.024000 0.195402
2 0.432000 0.580460 0.052000 0.287356
0 0.504000 0.574713 0.040000 0.183908
3 0.557000 0.511494 0.022000 0.563218
0 0.587000 0.551724 0.022000 0.344828
1 0.617000 0.321839 0.026000 0.137931
3 0.639000 0.511494 0.022000 0.632184
0 0.690000 0.505747 0.024000 0.344828
2 0.711000 0.212644 0.022000 0.034483
1 0.749000 0.195402 0.026000 0.160920
0 0.768000 0.235632 0.012000 0.126437
2 0.800000 0.494253 0.028000 0.252874
3 0.915000 0.574713 0.126000 0.022989