0 0.034000 0.505208 0.028000 0.260417
1 0.060000 0.614583 0.004000 0.166667
3 0.114000 0.515625 0.036000 0.531250
0 0.165000 0.453125 0.042000 0.239583
2 0.244000 0.432292 0.036000 0.010417
3 0.375000 0.437500 0.026000 0.604167
2 0.458000 0.380208 0.044000 0.218750
0 0.543000 0.395833 0.030000 0.270833
1 0.598000 0.536458 0.028000 0.197917
3 0.660000 0.473958 0.040000 0.739583
3 0.753000 0.473958 0.030000 0.677083
1 0.959000 0.380208 0.038000 0.343750
0 0.322000 0.406250 0.040000 0.375000
0 0.719000 0.583333 0.038000 0.604167
2 0.846000 0.375000 0.064000 0.104167