0 0.046000 0.284211 0.028000 0.231579
1 0.081000 0.157895 0.018000 0.105263
0 0.108000 0.347368 0.024000 0.105263
1 0.137000 0.184211 0.018000 0.136842
1 0.231000 0.305263 0.018000 0.210526
0 0.268000 0.300000 0.020000 0.200000
1 0.295000 0.215789 0.018000 0.115789
0 0.326000 0.300000 0.028000 0.221053
2 0.389000 0.331579 0.022000 0.010526
1 0.453000 0.326316 0.030000 0.189474
0 0.494000 0.352632 0.028000 0.073684
0 0.530000 0.342105 0.020000 0.115789
1 0.560000 0.210526 0.020000 0.105263
2 0.600000 0.342105 0.028000 0.136842
1 0.659000 0.300000 0.014000 0.115789
0 0.691000 0.336842 0.026000 0.126316
0 0.719000 0.289474 0.018000 0.221053
0 0.741000 0.347368 0.014000 0.105263
0 0.759000 0.300000 0.014000 0.242105
2 0.795000 0.310526 0.026000 0.010526
1 0.837000 0.310526 0.026000 0.157895
1 0.863000 0.326316 0.018000 0.147368
0 0.894000 0.342105 0.028000 0.073684
1 0.922000 0.247368 0.016000 0.094737
0 0.944000 0.305263 0.020000 0.147368
1 0.969000 0.231579 0.018000 0.105263
3 0.496000 0.515789 0.952000 0.042105
0 0.439000 0.821053 0.038000 0.147368
1 0.471000 0.710526 0.010000 0.136842