0 0.041000 0.565574 0.042000 0.360656
0 0.108000 0.520492 0.048000 0.368852
1 0.148000 0.360656 0.036000 0.163934
2 0.204000 0.557377 0.028000 0.245902
0 0.252000 0.500000 0.032000 0.360656
0 0.311000 0.508197 0.054000 0.295082
1 0.351000 0.323770 0.042000 0.172131
1 0.489000 0.245902 0.038000 0.262295
3 0.499000 0.500000 0.058000 0.032787
1 0.499000 0.754098 0.058000 0.311475
0 0.583000 0.418033 0.046000 0.327869
0 0.640000 0.463115 0.044000 0.254098
1 0.671000 0.278689 0.030000 0.163934
2 0.738000 0.430328 0.040000 0.254098
1 0.810000 0.381148 0.048000 0.286885
0 0.864000 0.393443 0.040000 0.295082
1 0.956000 0.180328 0.044000 0.196721
2 0.433000 0.467213 0.030000 0.098361
0 0.907000 0.397541 0.002000 0.352459