3 0.026000 0.330000 0.012000 0.286667
0 0.072000 0.386667 0.036000 0.120000
2 0.120000 0.330000 0.032000 0.166667
0 0.170000 0.316667 0.048000 0.193333
2 0.224000 0.326667 0.040000 0.013333
1 0.272000 0.316667 0.032000 0.193333
3 0.306000 0.273333 0.024000 0.413333
3 0.343000 0.280000 0.022000 0.333333
0 0.381000 0.320000 0.030000 0.133333
2 0.423000 0.296667 0.026000 0.153333
0 0.470000 0.263333 0.036000 0.220000
2 0.513000 0.306667 0.018000 0.026667
1 0.544000 0.306667 0.044000 0.226667
3 0.595000 0.310000 0.026000 0.420000
3 0.727000 0.353333 0.022000 0.360000
0 0.781000 0.380000 0.038000 0.120000
2 0.824000 0.356667 0.028000 0.113333
1 0.869000 0.310000 0.022000 0.206667
3 0.901000 0.330000 0.030000 0.353333
0 0.296000 0.776667 0.044000 0.220000
3 0.329000 0.783333 0.010000 0.246667
0 0.366000 0.750000 0.032000 0.206667
2 0.397000 0.803333 0.018000 0.006667
1 0.437000 0.803333 0.026000 0.126667
3 0.477000 0.823333 0.018000 0.220000
1 0.598000 0.780000 0.028000 0.200000
3 0.501000 0.606667 0.938000 0.040000
3 0.661000 0.400000 0.058000 0.013333
3 0.528000 0.850000 0.044000 0.020000
3 0.652000 0.810000 0.036000 0.166667
1 0.722000 0.796667 0.040000 0.193333
0 0.959000 0.360000 0.038000 0.146667