1 0.123000 0.739521 0.026000 0.161677
1 0.388000 0.676647 0.032000 0.131737
0 0.462000 0.688623 0.052000 0.095808
2 0.627000 0.580838 0.042000 0.203593
0 0.760000 0.269461 0.080000 0.419162
0 0.801000 0.425150 0.034000 0.095808
3 0.789000 0.559880 0.186000 0.089820
0 0.767000 0.820359 0.050000 0.239521
1 0.812000 0.892216 0.012000 0.047904
0 0.060000 0.514970 0.080000 0.455090
2 0.205000 0.625749 0.030000 0.041916
0 0.320000 0.425150 0.100000 0.443114
0 0.513000 0.625749 0.022000 0.221557
0 0.947000 0.470060 0.062000 0.221557