0 0.053000 0.592105 0.066000 0.263158
1 0.112000 0.302632 0.020000 0.184211
2 0.182000 0.578947 0.044000 0.184211
0 0.271000 0.539474 0.042000 0.368421
1 0.325000 0.302632 0.034000 0.210526
2 0.377000 0.578947 0.038000 0.105263
3 0.436000 0.453947 0.024000 0.539474
0 0.487000 0.572368 0.050000 0.223684
2 0.541000 0.578947 0.030000 0.184211
0 0.597000 0.460526 0.034000 0.447368
0 0.649000 0.546053 0.022000 0.276316
3 0.681000 0.500000 0.022000 0.736842
3 0.730000 0.447368 0.024000 0.605263
0 0.782000 0.592105 0.048000 0.184211
2 0.834000 0.592105 0.028000 0.026316
0 0.886000 0.500000 0.036000 0.368421
3 0.965000 0.493421 0.026000 0.644737
0 0.930000 0.598684 0.020000 0.250000