0 0.041000 0.568966 0.042000 0.287356
1 0.083000 0.333333 0.030000 0.160920
2 0.134000 0.632184 0.032000 0.229885
0 0.214000 0.488506 0.032000 0.379310
1 0.256000 0.212644 0.028000 0.126437
2 0.316000 0.586207 0.032000 0.114943
3 0.386000 0.522989 0.024000 0.609195
0 0.448000 0.563218 0.028000 0.183908
2 0.503000 0.563218 0.030000 0.252874
0 0.573000 0.459770 0.030000 0.413793
0 0.619000 0.557471 0.014000 0.241379
3 0.658000 0.505747 0.008000 0.666667
3 0.715000 0.471264 0.018000 0.666667
0 0.767000 0.551724 0.026000 0.229885
2 0.834000 0.540230 0.032000 0.022989
0 0.896000 0.425287 0.032000 0.413793
0 0.938000 0.620690 0.012000 0.183908
3 0.965000 0.500000 0.026000 0.770115