0 0.051000 0.583333 0.062000 0.238095
1 0.075000 0.309524 0.026000 0.214286
2 0.141000 0.565476 0.034000 0.226190
0 0.223000 0.470238 0.038000 0.464286
1 0.243000 0.267857 0.030000 0.202381
2 0.326000 0.511905 0.032000 0.119048
3 0.417000 0.464286 0.026000 0.642857
0 0.467000 0.630952 0.050000 0.166667
2 0.536000 0.541667 0.032000 0.226190
0 0.598000 0.517857 0.032000 0.416667
0 0.636000 0.613095 0.016000 0.250000
3 0.671000 0.517857 0.018000 0.630952
3 0.721000 0.529762 0.026000 0.654762
0 0.775000 0.559524 0.046000 0.166667
2 0.838000 0.577381 0.020000 0.011905
0 0.911000 0.476190 0.038000 0.404762
0 0.938000 0.666667 0.016000 0.214286
3 0.966000 0.494048 0.024000 0.750000