0 0.050000 0.366667 0.060000 0.200000
1 0.098000 0.195238 0.036000 0.200000
2 0.155000 0.404762 0.066000 0.295238
0 0.240000 0.395238 0.040000 0.314286
1 0.282000 0.204762 0.048000 0.200000
2 0.354000 0.466667 0.040000 0.152381
3 0.440000 0.519048 0.048000 0.600000
0 0.482000 0.509524 0.052000 0.161905
2 0.545000 0.509524 0.034000 0.200000
0 0.602000 0.466667 0.036000 0.323810
0 0.650000 0.523810 0.016000 0.247619
3 0.680000 0.571429 0.056000 0.647619
3 0.757000 0.519048 0.042000 0.580952
0 0.804000 0.514286 0.048000 0.152381
2 0.852000 0.519048 0.036000 0.009524
0 0.891000 0.461905 0.030000 0.257143
0 0.931000 0.561905 0.010000 0.247619
3 0.956000 0.504762 0.040000 0.647619