0 0.041000 0.803738 0.042000 0.186916
1 0.075000 0.495327 0.026000 0.168224
2 0.123000 0.686916 0.034000 0.214953
0 0.195000 0.598131 0.034000 0.373832
1 0.227000 0.420561 0.026000 0.149533
2 0.297000 0.696262 0.074000 0.121495
3 0.384000 0.500000 0.044000 0.551402
0 0.427000 0.574766 0.034000 0.196262
2 0.493000 0.528037 0.026000 0.196262
0 0.568000 0.392523 0.040000 0.411215
0 0.612000 0.565421 0.032000 0.252336
3 0.662000 0.425234 0.020000 0.532710
3 0.718000 0.415888 0.016000 0.644860
0 0.767000 0.401869 0.034000 0.224299
2 0.817000 0.420561 0.026000 0.018692
0 0.888000 0.313084 0.032000 0.401869
0 0.921000 0.528037 0.022000 0.196262
3 0.962000 0.448598 0.032000 0.598131