0 0.054000 0.489247 0.068000 0.204301
1 0.101000 0.209677 0.026000 0.204301
2 0.183000 0.510753 0.038000 0.225806
0 0.251000 0.456989 0.022000 0.419355
1 0.295000 0.209677 0.022000 0.204301
2 0.374000 0.467742 0.032000 0.161290
3 0.443000 0.467742 0.018000 0.591398
0 0.490000 0.505376 0.048000 0.129032
2 0.546000 0.483871 0.032000 0.193548
0 0.588000 0.446237 0.028000 0.354839
0 0.627000 0.526882 0.022000 0.193548
3 0.662000 0.505376 0.020000 0.752688
3 0.725000 0.483871 0.026000 0.709677
0 0.789000 0.532258 0.058000 0.139785
2 0.870000 0.500000 0.032000 0.010753
0 0.913000 0.478495 0.030000 0.376344
0 0.948000 0.586022 0.024000 0.225806
3 0.967000 0.494624 0.022000 0.602151