0 0.043000 0.553333 0.046000 0.226667
1 0.091000 0.326667 0.022000 0.173333
2 0.151000 0.533333 0.038000 0.266667
0 0.233000 0.460000 0.030000 0.360000
1 0.287000 0.306667 0.030000 0.213333
2 0.352000 0.546667 0.028000 0.133333
3 0.434000 0.426667 0.028000 0.586667
0 0.473000 0.526667 0.042000 0.226667
2 0.537000 0.520000 0.026000 0.266667
0 0.598000 0.433333 0.028000 0.360000
0 0.648000 0.473333 0.016000 0.280000
3 0.680000 0.453333 0.020000 0.640000
3 0.740000 0.493333 0.032000 0.720000
0 0.782000 0.500000 0.044000 0.200000
2 0.843000 0.493333 0.030000 0.026667
0 0.909000 0.440000 0.034000 0.400000
0 0.947000 0.513333 0.014000 0.253333
3 0.963000 0.506667 0.026000 0.720000