0 0.047000 0.483871 0.054000 0.258065
1 0.095000 0.209677 0.038000 0.204301
2 0.144000 0.505376 0.032000 0.215054
0 0.221000 0.424731 0.030000 0.440860
1 0.283000 0.268817 0.038000 0.172043
2 0.353000 0.521505 0.042000 0.096774
3 0.425000 0.483871 0.018000 0.731183
0 0.474000 0.559140 0.052000 0.172043
2 0.537000 0.548387 0.026000 0.150538
0 0.606000 0.451613 0.024000 0.408602
0 0.650000 0.553763 0.008000 0.247312
3 0.680000 0.510753 0.024000 0.720430
3 0.732000 0.505376 0.020000 0.688172
0 0.779000 0.532258 0.042000 0.161290
2 0.846000 0.537634 0.024000 0.021505
0 0.902000 0.456989 0.028000 0.419355
0 0.938000 0.564516 0.012000 0.204301
3 0.965000 0.526882 0.026000 0.731183