0 0.042000 0.408046 0.044000 0.356322
1 0.083000 0.264368 0.026000 0.206897
2 0.141000 0.402299 0.034000 0.160920
0 0.214000 0.385057 0.036000 0.379310
1 0.253000 0.252874 0.022000 0.229885
2 0.312000 0.385057 0.024000 0.080460
3 0.379000 0.402299 0.026000 0.574713
0 0.435000 0.454023 0.038000 0.241379
2 0.501000 0.413793 0.026000 0.137931
0 0.562000 0.431034 0.036000 0.333333
0 0.612000 0.534483 0.036000 0.356322
3 0.651000 0.477011 0.018000 0.586207
3 0.695000 0.471264 0.018000 0.551724
0 0.743000 0.511494 0.038000 0.310345
2 0.799000 0.500000 0.026000 0.034483
0 0.872000 0.431034 0.048000 0.425287
0 0.927000 0.534483 0.034000 0.425287
3 0.962000 0.500000 0.032000 0.747126