0 0.046000 0.616667 0.052000 0.366667
1 0.083000 0.311111 0.026000 0.200000
2 0.138000 0.633333 0.036000 0.222222
0 0.231000 0.533333 0.030000 0.511111
1 0.279000 0.238889 0.034000 0.211111
2 0.353000 0.633333 0.038000 0.111111
3 0.440000 0.561111 0.044000 0.655556
0 0.482000 0.644444 0.028000 0.244444
2 0.547000 0.638889 0.034000 0.233333
0 0.611000 0.533333 0.030000 0.488889
0 0.646000 0.600000 0.016000 0.311111
3 0.682000 0.538889 0.028000 0.633333
3 0.739000 0.477778 0.030000 0.644444
0 0.789000 0.605556 0.030000 0.322222
2 0.843000 0.605556 0.030000 0.011111
0 0.897000 0.511111 0.030000 0.466667
0 0.926000 0.594444 0.016000 0.300000
3 0.959000 0.494444 0.038000 0.766667