1 0.154000 0.168571 0.020000 0.222857
3 0.281000 0.360000 0.522000 0.045714
1 0.060000 0.534286 0.012000 0.120000
3 0.057000 0.642857 0.062000 0.005714
1 0.062000 0.785714 0.044000 0.142857
3 0.142000 0.697143 0.024000 0.468571
1 0.200000 0.580000 0.012000 0.142857
3 0.195000 0.702857 0.070000 0.011429
0 0.199000 0.848571 0.042000 0.097143
2 0.298000 0.697143 0.040000 0.114286
1 0.400000 0.582857 0.012000 0.160000
3 0.394000 0.714286 0.072000 0.011429
0 0.397000 0.854286 0.026000 0.165714
3 0.453000 0.700000 0.018000 0.440000
2 0.603000 0.342857 0.046000 0.091429
1 0.748000 0.211429 0.068000 0.205714
0 0.825000 0.291429 0.046000 0.057143
0 0.904000 0.234286 0.028000 0.205714
3 0.829000 0.397143 0.298000 0.017143
0 0.733000 0.631429 0.046000 0.085714
2 0.832000 0.625714 0.036000 0.097143
0 0.917000 0.605714 0.022000 0.205714