1 0.199000 0.140541 0.010000 0.172973
3 0.265000 0.378378 0.490000 0.021622
1 0.074000 0.581081 0.008000 0.091892
3 0.083000 0.678378 0.086000 0.037838
1 0.079000 0.818919 0.038000 0.145946
3 0.175000 0.700000 0.034000 0.437838
1 0.233000 0.551351 0.010000 0.108108
3 0.244000 0.672973 0.080000 0.027027
0 0.237000 0.824324 0.038000 0.135135
2 0.340000 0.670270 0.040000 0.097297
1 0.428000 0.556757 0.012000 0.129730
3 0.443000 0.675676 0.094000 0.032432
0 0.437000 0.824324 0.030000 0.156757
3 0.512000 0.708108 0.044000 0.475676
2 0.605000 0.375676 0.050000 0.059459
1 0.728000 0.189189 0.056000 0.183784
0 0.801000 0.221622 0.050000 0.118919
0 0.866000 0.167568 0.028000 0.227027
3 0.825000 0.381081 0.306000 0.016216
0 0.744000 0.651351 0.044000 0.124324
2 0.819000 0.667568 0.030000 0.091892
0 0.893000 0.616216 0.034000 0.194595