1 0.069000 0.557078 0.006000 0.109589
3 0.070000 0.659817 0.100000 0.013699
1 0.077000 0.787671 0.038000 0.123288
3 0.146000 0.664384 0.036000 0.488584
1 0.216000 0.545662 0.040000 0.114155
3 0.213000 0.650685 0.098000 0.022831
0 0.218000 0.785388 0.060000 0.091324
2 0.315000 0.632420 0.054000 0.105023
1 0.409000 0.543379 0.046000 0.109589
3 0.412000 0.641553 0.108000 0.013699
0 0.408000 0.780822 0.052000 0.127854
3 0.488000 0.682648 0.040000 0.534247
3 0.273000 0.351598 0.494000 0.018265
1 0.255000 0.148402 0.054000 0.178082
2 0.595000 0.337900 0.082000 0.054795
1 0.755000 0.162100 0.054000 0.205479
0 0.830000 0.203196 0.064000 0.114155
0 0.905000 0.159817 0.054000 0.228311
3 0.829000 0.353881 0.298000 0.022831
0 0.727000 0.591324 0.066000 0.114155
2 0.806000 0.591324 0.056000 0.114155
0 0.897000 0.545662 0.058000 0.205479