1 0.252000 0.170588 0.052000 0.223529
3 0.298000 0.352941 0.556000 0.047059
1 0.115000 0.570588 0.018000 0.164706
3 0.127000 0.714706 0.082000 0.017647
1 0.119000 0.858824 0.038000 0.164706
3 0.209000 0.667647 0.034000 0.488235
1 0.290000 0.526471 0.004000 0.135294
3 0.303000 0.661765 0.098000 0.017647
0 0.306000 0.782353 0.060000 0.117647
2 0.394000 0.600000 0.044000 0.141176
1 0.489000 0.482353 0.010000 0.141176
3 0.499000 0.611765 0.078000 0.011765
0 0.495000 0.773529 0.042000 0.158824
3 0.547000 0.652941 0.034000 0.482353
2 0.658000 0.317647 0.068000 0.094118
1 0.779000 0.211765 0.050000 0.200000
0 0.857000 0.279412 0.054000 0.123529
0 0.921000 0.229412 0.034000 0.235294
3 0.859000 0.400000 0.238000 0.035294
0 0.800000 0.588235 0.052000 0.129412
2 0.868000 0.576471 0.032000 0.117647
0 0.931000 0.552941 0.042000 0.164706