1 0.249000 0.170270 0.018000 0.200000
3 0.258000 0.313514 0.476000 0.043243
1 0.083000 0.491892 0.022000 0.129730
3 0.085000 0.583784 0.114000 0.021622
1 0.067000 0.756757 0.062000 0.183784
3 0.172000 0.645946 0.036000 0.491892
1 0.229000 0.486486 0.014000 0.140541
3 0.225000 0.572973 0.106000 0.010811
0 0.225000 0.762162 0.074000 0.097297
2 0.316000 0.572973 0.036000 0.118919
1 0.391000 0.489189 0.018000 0.178378
3 0.401000 0.610811 0.118000 0.021622
0 0.394000 0.772973 0.040000 0.183784
3 0.478000 0.672973 0.044000 0.545946
2 0.588000 0.343243 0.048000 0.059459
1 0.714000 0.175676 0.076000 0.200000
0 0.815000 0.224324 0.070000 0.091892
0 0.908000 0.167568 0.060000 0.227027
3 0.810000 0.335135 0.336000 0.010811
0 0.706000 0.637838 0.056000 0.118919
2 0.790000 0.627027 0.052000 0.151351
0 0.893000 0.578378 0.046000 0.216216