1 0.245000 0.124324 0.010000 0.140541
3 0.302000 0.251351 0.500000 0.027027
1 0.080000 0.418919 0.008000 0.124324
3 0.077000 0.548649 0.114000 0.005405
1 0.076000 0.675676 0.056000 0.140541
3 0.159000 0.586486 0.030000 0.470270
1 0.220000 0.475676 0.008000 0.129730
3 0.219000 0.591892 0.110000 0.005405
0 0.219000 0.727027 0.058000 0.070270
2 0.327000 0.562162 0.046000 0.151351
1 0.418000 0.464865 0.004000 0.140541
3 0.441000 0.581081 0.110000 0.016216
0 0.429000 0.729730 0.042000 0.151351
3 0.518000 0.632432 0.056000 0.627027
2 0.624000 0.245946 0.048000 0.081081
1 0.733000 0.140541 0.046000 0.172973
0 0.822000 0.172973 0.060000 0.097297
0 0.882000 0.145946 0.032000 0.172973
3 0.831000 0.324324 0.294000 0.032432
0 0.722000 0.524324 0.056000 0.140541
2 0.812000 0.505405 0.056000 0.124324
0 0.917000 0.505405 0.046000 0.178378