1 0.297000 0.170455 0.022000 0.189394
3 0.306000 0.337121 0.572000 0.022727
1 0.127000 0.530303 0.006000 0.106061
1 0.129000 0.852273 0.034000 0.128788
3 0.184000 0.696970 0.016000 0.424242
1 0.249000 0.606061 0.014000 0.136364
3 0.249000 0.723485 0.058000 0.007576
0 0.257000 0.844697 0.042000 0.068182
2 0.325000 0.689394 0.026000 0.136364
1 0.421000 0.594697 0.018000 0.128788
3 0.424000 0.700758 0.060000 0.007576
0 0.427000 0.848485 0.022000 0.136364
3 0.489000 0.681818 0.014000 0.439394
2 0.667000 0.329545 0.034000 0.068182
1 0.819000 0.196970 0.054000 0.227273
0 0.894000 0.227273 0.044000 0.075758
0 0.951000 0.189394 0.022000 0.166667
3 0.869000 0.375000 0.218000 0.037879
0 0.791000 0.678030 0.050000 0.113636
2 0.851000 0.655303 0.026000 0.128788
0 0.912000 0.632576 0.028000 0.143939