1 0.276000 0.195513 0.032000 0.185897
3 0.310000 0.326923 0.580000 0.012821
1 0.106000 0.794872 0.032000 0.192308
3 0.105000 0.663462 0.110000 0.019231
1 0.103000 0.528846 0.022000 0.134615
3 0.200000 0.666667 0.024000 0.474359
1 0.270000 0.557692 0.032000 0.115385
3 0.279000 0.682692 0.070000 0.006410
0 0.273000 0.814103 0.042000 0.141026
2 0.367000 0.641026 0.026000 0.102564
1 0.443000 0.544872 0.034000 0.153846
3 0.529000 0.685897 0.026000 0.461538
2 0.672000 0.288462 0.036000 0.051282
1 0.795000 0.176282 0.054000 0.224359
3 0.848000 0.365385 0.260000 0.012821
0 0.769000 0.580128 0.042000 0.185897
2 0.857000 0.576923 0.034000 0.102564
0 0.943000 0.573718 0.050000 0.198718
0 0.874000 0.230769 0.040000 0.153846
0 0.948000 0.208333 0.048000 0.198718
3 0.449000 0.701923 0.078000 0.006410
0 0.462000 0.862179 0.056000 0.147436