3 0.092000 0.450617 0.144000 0.654321
1 0.116000 0.481481 0.048000 0.370370
0 0.052000 0.283951 0.028000 0.123457
2 0.215000 0.481481 0.042000 0.098765
1 0.450000 0.277778 0.036000 0.283951
0 0.500000 0.296296 0.032000 0.296296
0 0.556000 0.277778 0.048000 0.308642
3 0.526000 0.518519 0.192000 0.024691
0 0.504000 0.753086 0.044000 0.246914
2 0.648000 0.401235 0.032000 0.185185
0 0.694000 0.345679 0.032000 0.271605
1 0.865000 0.308642 0.030000 0.246914
0 0.910000 0.333333 0.028000 0.197531
0 0.952000 0.314815 0.040000 0.259259
3 0.908000 0.530864 0.140000 0.024691
0 0.889000 0.691358 0.030000 0.172840
0 0.766000 0.351852 0.092000 0.234568
0 0.329000 0.481481 0.146000 0.246914