3 0.100000 0.489796 0.160000 0.673469
0 0.035000 0.352041 0.018000 0.132653
1 0.115000 0.530612 0.010000 0.244898
2 0.236000 0.566327 0.020000 0.091837
1 0.428000 0.260204 0.036000 0.234694
0 0.478000 0.239796 0.036000 0.255102
0 0.529000 0.239796 0.038000 0.255102
3 0.483000 0.545918 0.166000 0.010204
0 0.468000 0.811224 0.048000 0.153061
2 0.618000 0.535714 0.040000 0.193878
0 0.676000 0.443878 0.012000 0.214286
1 0.854000 0.244898 0.028000 0.204082
0 0.903000 0.224490 0.030000 0.244898
0 0.946000 0.224490 0.032000 0.224490
3 0.903000 0.500000 0.150000 0.020408
0 0.895000 0.785714 0.042000 0.163265
0 0.754000 0.443878 0.096000 0.234694
0 0.328000 0.525510 0.092000 0.214286