3 0.101000 0.405263 0.110000 0.410526
0 0.029000 0.289474 0.018000 0.136842
1 0.109000 0.426316 0.006000 0.200000
2 0.208000 0.505263 0.032000 0.105263
1 0.440000 0.236842 0.040000 0.242105
0 0.502000 0.257895 0.040000 0.242105
0 0.552000 0.273684 0.056000 0.315789
3 0.499000 0.542105 0.178000 0.031579
0 0.473000 0.826316 0.038000 0.136842
2 0.637000 0.484211 0.038000 0.231579
0 0.709000 0.357895 0.014000 0.231579
1 0.873000 0.205263 0.034000 0.200000
0 0.914000 0.247368 0.028000 0.221053
0 0.952000 0.221053 0.052000 0.231579
3 0.907000 0.442105 0.122000 0.021053
0 0.901000 0.705263 0.046000 0.189474
0 0.315000 0.494737 0.098000 0.147368
0 0.784000 0.352632 0.080000 0.221053