3 0.128000 0.495690 0.216000 0.818966
1 0.165000 0.607759 0.002000 0.163793
0 0.068000 0.418103 0.028000 0.129310
2 0.282000 0.603448 0.032000 0.086207
3 0.528000 0.607759 0.140000 0.025862
1 0.483000 0.487069 0.026000 0.181034
0 0.522000 0.491379 0.028000 0.172414
0 0.566000 0.487069 0.040000 0.232759
0 0.508000 0.780172 0.032000 0.129310
2 0.637000 0.586207 0.022000 0.155172
0 0.696000 0.581897 0.024000 0.181034
1 0.871000 0.504310 0.034000 0.198276
0 0.909000 0.534483 0.026000 0.155172
0 0.955000 0.517241 0.042000 0.206897
3 0.907000 0.681034 0.142000 0.034483
0 0.897000 0.840517 0.034000 0.129310
0 0.776000 0.594828 0.076000 0.189655
0 0.382000 0.577586 0.088000 0.137931