3 0.073000 0.419192 0.106000 0.636364
0 0.040000 0.308081 0.020000 0.111111
1 0.093000 0.469697 0.010000 0.171717
2 0.194000 0.429293 0.040000 0.131313
1 0.414000 0.333333 0.032000 0.242424
0 0.461000 0.348485 0.022000 0.232323
0 0.510000 0.419192 0.032000 0.151515
3 0.467000 0.560606 0.182000 0.010101
0 0.448000 0.752525 0.032000 0.151515
2 0.611000 0.494949 0.034000 0.202020
0 0.680000 0.500000 0.012000 0.212121
1 0.857000 0.474747 0.034000 0.181818
0 0.905000 0.464646 0.026000 0.202020
0 0.952000 0.520202 0.036000 0.151515
3 0.897000 0.661616 0.162000 0.010101
0 0.889000 0.823232 0.038000 0.151515
0 0.757000 0.545455 0.070000 0.181818
0 0.300000 0.439394 0.080000 0.212121