0 0.068000 0.436709 0.096000 0.620253
0 0.122000 0.689873 0.028000 0.164557
3 0.190000 0.537975 0.032000 0.620253
0 0.310000 0.721519 0.060000 0.202532
3 0.378000 0.601266 0.024000 0.518987
0 0.429000 0.537975 0.058000 0.468354
3 0.473000 0.531646 0.022000 0.556962
3 0.512000 0.537975 0.036000 0.620253
0 0.654000 0.398734 0.092000 0.544304
0 0.719000 0.683544 0.058000 0.177215
0 0.792000 0.696203 0.056000 0.177215
3 0.861000 0.487342 0.038000 0.670886
0 0.912000 0.449367 0.060000 0.493671
3 0.964000 0.449367 0.028000 0.594937
0 0.240000 0.474684 0.064000 0.468354
2 0.584000 0.626582 0.040000 0.113924