0 0.046000 0.692810 0.052000 0.287582
3 0.254000 0.483660 0.140000 0.418301
0 0.391000 0.529412 0.046000 0.287582
1 0.446000 0.385621 0.036000 0.143791
2 0.526000 0.633987 0.028000 0.013072
3 0.597000 0.539216 0.042000 0.607843
0 0.704000 0.114379 0.028000 0.098039
0 0.739000 0.728758 0.022000 0.084967
2 0.782000 0.758170 0.024000 0.091503
1 0.824000 0.728758 0.024000 0.098039
0 0.849000 0.401961 0.046000 0.241830
1 0.905000 0.277778 0.026000 0.111111
3 0.958000 0.441176 0.040000 0.568627
2 0.112000 0.653595 0.044000 0.078431
0 0.234000 0.215686 0.024000 0.091503
0 0.210000 0.866013 0.028000 0.137255
2 0.244000 0.905229 0.020000 0.058824
1 0.300000 0.849673 0.036000 0.143791
0 0.450000 0.692810 0.024000 0.169935
3 0.713000 0.405229 0.130000 0.366013
2 0.701000 0.758170 0.010000 0.052288
0 0.672000 0.735294 0.028000 0.137255
0 0.906000 0.532680 0.020000 0.111111