0 0.232000 0.646341 0.052000 0.186992
3 0.417000 0.573171 0.046000 0.626016
1 0.466000 0.556911 0.048000 0.317073
3 0.698000 0.540650 0.024000 0.430894
0 0.900000 0.418699 0.064000 0.447154
1 0.961000 0.186992 0.034000 0.211382
2 0.330000 0.658537 0.048000 0.113821
0 0.124000 0.626016 0.008000 0.308943
0 0.057000 0.642276 0.074000 0.536585
0 0.176000 0.699187 0.036000 0.195122
1 0.531000 0.585366 0.038000 0.260163
1 0.627000 0.560976 0.038000 0.276423
1 0.659000 0.524390 0.018000 0.300813
3 0.785000 0.528455 0.054000 0.341463
2 0.583000 0.544715 0.026000 0.406504