0 0.037000 0.594937 0.034000 0.481013
1 0.077000 0.550633 0.014000 0.139241
3 0.105000 0.443038 0.010000 0.405063
3 0.155000 0.405063 0.018000 0.379747
1 0.264000 0.240506 0.016000 0.227848
3 0.265000 0.449367 0.026000 0.012658
1 0.266000 0.658228 0.008000 0.202532
3 0.315000 0.525316 0.018000 0.670886
0 0.348000 0.500000 0.020000 0.417722
1 0.382000 0.556962 0.020000 0.177215
3 0.412000 0.468354 0.012000 0.430380
0 0.431000 0.506329 0.026000 0.126582
3 0.453000 0.481013 0.014000 0.379747
2 0.485000 0.487342 0.030000 0.240506
0 0.533000 0.518987 0.018000 0.481013
1 0.552000 0.569620 0.008000 0.101266
3 0.577000 0.500000 0.014000 0.417722
3 0.614000 0.481013 0.008000 0.303797
3 0.631000 0.474684 0.014000 0.518987
0 0.709000 0.550633 0.014000 0.113924
0 0.734000 0.310127 0.016000 0.088608
0 0.758000 0.322785 0.020000 0.088608
3 0.873000 0.601266 0.018000 0.518987
0 0.900000 0.613924 0.032000 0.113924
0 0.939000 0.645570 0.026000 0.101266
3 0.966000 0.525316 0.024000 0.493671
0 0.131000 0.462025 0.030000 0.164557
2 0.197000 0.500000 0.026000 0.113924
0 0.594000 0.512658 0.020000 0.113924
2 0.676000 0.531646 0.024000 0.101266
0 0.830000 0.601266 0.060000 0.139241