0 0.039000 0.513986 0.038000 0.174825
2 0.126000 0.531469 0.036000 0.055944
2 0.235000 0.381119 0.030000 0.006993
0 0.317000 0.342657 0.042000 0.195804
0 0.408000 0.272727 0.028000 0.209790
0 0.549000 0.328671 0.046000 0.223776
1 0.596000 0.230769 0.020000 0.153846
2 0.670000 0.353147 0.028000 0.006993
1 0.745000 0.283217 0.026000 0.258741
0 0.787000 0.349650 0.034000 0.153846
0 0.844000 0.374126 0.036000 0.090909
3 0.681000 0.265734 0.478000 0.391608
3 0.593000 0.583916 0.770000 0.020979
1 0.527000 0.814685 0.058000 0.230769
0 0.586000 0.860140 0.048000 0.139860