3 0.236000 0.860606 0.056000 0.072727
3 0.551000 0.484848 0.030000 0.327273
0 0.595000 0.457576 0.022000 0.187879
3 0.634000 0.442424 0.020000 0.254545
3 0.883000 0.536364 0.026000 0.369697
0 0.925000 0.506061 0.030000 0.224242
3 0.965000 0.496970 0.022000 0.339394
0 0.049000 0.821212 0.058000 0.163636
3 0.119000 0.857576 0.066000 0.163636
3 0.158000 0.303030 0.184000 0.484848
0 0.415000 0.496970 0.070000 0.121212
0 0.479000 0.669697 0.054000 0.127273
2 0.704000 0.548485 0.040000 0.103030
0 0.816000 0.533333 0.048000 0.096970