0 0.051000 0.467262 0.062000 0.172619
2 0.140000 0.529762 0.044000 0.071429
2 0.214000 0.330357 0.036000 0.005952
0 0.285000 0.291667 0.030000 0.285714
0 0.368000 0.315476 0.040000 0.202381
3 0.669000 0.282738 0.474000 0.446429
0 0.523000 0.351190 0.030000 0.214286
1 0.565000 0.220238 0.026000 0.107143
2 0.616000 0.404762 0.032000 0.011905
1 0.692000 0.360119 0.048000 0.232143
0 0.760000 0.398810 0.040000 0.154762
0 0.827000 0.398810 0.042000 0.142857
3 0.601000 0.607143 0.754000 0.011905
1 0.505000 0.845238 0.054000 0.178571
0 0.577000 0.866071 0.054000 0.136905