0 0.054000 0.563953 0.068000 0.139535
2 0.127000 0.572674 0.046000 0.052326
2 0.214000 0.322674 0.040000 0.005814
0 0.286000 0.313953 0.044000 0.232558
0 0.545000 0.316860 0.046000 0.203488
1 0.594000 0.200581 0.032000 0.145349
2 0.657000 0.340116 0.042000 0.005814
1 0.731000 0.296512 0.046000 0.290698
0 0.804000 0.354651 0.064000 0.127907
0 0.876000 0.351744 0.052000 0.145349
3 0.708000 0.276163 0.520000 0.436047
3 0.586000 0.578488 0.784000 0.040698
1 0.507000 0.819767 0.058000 0.232558
0 0.590000 0.860465 0.076000 0.151163
0 0.373000 0.308140 0.042000 0.220930