0 0.043000 0.508671 0.046000 0.277457
2 0.171000 0.589595 0.046000 0.104046
2 0.318000 0.401734 0.032000 0.005780
0 0.415000 0.335260 0.038000 0.265896
0 0.515000 0.306358 0.046000 0.289017
3 0.790000 0.271676 0.376000 0.427746
0 0.676000 0.326590 0.040000 0.236994
1 0.727000 0.176301 0.034000 0.098266
2 0.766000 0.375723 0.036000 0.023121
1 0.828000 0.312139 0.044000 0.289017
0 0.899000 0.338150 0.034000 0.132948
0 0.959000 0.320809 0.030000 0.109827
3 0.647000 0.586705 0.558000 0.028902
1 0.613000 0.841040 0.070000 0.202312
0 0.708000 0.849711 0.044000 0.150289