0 0.047000 0.465035 0.054000 0.230769
2 0.123000 0.496503 0.042000 0.069930
2 0.201000 0.356643 0.042000 0.013986
0 0.253000 0.293706 0.046000 0.279720
0 0.339000 0.265734 0.042000 0.279720
3 0.680000 0.227273 0.556000 0.314685
0 0.476000 0.265734 0.040000 0.181818
1 0.517000 0.174825 0.030000 0.097902
2 0.570000 0.342657 0.064000 0.013986
1 0.656000 0.307692 0.032000 0.237762
0 0.714000 0.332168 0.044000 0.104895
0 0.778000 0.328671 0.032000 0.083916
3 0.598000 0.510490 0.760000 0.027972
1 0.406000 0.769231 0.132000 0.307692
0 0.596000 0.783217 0.076000 0.153846