3 0.600000 0.552147 0.756000 0.036810
2 0.281000 0.404908 0.046000 0.012270
0 0.357000 0.383436 0.042000 0.276074
3 0.733000 0.312883 0.434000 0.503067
0 0.618000 0.383436 0.032000 0.226994
1 0.651000 0.251534 0.030000 0.098160
2 0.670000 0.414110 0.028000 0.006135
1 0.743000 0.352761 0.042000 0.251534
0 0.800000 0.407975 0.028000 0.128834
0 0.857000 0.395706 0.034000 0.128834
1 0.511000 0.806748 0.058000 0.263804
0 0.590000 0.797546 0.060000 0.233129
0 0.054000 0.573620 0.068000 0.288344
2 0.140000 0.552147 0.052000 0.073620
0 0.442000 0.386503 0.048000 0.184049