0 0.046000 0.454545 0.052000 0.168831
2 0.144000 0.503247 0.052000 0.071429
0 0.388000 0.340909 0.040000 0.175325
3 0.682000 0.256494 0.460000 0.383117
0 0.548000 0.311688 0.028000 0.246753
1 0.593000 0.227273 0.030000 0.090909
2 0.644000 0.363636 0.024000 0.012987
1 0.703000 0.314935 0.030000 0.227273
0 0.765000 0.379870 0.038000 0.071429
0 0.833000 0.389610 0.022000 0.077922
3 0.591000 0.581169 0.774000 0.032468
1 0.456000 0.814935 0.064000 0.201299
0 0.554000 0.896104 0.044000 0.077922
2 0.229000 0.373377 0.034000 0.006494
0 0.307000 0.344156 0.030000 0.259740