0 0.057000 0.627660 0.074000 0.148936
2 0.154000 0.602837 0.044000 0.070922
2 0.232000 0.443262 0.032000 0.007092
0 0.301000 0.407801 0.054000 0.205674
0 0.382000 0.308511 0.064000 0.276596
0 0.497000 0.372340 0.042000 0.248227
1 0.534000 0.212766 0.024000 0.070922
1 0.689000 0.347518 0.046000 0.283688
0 0.761000 0.404255 0.050000 0.085106
0 0.825000 0.382979 0.038000 0.127660
3 0.661000 0.319149 0.462000 0.496454
3 0.608000 0.599291 0.740000 0.049645
1 0.478000 0.815603 0.056000 0.212766
0 0.559000 0.829787 0.066000 0.113475