0 0.040000 0.462366 0.040000 0.430108
1 0.096000 0.177419 0.028000 0.139785
0 0.147000 0.473118 0.042000 0.279570
3 0.310000 0.424731 0.228000 0.483871
0 0.265000 0.430108 0.030000 0.129032
2 0.321000 0.446237 0.038000 0.010753
0 0.366000 0.451613 0.020000 0.236559
3 0.460000 0.397849 0.020000 0.580645
0 0.513000 0.446237 0.034000 0.247312
2 0.568000 0.446237 0.028000 0.010753
0 0.635000 0.360215 0.034000 0.204301
3 0.635000 0.521505 0.086000 0.010753
1 0.598000 0.693548 0.024000 0.182796
3 0.628000 0.747312 0.012000 0.247312
0 0.649000 0.747312 0.018000 0.118280
2 0.677000 0.747312 0.018000 0.010753
0 0.699000 0.736559 0.010000 0.161290
3 0.717000 0.720430 0.014000 0.322581
3 0.745000 0.408602 0.034000 0.602151
2 0.789000 0.419355 0.038000 0.193548
0 0.844000 0.322581 0.032000 0.172043
3 0.846000 0.494624 0.056000 0.043011
1 0.841000 0.677419 0.030000 0.193548
2 0.900000 0.505376 0.028000 0.107527
1 0.958000 0.403226 0.040000 0.247312