0 0.050000 0.595745 0.060000 0.468085
1 0.095000 0.244681 0.030000 0.127660
0 0.149000 0.446809 0.038000 0.276596
3 0.293000 0.409574 0.210000 0.414894
0 0.258000 0.462766 0.024000 0.138298
2 0.295000 0.500000 0.030000 0.021277
0 0.350000 0.478723 0.024000 0.170213
3 0.438000 0.468085 0.032000 0.723404
0 0.478000 0.590426 0.028000 0.436170
2 0.522000 0.473404 0.028000 0.010638
3 0.634000 0.446809 0.132000 0.021277
0 0.626000 0.382979 0.044000 0.276596
1 0.577000 0.686170 0.030000 0.180851
3 0.602000 0.702128 0.016000 0.297872
0 0.615000 0.718085 0.022000 0.159574
2 0.652000 0.728723 0.020000 0.010638
0 0.682000 0.781915 0.020000 0.202128
3 0.702000 0.702128 0.012000 0.319149
3 0.717000 0.489362 0.038000 0.723404
2 0.762000 0.521277 0.028000 0.212766
0 0.815000 0.372340 0.026000 0.191489
1 0.830000 0.712766 0.044000 0.127660
2 0.885000 0.473404 0.042000 0.053191
1 0.952000 0.457447 0.052000 0.255319