0 0.068000 0.378307 0.096000 0.354497
1 0.389000 0.171958 0.038000 0.121693
3 0.715000 0.507937 0.526000 0.052910
0 0.579000 0.214286 0.066000 0.322751
1 0.627000 0.412698 0.002000 0.084656
2 0.712000 0.373016 0.036000 0.005291
0 0.791000 0.285714 0.050000 0.243386
1 0.844000 0.420635 0.032000 0.089947
0 0.589000 0.777778 0.058000 0.137566
1 0.643000 0.883598 0.002000 0.074074
0 0.680000 0.724868 0.032000 0.222222
0 0.844000 0.791005 0.052000 0.121693
1 0.907000 0.888889 0.030000 0.095238
0 0.937000 0.738095 0.034000 0.206349
1 0.967000 0.870370 0.006000 0.079365
2 0.178000 0.478836 0.032000 0.068783
0 0.332000 0.383598 0.084000 0.407407
1 0.717000 0.880952 0.030000 0.132275