0 0.088000 0.686047 0.020000 0.162791
3 0.132000 0.470930 0.008000 0.337209
0 0.162000 0.523256 0.036000 0.162791
3 0.199000 0.470930 0.018000 0.430233
2 0.282000 0.563953 0.020000 0.011628
3 0.398000 0.581395 0.140000 0.046512
0 0.349000 0.808140 0.022000 0.127907
2 0.393000 0.796512 0.018000 0.011628
1 0.443000 0.773256 0.002000 0.151163
0 0.509000 0.552326 0.030000 0.174419
0 0.548000 0.313953 0.012000 0.093023
2 0.571000 0.313953 0.014000 0.093023
1 0.591000 0.290698 0.014000 0.139535
2 0.626000 0.494186 0.020000 0.127907
0 0.697000 0.529070 0.014000 0.151163
0 0.725000 0.534884 0.014000 0.093023
1 0.813000 0.255814 0.002000 0.162791
3 0.837000 0.395349 0.098000 0.023256
0 0.786000 0.651163 0.016000 0.093023
2 0.820000 0.639535 0.016000 0.023256
1 0.847000 0.610465 0.002000 0.127907
3 0.944000 0.331395 0.064000 0.011628
0 0.917000 0.575581 0.022000 0.127907
0 0.929000 0.465116 0.010000 0.069767
2 0.947000 0.465116 0.010000 0.023256
1 0.961000 0.447674 0.002000 0.081395
2 0.233000 0.552326 0.014000 0.081395
0 0.663000 0.348837 0.030000 0.395349
0 0.708000 0.459302 0.024000 0.197674
2 0.746000 0.418605 0.012000 0.069767
0 0.033000 0.383721 0.026000 0.534884