0 0.037000 0.568807 0.034000 0.348624
1 0.061000 0.270642 0.018000 0.119266
0 0.106000 0.532110 0.024000 0.165138
3 0.216000 0.490826 0.140000 0.486239
0 0.188000 0.555046 0.024000 0.119266
2 0.224000 0.555046 0.016000 0.009174
0 0.255000 0.605505 0.018000 0.238532
3 0.327000 0.472477 0.038000 0.651376
0 0.364000 0.527523 0.024000 0.266055
2 0.408000 0.481651 0.024000 0.009174
0 0.482000 0.389908 0.024000 0.284404
3 0.524000 0.495413 0.156000 0.018349
1 0.457000 0.720183 0.022000 0.155963
3 0.494000 0.711009 0.016000 0.211009
0 0.522000 0.738532 0.024000 0.100917
2 0.551000 0.738532 0.014000 0.009174
0 0.581000 0.793578 0.018000 0.211009
3 0.602000 0.706422 0.016000 0.201835
3 0.647000 0.467890 0.046000 0.752294
2 0.712000 0.477064 0.032000 0.146789
0 0.792000 0.279817 0.036000 0.119266
3 0.801000 0.444954 0.090000 0.009174
1 0.801000 0.651376 0.030000 0.183486
2 0.885000 0.431193 0.026000 0.055046
1 0.951000 0.380734 0.050000 0.247706