0 0.037000 0.406542 0.034000 0.345794
1 0.072000 0.200935 0.020000 0.121495
0 0.125000 0.341121 0.030000 0.233645
3 0.281000 0.392523 0.234000 0.429907
0 0.232000 0.462617 0.028000 0.102804
0 0.320000 0.476636 0.016000 0.205607
3 0.428000 0.443925 0.024000 0.700935
0 0.473000 0.471963 0.030000 0.271028
2 0.514000 0.443925 0.024000 0.009346
0 0.619000 0.350467 0.034000 0.233645
3 0.634000 0.523364 0.180000 0.018692
1 0.569000 0.696262 0.042000 0.177570
3 0.612000 0.733645 0.008000 0.233645
0 0.635000 0.747664 0.022000 0.112150
2 0.673000 0.733645 0.018000 0.009346
0 0.706000 0.794393 0.024000 0.224299
3 0.739000 0.514019 0.018000 0.766355
2 0.778000 0.462617 0.024000 0.140187
0 0.853000 0.294393 0.030000 0.140187
3 0.850000 0.429907 0.048000 0.018692
3 0.720000 0.738318 0.012000 0.280374
1 0.843000 0.560748 0.038000 0.130841
2 0.903000 0.406542 0.034000 0.084112
1 0.962000 0.392523 0.032000 0.186916