2 0.137000 0.350877 0.046000 0.087719
0 0.230000 0.320175 0.060000 0.122807
3 0.683000 0.370614 0.590000 0.030702
3 0.665000 0.614035 0.494000 0.289474
1 0.504000 0.677632 0.004000 0.188596
2 0.575000 0.736842 0.042000 0.008772
1 0.652000 0.596491 0.036000 0.140351
0 0.710000 0.581140 0.048000 0.171053
3 0.719000 0.719298 0.194000 0.017544
0 0.655000 0.879386 0.038000 0.144737
0 0.696000 0.914474 0.028000 0.074561
1 0.733000 0.789474 0.022000 0.061404
1 0.046000 0.256579 0.052000 0.250000
2 0.339000 0.333333 0.038000 0.078947
1 0.613000 0.144737 0.050000 0.201754
0 0.773000 0.559211 0.034000 0.135965