0 0.035000 0.524752 0.030000 0.277228
1 0.076000 0.381188 0.020000 0.128713
3 0.275000 0.460396 0.222000 0.445545
0 0.239000 0.500000 0.022000 0.108911
2 0.278000 0.519802 0.016000 0.009901
0 0.320000 0.534653 0.028000 0.178218
0 0.444000 0.509901 0.028000 0.247525
2 0.496000 0.509901 0.024000 0.009901
0 0.569000 0.326733 0.022000 0.237624
3 0.586000 0.504950 0.108000 0.019802
1 0.537000 0.698020 0.030000 0.168317
3 0.566000 0.707921 0.012000 0.227723
0 0.592000 0.717822 0.020000 0.089109
0 0.650000 0.747525 0.020000 0.168317
3 0.668000 0.717822 0.016000 0.267327
3 0.700000 0.504950 0.024000 0.772277
3 0.420000 0.480198 0.020000 0.762376
2 0.760000 0.460396 0.028000 0.168317
0 0.828000 0.316832 0.028000 0.158416
3 0.823000 0.509901 0.042000 0.009901
1 0.821000 0.702970 0.034000 0.178218
2 0.890000 0.500000 0.028000 0.069307
1 0.959000 0.485149 0.038000 0.277228
0 0.124000 0.490099 0.028000 0.188119