0 0.071000 0.481013 0.102000 0.379747
3 0.162000 0.462025 0.024000 0.341772
0 0.225000 0.484177 0.042000 0.158228
3 0.285000 0.471519 0.026000 0.386076
2 0.408000 0.487342 0.056000 0.088608
0 0.591000 0.465190 0.134000 0.348101
0 0.602000 0.120253 0.064000 0.113924
0 0.527000 0.822785 0.030000 0.215190
2 0.595000 0.851266 0.046000 0.069620
1 0.697000 0.825949 0.058000 0.145570
0 0.778000 0.443038 0.080000 0.164557
0 0.838000 0.528481 0.024000 0.208861
0 0.900000 0.452532 0.052000 0.183544
0 0.969000 0.284810 0.018000 0.278481