0 0.071000 0.548485 0.102000 0.381818
3 0.184000 0.542424 0.032000 0.357576
0 0.267000 0.569697 0.058000 0.254545
3 0.355000 0.566667 0.042000 0.442424
2 0.500000 0.612121 0.120000 0.145455
0 0.656000 0.433333 0.112000 0.393939
0 0.656000 0.112121 0.052000 0.103030
0 0.592000 0.851515 0.028000 0.175758
2 0.660000 0.842424 0.060000 0.084848
1 0.721000 0.827273 0.038000 0.139394
0 0.797000 0.487879 0.054000 0.163636
0 0.839000 0.603030 0.042000 0.248485
0 0.925000 0.484848 0.058000 0.181818
0 0.968000 0.333333 0.016000 0.145455