0 0.070000 0.397541 0.100000 0.631148
0 0.151000 0.647541 0.030000 0.131148
2 0.227000 0.463115 0.046000 0.188525
1 0.302000 0.524590 0.040000 0.344262
3 0.391000 0.540984 0.038000 0.754098
3 0.506000 0.495902 0.036000 0.631148
1 0.702000 0.647541 0.032000 0.147541
3 0.765000 0.508197 0.026000 0.606557
0 0.854000 0.586066 0.016000 0.090164
3 0.894000 0.532787 0.024000 0.459016
3 0.947000 0.475410 0.018000 0.377049
3 0.969000 0.491803 0.018000 0.721311
0 0.447000 0.540984 0.046000 0.278689
2 0.563000 0.487705 0.026000 0.090164
0 0.919000 0.536885 0.026000 0.172131
0 0.660000 0.401639 0.048000 0.459016
0 0.811000 0.495902 0.038000 0.270492