0 0.079000 0.506369 0.118000 0.490446
3 0.193000 0.496815 0.038000 0.484076
0 0.280000 0.531847 0.052000 0.171975
3 0.340000 0.525478 0.032000 0.528662
2 0.434000 0.560510 0.052000 0.076433
0 0.578000 0.433121 0.120000 0.356688
0 0.546000 0.831210 0.024000 0.184713
2 0.583000 0.885350 0.026000 0.076433
1 0.637000 0.859873 0.038000 0.140127
0 0.595000 0.124204 0.066000 0.121019
0 0.758000 0.477707 0.076000 0.203822
0 0.805000 0.617834 0.038000 0.280255
0 0.908000 0.464968 0.072000 0.203822
0 0.966000 0.286624 0.024000 0.203822