0 0.063000 0.408824 0.086000 0.405882
3 0.156000 0.538235 0.032000 0.264706
0 0.229000 0.547059 0.034000 0.105882
3 0.292000 0.547059 0.020000 0.282353
2 0.395000 0.529412 0.038000 0.058824
0 0.571000 0.450000 0.130000 0.323529
0 0.582000 0.161765 0.028000 0.205882
0 0.536000 0.826471 0.032000 0.229412
2 0.608000 0.808824 0.036000 0.041176
1 0.676000 0.820588 0.044000 0.158824
0 0.761000 0.470588 0.062000 0.211765
0 0.819000 0.585294 0.042000 0.323529
0 0.912000 0.488235 0.040000 0.152941
0 0.965000 0.370588 0.026000 0.164706