0 0.102000 0.516129 0.164000 0.559140
3 0.236000 0.481183 0.032000 0.295699
0 0.298000 0.494624 0.048000 0.129032
3 0.349000 0.494624 0.026000 0.311828
2 0.437000 0.505376 0.062000 0.096774
0 0.620000 0.470430 0.172000 0.370968
0 0.786000 0.470430 0.072000 0.134409
0 0.837000 0.572581 0.038000 0.209677
0 0.911000 0.478495 0.050000 0.150538
0 0.966000 0.276882 0.024000 0.177419
0 0.556000 0.860215 0.056000 0.129032
2 0.631000 0.889785 0.058000 0.080645
1 0.711000 0.897849 0.030000 0.086022
0 0.615000 0.134409 0.058000 0.161290