0 0.073000 0.466480 0.106000 0.374302
3 0.164000 0.497207 0.028000 0.424581
0 0.234000 0.544693 0.068000 0.150838
3 0.298000 0.480447 0.036000 0.424581
2 0.403000 0.483240 0.070000 0.094972
0 0.586000 0.449721 0.132000 0.418994
0 0.591000 0.106145 0.054000 0.100559
0 0.536000 0.846369 0.024000 0.173184
2 0.584000 0.863128 0.040000 0.061453
1 0.653000 0.854749 0.050000 0.178771
0 0.737000 0.472067 0.078000 0.173184
0 0.796000 0.611732 0.044000 0.296089
0 0.896000 0.469274 0.076000 0.167598
0 0.964000 0.296089 0.028000 0.290503