0 0.075000 0.495169 0.110000 0.362319
3 0.180000 0.456522 0.040000 0.429952
0 0.246000 0.567633 0.092000 0.120773
3 0.320000 0.485507 0.040000 0.449275
2 0.420000 0.528986 0.060000 0.082126
0 0.569000 0.439614 0.134000 0.483092
0 0.515000 0.845411 0.038000 0.193237
2 0.570000 0.874396 0.036000 0.038647
1 0.634000 0.864734 0.060000 0.173913
0 0.555000 0.094203 0.046000 0.091787
0 0.755000 0.483092 0.082000 0.106280
0 0.821000 0.654589 0.030000 0.256039
0 0.904000 0.490338 0.072000 0.111111
0 0.963000 0.393720 0.030000 0.256039