0 0.260000 0.530303 0.052000 0.272727
2 0.328000 0.530303 0.032000 0.191919
0 0.407000 0.525253 0.034000 0.181818
0 0.517000 0.489899 0.038000 0.393939
2 0.599000 0.530303 0.042000 0.232323
3 0.669000 0.459596 0.062000 0.010101
1 0.669000 0.732323 0.034000 0.313131
3 0.746000 0.545455 0.040000 0.383838
0 0.784000 0.590909 0.040000 0.232323
2 0.833000 0.611111 0.022000 0.010101
0 0.886000 0.590909 0.028000 0.292929
3 0.925000 0.611111 0.022000 0.292929
0 0.048000 0.469697 0.056000 0.737374
0 0.077000 0.666667 0.038000 0.222222
2 0.160000 0.550505 0.040000 0.090909
3 0.460000 0.464646 0.044000 0.727273
1 0.692000 0.252525 0.016000 0.181818
3 0.952000 0.585859 0.052000 0.626263