0 0.041000 0.502874 0.042000 0.419540
3 0.076000 0.514368 0.024000 0.327586
0 0.122000 0.537356 0.052000 0.212644
1 0.164000 0.612069 0.028000 0.120690
3 0.197000 0.660920 0.018000 0.080460
0 0.361000 0.520115 0.062000 0.235632
3 0.483000 0.502874 0.038000 0.316092
3 0.792000 0.548851 0.372000 0.097701
0 0.762000 0.387931 0.060000 0.166667
2 0.820000 0.218391 0.032000 0.022989
3 0.919000 0.175287 0.098000 0.028736
0 0.874000 0.261494 0.024000 0.132184
3 0.604000 0.735632 0.072000 0.413793
0 0.649000 0.706897 0.050000 0.264368
0 0.710000 0.735632 0.044000 0.206897
0 0.789000 0.724138 0.042000 0.252874
0 0.837000 0.761494 0.050000 0.189655
1 0.874000 0.824713 0.020000 0.074713
3 0.256000 0.594828 0.052000 0.028736
3 0.318000 0.637931 0.008000 0.068966
0 0.417000 0.646552 0.038000 0.143678
2 0.547000 0.494253 0.042000 0.137931
0 0.924000 0.109195 0.052000 0.103448
0 0.900000 0.310345 0.032000 0.126437
0 0.941000 0.255747 0.014000 0.074713
1 0.745000 0.795977 0.022000 0.097701
3 0.916000 0.856322 0.036000 0.011494