3 0.021000 0.576471 0.002000 0.305882
0 0.047000 0.700000 0.018000 0.270588
0 0.068000 0.729412 0.012000 0.117647
2 0.090000 0.629412 0.020000 0.011765
0 0.118000 0.717647 0.024000 0.329412
0 0.145000 0.705882 0.022000 0.117647
3 0.169000 0.641176 0.002000 0.364706
3 0.176000 0.647059 0.004000 0.376471
1 0.188000 0.411765 0.016000 0.117647
1 0.255000 0.558824 0.026000 0.176471
3 0.274000 0.582353 0.004000 0.317647
3 0.282000 0.594118 0.004000 0.317647
0 0.300000 0.635294 0.016000 0.258824
0 0.325000 0.641176 0.018000 0.105882
0 0.384000 0.552941 0.024000 0.117647
3 0.403000 0.576471 0.006000 0.400000
3 0.410000 0.547059 0.004000 0.341176
2 0.441000 0.594118 0.030000 0.129412
1 0.479000 0.529412 0.026000 0.211765
3 0.499000 0.547059 0.002000 0.435294
3 0.512000 0.523529 0.004000 0.435294
0 0.530000 0.629412 0.016000 0.270588
0 0.558000 0.605882 0.024000 0.105882
3 0.633000 0.529412 0.006000 0.447059
3 0.641000 0.558824 0.002000 0.458824
1 0.657000 0.270588 0.014000 0.094118
2 0.658000 0.529412 0.012000 0.023529
1 0.698000 0.470588 0.020000 0.235294
3 0.713000 0.535294 0.002000 0.505882
3 0.722000 0.488235 0.008000 0.482353
0 0.771000 0.382353 0.014000 0.082353
2 0.791000 0.347059 0.018000 0.082353
0 0.819000 0.394118 0.018000 0.223529
0 0.848000 0.335294 0.024000 0.082353
1 0.791000 0.647059 0.030000 0.141176
2 0.882000 0.441176 0.012000 0.011765
3 0.938000 0.470588 0.004000 0.447059
3 0.949000 0.429412 0.014000 0.529412
1 0.966000 0.182353 0.024000 0.129412
2 0.215000 0.623529 0.026000 0.047059
1 0.425000 0.376471 0.018000 0.094118
0 0.615000 0.500000 0.026000 0.082353
3 0.801000 0.482353 0.118000 0.047059
0 0.745000 0.435294 0.018000 0.235294
0 0.910000 0.423529 0.028000 0.094118