1 0.021000 0.603448 0.002000 0.310345
1 0.041000 0.603448 0.018000 0.172414
1 0.069000 0.603448 0.022000 0.206897
1 0.099000 0.637931 0.018000 0.275862
0 0.128000 0.698276 0.024000 0.189655
3 0.163000 0.620690 0.018000 0.413793
1 0.182000 0.612069 0.004000 0.224138
1 0.204000 0.594828 0.024000 0.189655
2 0.238000 0.646552 0.032000 0.224138
1 0.280000 0.560345 0.032000 0.258621
1 0.312000 0.551724 0.020000 0.241379
1 0.337000 0.560345 0.018000 0.258621
2 0.393000 0.594828 0.034000 0.155172
1 0.433000 0.534483 0.022000 0.241379
1 0.457000 0.517241 0.022000 0.241379
1 0.482000 0.517241 0.020000 0.241379
1 0.505000 0.301724 0.018000 0.155172
2 0.516000 0.577586 0.024000 0.155172
1 0.553000 0.500000 0.022000 0.241379
1 0.577000 0.500000 0.022000 0.275862
1 0.602000 0.508621 0.016000 0.258621
3 0.639000 0.491379 0.014000 0.362069
1 0.716000 0.508621 0.024000 0.224138
1 0.749000 0.517241 0.022000 0.206897
1 0.776000 0.534483 0.016000 0.275862
1 0.807000 0.534483 0.026000 0.206897
1 0.840000 0.543103 0.028000 0.224138
1 0.868000 0.534483 0.016000 0.206897
1 0.889000 0.551724 0.014000 0.137931
1 0.917000 0.534483 0.018000 0.241379
1 0.938000 0.525862 0.016000 0.224138
1 0.968000 0.534483 0.020000 0.206897
1 0.618000 0.241379 0.016000 0.137931
2 0.666000 0.594828 0.020000 0.120690