0 0.102000 0.461538 0.128000 0.423077
1 0.133000 0.868590 0.030000 0.108974
0 0.098000 0.192308 0.068000 0.115385
0 0.500000 0.410256 0.048000 0.166667
0 0.634000 0.368590 0.120000 0.352564
1 0.679000 0.650641 0.022000 0.121795
0 0.636000 0.121795 0.064000 0.115385
0 0.778000 0.435897 0.052000 0.358974
1 0.958000 0.362179 0.040000 0.211538
0 0.029000 0.842949 0.018000 0.173077
2 0.081000 0.875000 0.050000 0.070513
0 0.304000 0.512821 0.016000 0.166667
2 0.396000 0.471154 0.068000 0.070513
0 0.561000 0.673077 0.018000 0.153846
2 0.610000 0.708333 0.048000 0.057692
0 0.805000 0.551282 0.022000 0.166667
2 0.881000 0.416667 0.070000 0.089744
0 0.260000 0.423077 0.116000 0.333333