0 0.093000 0.518405 0.146000 0.423313
3 0.232000 0.493865 0.020000 0.472393
0 0.308000 0.490798 0.048000 0.331288
3 0.363000 0.500000 0.022000 0.423313
0 0.643000 0.325153 0.082000 0.134969
0 0.842000 0.242331 0.032000 0.251534
3 0.766000 0.533742 0.424000 0.024540
3 0.645000 0.776074 0.002000 0.288344
0 0.720000 0.791411 0.076000 0.233129
3 0.837000 0.742331 0.022000 0.269939
0 0.864000 0.754601 0.036000 0.196319
3 0.903000 0.782209 0.014000 0.226994
3 0.953000 0.751534 0.006000 0.276074
3 0.973000 0.782209 0.010000 0.288344
2 0.482000 0.552147 0.080000 0.147239
0 0.735000 0.147239 0.030000 0.147239
3 0.603000 0.785276 0.010000 0.306748
0 0.797000 0.659509 0.030000 0.141104
3 0.789000 0.230061 0.006000 0.337423
3 0.894000 0.248466 0.016000 0.288344