0 0.034000 0.422619 0.028000 0.369048
1 0.068000 0.601190 0.024000 0.178571
3 0.071000 0.273810 0.010000 0.309524
0 0.098000 0.351190 0.036000 0.178571
3 0.129000 0.267857 0.018000 0.297619
3 0.161000 0.517857 0.014000 0.464286
0 0.197000 0.613095 0.034000 0.202381
3 0.228000 0.571429 0.012000 0.404762
0 0.315000 0.422619 0.038000 0.154762
1 0.344000 0.291667 0.020000 0.130952
3 0.327000 0.595238 0.058000 0.023810
1 0.324000 0.785714 0.036000 0.142857
2 0.383000 0.583333 0.026000 0.023810
0 0.454000 0.583333 0.040000 0.142857
2 0.500000 0.541667 0.024000 0.226190
1 0.543000 0.529762 0.026000 0.226190
3 0.565000 0.547619 0.018000 0.523810
0 0.594000 0.607143 0.040000 0.142857
2 0.654000 0.535714 0.036000 0.309524
3 0.694000 0.345238 0.008000 0.333333
0 0.723000 0.333333 0.038000 0.238095
2 0.764000 0.351190 0.028000 0.226190
1 0.799000 0.357143 0.030000 0.214286
3 0.825000 0.339286 0.018000 0.297619
3 0.852000 0.333333 0.008000 0.285714
0 0.869000 0.410714 0.030000 0.154762
2 0.912000 0.369048 0.020000 0.214286
3 0.970000 0.369048 0.016000 0.357143
3 0.836000 0.571429 0.280000 0.071429
1 0.846000 0.773810 0.040000 0.214286
2 0.267000 0.630952 0.034000 0.142857
3 0.425000 0.535714 0.006000 0.452381
1 0.941000 0.375000 0.030000 0.202381