3 0.025000 0.345679 0.010000 0.444444
1 0.062000 0.370370 0.040000 0.271605
2 0.099000 0.345679 0.022000 0.049383
0 0.136000 0.370370 0.036000 0.197531
3 0.162000 0.364198 0.020000 0.481481
3 0.208000 0.407407 0.012000 0.469136
2 0.233000 0.401235 0.030000 0.012346
2 0.307000 0.469136 0.026000 0.469136
1 0.335000 0.493827 0.026000 0.246914
3 0.366000 0.432099 0.024000 0.592593
2 0.423000 0.444444 0.038000 0.395062
3 0.460000 0.438272 0.004000 0.456790
0 0.494000 0.518519 0.036000 0.172840
2 0.538000 0.475309 0.016000 0.012346
1 0.578000 0.475309 0.036000 0.308642
3 0.604000 0.425926 0.024000 0.506173
3 0.649000 0.500000 0.014000 0.506173
1 0.694000 0.493827 0.044000 0.296296
2 0.741000 0.537037 0.022000 0.012346
0 0.775000 0.567901 0.034000 0.222222
2 0.812000 0.512346 0.028000 0.456790
1 0.837000 0.592593 0.022000 0.222222
3 0.870000 0.574074 0.016000 0.604938
1 0.958000 0.567901 0.040000 0.320988
1 0.279000 0.376543 0.038000 0.308642
2 0.906000 0.685185 0.028000 0.111111