1 0.047000 0.527027 0.054000 0.351351
3 0.211000 0.481982 0.022000 0.693694
1 0.261000 0.513514 0.046000 0.270270
2 0.327000 0.472973 0.030000 0.009009
3 0.396000 0.545045 0.084000 0.045045
0 0.389000 0.725225 0.022000 0.171171
3 0.476000 0.477477 0.016000 0.702703
3 0.553000 0.463964 0.026000 0.657658
2 0.638000 0.436937 0.028000 0.009009
0 0.708000 0.283784 0.032000 0.243243
3 0.708000 0.490991 0.088000 0.009009
0 0.693000 0.680180 0.038000 0.225225
1 0.731000 0.734234 0.018000 0.099099
3 0.783000 0.495495 0.026000 0.810811
1 0.951000 0.490991 0.054000 0.297297
3 0.126000 0.527027 0.056000 0.369369
0 0.393000 0.328829 0.030000 0.171171
1 0.424000 0.752252 0.024000 0.135135
1 0.592000 0.409910 0.040000 0.279279
3 0.872000 0.468468 0.064000 0.414414