0 0.052000 0.348404 0.064000 0.505319
1 0.119000 0.577128 0.050000 0.154255
1 0.456000 0.186170 0.116000 0.265957
1 0.357000 0.781915 0.066000 0.276596
3 0.444000 0.726064 0.048000 0.377660
1 0.501000 0.763298 0.034000 0.292553
2 0.587000 0.800532 0.074000 0.186170
0 0.705000 0.760638 0.062000 0.127660
3 0.771000 0.752660 0.046000 0.388298
1 0.947000 0.848404 0.038000 0.090426
1 0.890000 0.236702 0.044000 0.218085
2 0.228000 0.505319 0.064000 0.074468
0 0.862000 0.728723 0.068000 0.319149
3 0.544000 0.460106 0.480000 0.026596
3 0.871000 0.446809 0.214000 0.021277