0 0.135000 0.421429 0.230000 0.457143
0 0.116000 0.125000 0.028000 0.107143
0 0.107000 0.832143 0.026000 0.164286
2 0.150000 0.821429 0.024000 0.071429
1 0.202000 0.846429 0.032000 0.164286
3 0.434000 0.417857 0.316000 0.050000
0 0.352000 0.307143 0.052000 0.171429
0 0.405000 0.121429 0.034000 0.100000
0 0.432000 0.214286 0.004000 0.085714
1 0.332000 0.671429 0.032000 0.171429
2 0.396000 0.660714 0.052000 0.021429
0 0.468000 0.700000 0.052000 0.171429
0 0.514000 0.521429 0.028000 0.128571
0 0.540000 0.607143 0.016000 0.114286
2 0.638000 0.389286 0.040000 0.107143
1 0.797000 0.264286 0.050000 0.200000
3 0.834000 0.400000 0.288000 0.057143
1 0.735000 0.610714 0.006000 0.150000
2 0.815000 0.610714 0.062000 0.021429
0 0.889000 0.635714 0.042000 0.171429