3 0.154000 0.503876 0.048000 0.713178
0 0.222000 0.453488 0.052000 0.519380
3 0.311000 0.453488 0.034000 0.581395
0 0.366000 0.465116 0.052000 0.434109
3 0.419000 0.461240 0.042000 0.674419
3 0.467000 0.496124 0.054000 0.821705
3 0.539000 0.678295 0.030000 0.224806
0 0.736000 0.426357 0.048000 0.449612
3 0.801000 0.422481 0.038000 0.550388
0 0.858000 0.391473 0.072000 0.395349
3 0.905000 0.449612 0.046000 0.728682
3 0.960000 0.410853 0.036000 0.666667
3 0.699000 0.422481 0.034000 0.596899
0 0.055000 0.577519 0.070000 0.674419
0 0.618000 0.488372 0.072000 0.542636