0 0.073000 0.436747 0.106000 0.403614
0 0.088000 0.141566 0.048000 0.162651
0 0.042000 0.819277 0.016000 0.168675
2 0.096000 0.855422 0.036000 0.060241
1 0.146000 0.840361 0.012000 0.150602
0 0.326000 0.424699 0.044000 0.126506
0 0.381000 0.328313 0.034000 0.054217
0 0.419000 0.343373 0.010000 0.096386
3 0.384000 0.578313 0.212000 0.024096
1 0.292000 0.798193 0.016000 0.150602
2 0.369000 0.813253 0.038000 0.012048
0 0.449000 0.849398 0.038000 0.120482
0 0.496000 0.713855 0.024000 0.126506
0 0.529000 0.768072 0.010000 0.102410
2 0.630000 0.569277 0.056000 0.078313
1 0.829000 0.385542 0.026000 0.265060
3 0.850000 0.593373 0.256000 0.054217
1 0.760000 0.831325 0.016000 0.180723
2 0.834000 0.840361 0.032000 0.018072
0 0.940000 0.879518 0.036000 0.120482