0 0.090000 0.136816 0.056000 0.174129
0 0.072000 0.504975 0.104000 0.293532
0 0.036000 0.855721 0.032000 0.179104
2 0.094000 0.835821 0.052000 0.059701
1 0.152000 0.825871 0.004000 0.159204
3 0.386000 0.559701 0.364000 0.024876
0 0.300000 0.427861 0.052000 0.139303
0 0.383000 0.305970 0.054000 0.084577
0 0.441000 0.338308 0.026000 0.079602
1 0.273000 0.776119 0.010000 0.189055
2 0.343000 0.778607 0.066000 0.014925
0 0.429000 0.783582 0.042000 0.144279
0 0.482000 0.651741 0.020000 0.089552
0 0.512000 0.696517 0.020000 0.089552
2 0.633000 0.557214 0.074000 0.099502
1 0.815000 0.427861 0.010000 0.228856
3 0.853000 0.601990 0.250000 0.029851
1 0.761000 0.815920 0.006000 0.199005
2 0.849000 0.800995 0.082000 0.019900
0 0.931000 0.815920 0.042000 0.179104