0 0.083000 0.482500 0.126000 0.455000
0 0.035000 0.862500 0.018000 0.165000
2 0.085000 0.882500 0.026000 0.045000
1 0.133000 0.885000 0.018000 0.110000
0 0.072000 0.135000 0.052000 0.170000
0 0.278000 0.357500 0.060000 0.125000
0 0.342000 0.220000 0.036000 0.120000
0 0.378000 0.250000 0.012000 0.090000
3 0.348000 0.527500 0.332000 0.015000
1 0.244000 0.765000 0.012000 0.160000
0 0.389000 0.777500 0.054000 0.115000
0 0.433000 0.645000 0.022000 0.110000
0 0.465000 0.685000 0.018000 0.090000
2 0.590000 0.512500 0.044000 0.065000
1 0.743000 0.295000 0.010000 0.130000
3 0.812000 0.465000 0.332000 0.020000
1 0.723000 0.720000 0.018000 0.190000
2 0.787000 0.732500 0.034000 0.005000
0 0.875000 0.717500 0.070000 0.145000