0 0.091000 0.467532 0.142000 0.402597
0 0.095000 0.139610 0.042000 0.149351
0 0.068000 0.834416 0.036000 0.188312
2 0.119000 0.850649 0.026000 0.064935
1 0.170000 0.844156 0.020000 0.142857
0 0.292000 0.321429 0.044000 0.136364
0 0.344000 0.211039 0.036000 0.136364
0 0.397000 0.220779 0.022000 0.116883
3 0.337000 0.480519 0.258000 0.025974
1 0.260000 0.668831 0.032000 0.142857
2 0.332000 0.652597 0.028000 0.006494
0 0.400000 0.714286 0.040000 0.116883
0 0.458000 0.655844 0.036000 0.116883
0 0.505000 0.681818 0.026000 0.116883
2 0.605000 0.467532 0.042000 0.051948
1 0.786000 0.295455 0.036000 0.188312
3 0.816000 0.441558 0.324000 0.051948
1 0.713000 0.701299 0.042000 0.207792
2 0.787000 0.704545 0.026000 0.006494
0 0.863000 0.688312 0.046000 0.090909