1 0.100000 0.668033 0.028000 0.139344
0 0.279000 0.454918 0.062000 0.680328
1 0.308000 0.778689 0.024000 0.114754
0 0.324000 0.155738 0.028000 0.147541
1 0.357000 0.151639 0.014000 0.073770
3 0.654000 0.508197 0.536000 0.819672
1 0.479000 0.524590 0.026000 0.278689
2 0.544000 0.577869 0.044000 0.172131
3 0.714000 0.536885 0.220000 0.024590
1 0.642000 0.360656 0.032000 0.245902
0 0.695000 0.377049 0.030000 0.131148
1 0.719000 0.278689 0.030000 0.114754
2 0.159000 0.569672 0.050000 0.090164
1 0.708000 0.741803 0.052000 0.336066
0 0.959000 0.520492 0.038000 0.155738
0 0.899000 0.454918 0.038000 0.303279
0 0.045000 0.418033 0.050000 0.590164
0 0.852000 0.528689 0.044000 0.188525