0 0.092000 0.475124 0.144000 0.482587
0 0.056000 0.850746 0.020000 0.189055
2 0.103000 0.875622 0.038000 0.059701
1 0.158000 0.843284 0.032000 0.154229
0 0.098000 0.114428 0.060000 0.129353
0 0.346000 0.345771 0.076000 0.164179
0 0.399000 0.199005 0.058000 0.159204
0 0.445000 0.228856 0.010000 0.159204
3 0.406000 0.542289 0.268000 0.019900
1 0.300000 0.718905 0.032000 0.174129
2 0.354000 0.723881 0.032000 0.004975
0 0.438000 0.761194 0.060000 0.129353
0 0.484000 0.629353 0.024000 0.114428
0 0.513000 0.671642 0.014000 0.129353
2 0.629000 0.460199 0.070000 0.074627
1 0.823000 0.231343 0.014000 0.213930
3 0.834000 0.405473 0.288000 0.044776
1 0.755000 0.616915 0.046000 0.199005
2 0.824000 0.609453 0.036000 0.014925
0 0.913000 0.611940 0.062000 0.139303