0 0.078000 0.438272 0.116000 0.370370
0 0.025000 0.762346 0.002000 0.141975
2 0.076000 0.827160 0.036000 0.061728
1 0.147000 0.799383 0.054000 0.216049
0 0.079000 0.114198 0.022000 0.104938
0 0.276000 0.373457 0.056000 0.117284
0 0.338000 0.216049 0.048000 0.086420
0 0.388000 0.240741 0.008000 0.098765
3 0.326000 0.552469 0.180000 0.018519
1 0.266000 0.740741 0.044000 0.160494
2 0.336000 0.753086 0.032000 0.012346
0 0.398000 0.771605 0.048000 0.123457
0 0.445000 0.663580 0.026000 0.129630
0 0.476000 0.716049 0.008000 0.098765
2 0.624000 0.509259 0.060000 0.092593
1 0.840000 0.475309 0.068000 0.271605
3 0.848000 0.654321 0.260000 0.012346
1 0.781000 0.830247 0.054000 0.216049
2 0.860000 0.842593 0.036000 0.018519
0 0.942000 0.827160 0.048000 0.111111