0 0.046000 0.567961 0.052000 0.631068
3 0.102000 0.533981 0.024000 0.737864
0 0.152000 0.519417 0.040000 0.495146
3 0.207000 0.718447 0.014000 0.155340
3 0.265000 0.461165 0.018000 0.533981
0 0.312000 0.446602 0.048000 0.485437
3 0.351000 0.480583 0.026000 0.572816
3 0.390000 0.475728 0.044000 0.757282
3 0.591000 0.412621 0.002000 0.592233
0 0.644000 0.441748 0.064000 0.320388
0 0.722000 0.373786 0.064000 0.514563
0 0.903000 0.383495 0.086000 0.339806
2 0.469000 0.466019 0.054000 0.097087
3 0.974000 0.359223 0.008000 0.504854