0 0.055000 0.491597 0.070000 0.361345
3 0.133000 0.487395 0.022000 0.352941
0 0.169000 0.563025 0.046000 0.151261
3 0.218000 0.638655 0.008000 0.100840
0 0.252000 0.516807 0.032000 0.159664
3 0.289000 0.483193 0.022000 0.361345
0 0.437000 0.462185 0.098000 0.403361
0 0.405000 0.789916 0.018000 0.084034
1 0.475000 0.764706 0.018000 0.084034
3 0.428000 0.163866 0.056000 0.075630
1 0.531000 0.449580 0.050000 0.226891
2 0.572000 0.365546 0.016000 0.008403
0 0.605000 0.348739 0.018000 0.075630
0 0.703000 0.319328 0.026000 0.235294
0 0.730000 0.315126 0.016000 0.075630
3 0.769000 0.239496 0.018000 0.277311
0 0.797000 0.252101 0.026000 0.134454
2 0.830000 0.256303 0.016000 0.008403
0 0.876000 0.235294 0.028000 0.100840
3 0.910000 0.218487 0.020000 0.268908
3 0.813000 0.495798 0.302000 0.050420
1 0.670000 0.743697 0.032000 0.226891
2 0.725000 0.743697 0.026000 0.126050
0 0.770000 0.789916 0.020000 0.235294
0 0.797000 0.773109 0.014000 0.067227
3 0.831000 0.718487 0.014000 0.260504
0 0.860000 0.739496 0.032000 0.117647
2 0.899000 0.735294 0.018000 0.008403
0 0.938000 0.710084 0.036000 0.109244
3 0.972000 0.668067 0.012000 0.226891
2 0.337000 0.575630 0.022000 0.092437
2 0.436000 0.798319 0.016000 0.067227