0 0.070000 0.456140 0.100000 0.508772
0 0.111000 0.688596 0.034000 0.149123
3 0.184000 0.429825 0.024000 0.491228
3 0.301000 0.377193 0.026000 0.473684
1 0.515000 0.245614 0.038000 0.315789
3 0.520000 0.583333 0.200000 0.026316
0 0.453000 0.828947 0.038000 0.149123
2 0.517000 0.807018 0.042000 0.157895
1 0.577000 0.815789 0.034000 0.192982
0 0.710000 0.399123 0.024000 0.096491
2 0.769000 0.495614 0.046000 0.166667
0 0.854000 0.460526 0.048000 0.289474
0 0.898000 0.513158 0.024000 0.166667
0 0.927000 0.438596 0.042000 0.298246
0 0.961000 0.513158 0.034000 0.149123
0 0.231000 0.552632 0.058000 0.157895
2 0.354000 0.530702 0.036000 0.114035
0 0.672000 0.513158 0.068000 0.166667