3 0.029000 0.372727 0.018000 0.436364
0 0.093000 0.440909 0.050000 0.154545
2 0.153000 0.422727 0.026000 0.009091
0 0.213000 0.222727 0.034000 0.245455
0 0.252000 0.313636 0.020000 0.081818
3 0.248000 0.440909 0.132000 0.045455
0 0.220000 0.700000 0.032000 0.200000
0 0.266000 0.722727 0.024000 0.081818
3 0.328000 0.463636 0.004000 0.600000
0 0.385000 0.450000 0.046000 0.372727
1 0.510000 0.177273 0.012000 0.172727
3 0.560000 0.390909 0.260000 0.072727
0 0.467000 0.704545 0.042000 0.263636
0 0.502000 0.763636 0.012000 0.109091
0 0.549000 0.713636 0.038000 0.300000
0 0.583000 0.777273 0.022000 0.081818
2 0.613000 0.781818 0.026000 0.072727
1 0.640000 0.790909 0.008000 0.072727
3 0.748000 0.372727 0.036000 0.309091
1 0.859000 0.190909 0.014000 0.181818
3 0.885000 0.395455 0.182000 0.063636
0 0.829000 0.763636 0.030000 0.290909
0 0.862000 0.795455 0.020000 0.100000
1 0.883000 0.536364 0.022000 0.109091