3 0.028000 0.463964 0.016000 0.459459
0 0.093000 0.346847 0.038000 0.153153
2 0.156000 0.364865 0.024000 0.009009
0 0.214000 0.288288 0.024000 0.180180
0 0.253000 0.301802 0.030000 0.081081
3 0.248000 0.427928 0.096000 0.099099
0 0.228000 0.662162 0.044000 0.225225
0 0.287000 0.671171 0.038000 0.063063
3 0.350000 0.391892 0.028000 0.495495
0 0.445000 0.346847 0.058000 0.261261
1 0.583000 0.243243 0.042000 0.216216
3 0.614000 0.409910 0.204000 0.081081
0 0.520000 0.693694 0.036000 0.270270
0 0.565000 0.779279 0.038000 0.099099
0 0.619000 0.689189 0.046000 0.279279
0 0.665000 0.774775 0.038000 0.090090
2 0.707000 0.725225 0.022000 0.135135
1 0.752000 0.639640 0.028000 0.162162
3 0.797000 0.288288 0.054000 0.306306
1 0.893000 0.198198 0.010000 0.216216
3 0.915000 0.414414 0.126000 0.072072
0 0.874000 0.765766 0.040000 0.288288
0 0.921000 0.860360 0.026000 0.099099
1 0.925000 0.558559 0.030000 0.126126