1 0.265000 0.475410 0.046000 0.295082
1 0.334000 0.528689 0.056000 0.303279
3 0.567000 0.450820 0.034000 0.475410
0 0.667000 0.241803 0.062000 0.286885
0 0.712000 0.360656 0.024000 0.114754
3 0.690000 0.540984 0.116000 0.032787
0 0.663000 0.762295 0.050000 0.229508
0 0.711000 0.844262 0.038000 0.131148
3 0.782000 0.467213 0.040000 0.770492
1 0.824000 0.155738 0.032000 0.131148
0 0.866000 0.516393 0.040000 0.262295
0 0.937000 0.463115 0.082000 0.270492
0 0.056000 0.372951 0.072000 0.500000
2 0.176000 0.536885 0.048000 0.122951
0 0.456000 0.540984 0.092000 0.442623