3 0.021000 0.350427 0.002000 0.478632
0 0.074000 0.461538 0.040000 0.136752
2 0.126000 0.491453 0.020000 0.008547
0 0.184000 0.465812 0.024000 0.247863
0 0.211000 0.504274 0.026000 0.085470
3 0.202000 0.628205 0.084000 0.008547
0 0.177000 0.790598 0.030000 0.179487
0 0.219000 0.769231 0.022000 0.102564
3 0.279000 0.410256 0.006000 0.547009
0 0.347000 0.371795 0.046000 0.213675
1 0.538000 0.235043 0.012000 0.230769
3 0.546000 0.461538 0.304000 0.017094
0 0.416000 0.713675 0.028000 0.247863
0 0.453000 0.777778 0.018000 0.085470
0 0.499000 0.752137 0.022000 0.239316
0 0.538000 0.777778 0.016000 0.085470
2 0.570000 0.790598 0.016000 0.076923
1 0.596000 0.773504 0.008000 0.111111
3 0.771000 0.401709 0.058000 0.427350
1 0.896000 0.239316 0.020000 0.307692
3 0.907000 0.474359 0.142000 0.025641
0 0.867000 0.769231 0.030000 0.273504
1 0.902000 0.611111 0.028000 0.094017
0 0.905000 0.829060 0.022000 0.085470