3 0.026000 0.529661 0.012000 0.635593
3 0.294000 0.538136 0.020000 0.584746
0 0.074000 0.478814 0.028000 0.211864
2 0.123000 0.487288 0.034000 0.008475
0 0.188000 0.351695 0.036000 0.296610
0 0.207000 0.461864 0.022000 0.093220
3 0.203000 0.572034 0.090000 0.042373
0 0.182000 0.792373 0.028000 0.245763
0 0.228000 0.805085 0.020000 0.084746
0 0.384000 0.478814 0.084000 0.313559
1 0.539000 0.237288 0.046000 0.203390
3 0.559000 0.398305 0.234000 0.050847
0 0.462000 0.644068 0.032000 0.271186
0 0.481000 0.813559 0.014000 0.067797
0 0.520000 0.652542 0.032000 0.271186
0 0.531000 0.847458 0.018000 0.084746
2 0.574000 0.661017 0.032000 0.152542
1 0.630000 0.665254 0.036000 0.194915
3 0.733000 0.385593 0.050000 0.245763
1 0.866000 0.169492 0.004000 0.169492
3 0.889000 0.351695 0.178000 0.008475
0 0.837000 0.656780 0.038000 0.313559
0 0.863000 0.809322 0.026000 0.110169
1 0.884000 0.491525 0.028000 0.152542