0 0.043000 0.445205 0.046000 0.616438
0 0.106000 0.547945 0.040000 0.301370
1 0.156000 0.287671 0.032000 0.191781
0 0.314000 0.520548 0.056000 0.493151
0 0.371000 0.636986 0.030000 0.260274
1 0.420000 0.431507 0.028000 0.178082
2 0.467000 0.698630 0.034000 0.273973
0 0.534000 0.630137 0.028000 0.273973
1 0.580000 0.397260 0.020000 0.164384
0 0.636000 0.623288 0.036000 0.452055
0 0.687000 0.547945 0.042000 0.520548
1 0.739000 0.267123 0.026000 0.150685
2 0.783000 0.616438 0.030000 0.301370
0 0.864000 0.534247 0.056000 0.465753
0 0.917000 0.575342 0.042000 0.273973
1 0.965000 0.349315 0.026000 0.178082
2 0.223000 0.630137 0.042000 0.191781