0 0.069000 0.369565 0.034000 0.286957
2 0.129000 0.378261 0.022000 0.008696
0 0.195000 0.308696 0.030000 0.200000
0 0.222000 0.400000 0.024000 0.086957
0 0.203000 0.673913 0.030000 0.217391
0 0.238000 0.730435 0.024000 0.086957
3 0.285000 0.447826 0.002000 0.721739
3 0.021000 0.447826 0.002000 0.721739
0 0.363000 0.400000 0.038000 0.226087
1 0.557000 0.191304 0.002000 0.191304
3 0.568000 0.439130 0.276000 0.026087
0 0.487000 0.743478 0.026000 0.304348
0 0.524000 0.813043 0.024000 0.095652
0 0.580000 0.734783 0.028000 0.269565
0 0.612000 0.826087 0.020000 0.086957
2 0.646000 0.826087 0.024000 0.121739
1 0.677000 0.821739 0.002000 0.113043
3 0.793000 0.400000 0.054000 0.278261
1 0.926000 0.278261 0.004000 0.208696
3 0.922000 0.452174 0.112000 0.017391
0 0.932000 0.873913 0.024000 0.078261
1 0.951000 0.608696 0.030000 0.121739
0 0.896000 0.717391 0.024000 0.339130