0 0.046000 0.483607 0.052000 0.491803
0 0.220000 0.557377 0.044000 0.196721
0 0.296000 0.475410 0.044000 0.295082
1 0.339000 0.176230 0.050000 0.155738
0 0.399000 0.565574 0.094000 0.245902
3 0.498000 0.557377 0.048000 0.704918
3 0.613000 0.536885 0.046000 0.762295
3 0.843000 0.467213 0.022000 0.573770
0 0.900000 0.262295 0.036000 0.262295
3 0.908000 0.463115 0.072000 0.024590
1 0.913000 0.622951 0.050000 0.163934
3 0.960000 0.397541 0.036000 0.631148
2 0.135000 0.594262 0.062000 0.106557
3 0.547000 0.561475 0.114000 0.040984
1 0.556000 0.729508 0.056000 0.229508
0 0.738000 0.475410 0.136000 0.262295
0 0.547000 0.340164 0.042000 0.286885