3 0.141000 0.577982 0.026000 0.550459
3 0.213000 0.623853 0.030000 0.550459
3 0.476000 0.403670 0.112000 0.623853
1 0.494000 0.495413 0.044000 0.275229
3 0.673000 0.541284 0.034000 0.568807
0 0.708000 0.559633 0.056000 0.201835
2 0.821000 0.596330 0.042000 0.165138
0 0.909000 0.582569 0.074000 0.541284
3 0.959000 0.541284 0.038000 0.568807
0 0.063000 0.564220 0.086000 0.394495
0 0.591000 0.550459 0.086000 0.256881
0 0.378000 0.536697 0.056000 0.376147
2 0.293000 0.614679 0.062000 0.110092
0 0.180000 0.582569 0.052000 0.321101
0 0.763000 0.490826 0.026000 0.357798