0 0.288000 0.345238 0.052000 0.261905
0 0.451000 0.313492 0.070000 0.261905
3 0.380000 0.543651 0.208000 0.055556
0 0.386000 0.785714 0.060000 0.269841
3 0.767000 0.265873 0.334000 0.373016
3 0.662000 0.309524 0.020000 0.222222
0 0.689000 0.309524 0.038000 0.142857
0 0.775000 0.293651 0.026000 0.142857
3 0.797000 0.293651 0.026000 0.206349
1 0.824000 0.170635 0.020000 0.087302
2 0.847000 0.333333 0.026000 0.079365
1 0.878000 0.277778 0.020000 0.126984
0 0.894000 0.369048 0.028000 0.182540
1 0.947000 0.345238 0.014000 0.055556
0 0.818000 0.757937 0.056000 0.325397
0 0.076000 0.412698 0.112000 0.523810
2 0.196000 0.611111 0.084000 0.095238
0 0.369000 0.341270 0.094000 0.253968
0 0.529000 0.452381 0.058000 0.206349
0 0.738000 0.289683 0.056000 0.150794
0 0.930000 0.380952 0.024000 0.238095
3 0.798000 0.515873 0.360000 0.063492