3 0.024000 0.595745 0.008000 0.531915
3 0.074000 0.601064 0.008000 0.585106
0 0.172000 0.569149 0.088000 0.351064
2 0.263000 0.558511 0.074000 0.223404
3 0.392000 0.547872 0.008000 0.648936
3 0.422000 0.505319 0.008000 0.542553
1 0.454000 0.175532 0.024000 0.138298
3 0.558000 0.489362 0.004000 0.574468
3 0.590000 0.489362 0.004000 0.446809
0 0.642000 0.510638 0.028000 0.234043
3 0.684000 0.446809 0.012000 0.510638
3 0.712000 0.452128 0.012000 0.436170
1 0.728000 0.191489 0.020000 0.106383
2 0.755000 0.484043 0.050000 0.223404
3 0.799000 0.468085 0.010000 0.489362
3 0.830000 0.484043 0.008000 0.436170
3 0.913000 0.537234 0.014000 0.478723
3 0.944000 0.526596 0.016000 0.414894
1 0.963000 0.276596 0.026000 0.170213
0 0.329000 0.601064 0.074000 0.500000
2 0.482000 0.563830 0.072000 0.127660
0 0.872000 0.531915 0.040000 0.382979