1 0.030000 0.402344 0.020000 0.273438
2 0.106000 0.425781 0.052000 0.164062
1 0.191000 0.394531 0.058000 0.320312
2 0.260000 0.421875 0.044000 0.171875
0 0.349000 0.460938 0.054000 0.031250
2 0.439000 0.425781 0.042000 0.289062
0 0.514000 0.492188 0.028000 0.156250
2 0.600000 0.453125 0.040000 0.078125
0 0.700000 0.375000 0.036000 0.156250
3 0.774000 0.281250 0.020000 0.359375
0 0.813000 0.371094 0.034000 0.132812
2 0.856000 0.363281 0.036000 0.132812
1 0.903000 0.312500 0.018000 0.234375
3 0.935000 0.289062 0.018000 0.421875
3 0.813000 0.535156 0.326000 0.054688
1 0.800000 0.796875 0.048000 0.250000