1 0.038000 0.416667 0.036000 0.271930
2 0.119000 0.434211 0.038000 0.219298
1 0.201000 0.421053 0.046000 0.228070
2 0.276000 0.416667 0.048000 0.236842
0 0.367000 0.473684 0.034000 0.017544
2 0.449000 0.447368 0.042000 0.228070
0 0.534000 0.482456 0.056000 0.192982
2 0.608000 0.513158 0.040000 0.078947
0 0.694000 0.403509 0.056000 0.228070
3 0.767000 0.337719 0.018000 0.394737
0 0.817000 0.394737 0.030000 0.175439
2 0.865000 0.399123 0.030000 0.166667
1 0.901000 0.407895 0.022000 0.149123
3 0.943000 0.350877 0.022000 0.526316
3 0.829000 0.618421 0.298000 0.026316
1 0.840000 0.785088 0.060000 0.236842