1 0.035000 0.372881 0.030000 0.237288
2 0.100000 0.364407 0.024000 0.152542
1 0.167000 0.338983 0.034000 0.271186
2 0.232000 0.355932 0.028000 0.118644
0 0.344000 0.398305 0.060000 0.016949
2 0.434000 0.343220 0.032000 0.194915
0 0.504000 0.491525 0.032000 0.406780
2 0.585000 0.368644 0.026000 0.059322
0 0.664000 0.283898 0.028000 0.296610
3 0.722000 0.233051 0.012000 0.296610
0 0.770000 0.296610 0.024000 0.254237
2 0.823000 0.262712 0.026000 0.135593
1 0.884000 0.275424 0.020000 0.177966
3 0.928000 0.275424 0.012000 0.313559
3 0.807000 0.538136 0.342000 0.025424
1 0.813000 0.766949 0.054000 0.279661