1 0.035000 0.431034 0.030000 0.287356
2 0.110000 0.425287 0.040000 0.252874
1 0.184000 0.402299 0.048000 0.275862
2 0.258000 0.436782 0.044000 0.252874
0 0.397000 0.545977 0.098000 0.011494
2 0.518000 0.459770 0.052000 0.252874
0 0.601000 0.436782 0.042000 0.252874
2 0.670000 0.500000 0.044000 0.126437
3 0.845000 0.517241 0.266000 0.022989
0 0.749000 0.293103 0.030000 0.172414
3 0.801000 0.281609 0.018000 0.287356
0 0.824000 0.321839 0.028000 0.229885
2 0.886000 0.344828 0.044000 0.252874
1 0.926000 0.333333 0.004000 0.206897
3 0.940000 0.304598 0.020000 0.379310
1 0.833000 0.752874 0.046000 0.241379