1 0.029000 0.426606 0.018000 0.339450
2 0.100000 0.472477 0.036000 0.192661
1 0.179000 0.412844 0.050000 0.256881
2 0.258000 0.444954 0.036000 0.192661
0 0.344000 0.449541 0.044000 0.018349
2 0.431000 0.440367 0.034000 0.201835
0 0.515000 0.467890 0.030000 0.146789
2 0.611000 0.454128 0.046000 0.100917
0 0.704000 0.325688 0.040000 0.155963
3 0.759000 0.275229 0.018000 0.366972
0 0.800000 0.348624 0.024000 0.146789
2 0.852000 0.339450 0.028000 0.128440
1 0.906000 0.302752 0.008000 0.165138
3 0.935000 0.284404 0.010000 0.311927
3 0.824000 0.536697 0.304000 0.027523
1 0.798000 0.788991 0.060000 0.238532