1 0.034000 0.430851 0.028000 0.308511
2 0.092000 0.452128 0.024000 0.159574
1 0.164000 0.446809 0.040000 0.276596
2 0.239000 0.452128 0.034000 0.180851
0 0.334000 0.473404 0.040000 0.031915
2 0.421000 0.409574 0.030000 0.202128
0 0.499000 0.430851 0.050000 0.159574
2 0.607000 0.457447 0.034000 0.085106
0 0.717000 0.329787 0.050000 0.170213
3 0.781000 0.260638 0.018000 0.265957
0 0.829000 0.308511 0.034000 0.148936
2 0.885000 0.303191 0.026000 0.180851
1 0.936000 0.255319 0.016000 0.212766
3 0.973000 0.250000 0.010000 0.287234
3 0.836000 0.553191 0.284000 0.063830
1 0.821000 0.787234 0.050000 0.191489