1 0.060000 0.397810 0.004000 0.182482
3 0.058000 0.562044 0.076000 0.029197
1 0.057000 0.788321 0.038000 0.262774
2 0.152000 0.518248 0.044000 0.204380
3 0.228000 0.525547 0.028000 0.598540
1 0.293000 0.708029 0.026000 0.218978
1 0.292000 0.375912 0.004000 0.167883
3 0.285000 0.529197 0.074000 0.036496
3 0.350000 0.485401 0.020000 0.518248
1 0.385000 0.171533 0.034000 0.109489
2 0.433000 0.492701 0.058000 0.211679
3 0.493000 0.467153 0.022000 0.540146
1 0.544000 0.346715 0.008000 0.109489
3 0.542000 0.503650 0.072000 0.058394
1 0.533000 0.726277 0.030000 0.197080
3 0.594000 0.452555 0.024000 0.540146
1 0.635000 0.138686 0.026000 0.131387
2 0.673000 0.470803 0.058000 0.211679
0 0.776000 0.485401 0.052000 0.021898
2 0.855000 0.481752 0.038000 0.072993
1 0.926000 0.372263 0.004000 0.175182
3 0.939000 0.547445 0.078000 0.029197
1 0.938000 0.740876 0.032000 0.138686