1 0.061000 0.681208 0.030000 0.221477
2 0.169000 0.466443 0.038000 0.140940
3 0.247000 0.506711 0.022000 0.691275
1 0.294000 0.268456 0.016000 0.201342
3 0.288000 0.463087 0.056000 0.013423
1 0.282000 0.677852 0.032000 0.214765
3 0.336000 0.510067 0.020000 0.671141
1 0.384000 0.184564 0.036000 0.154362
2 0.440000 0.486577 0.036000 0.154362
3 0.494000 0.540268 0.024000 0.771812
1 0.548000 0.278523 0.016000 0.194631
3 0.543000 0.479866 0.062000 0.006711
1 0.537000 0.718121 0.030000 0.241611
3 0.590000 0.550336 0.020000 0.738255
1 0.632000 0.147651 0.020000 0.161074
2 0.667000 0.479866 0.038000 0.154362
0 0.760000 0.523490 0.040000 0.013423
2 0.840000 0.489933 0.044000 0.040268
1 0.931000 0.359060 0.014000 0.208054
1 0.933000 0.798658 0.022000 0.201342
1 0.059000 0.308725 0.014000 0.281879
3 0.060000 0.503356 0.080000 0.013423