1 0.054000 0.393443 0.028000 0.229508
3 0.057000 0.557377 0.074000 0.016393
1 0.060000 0.745902 0.028000 0.229508
2 0.149000 0.528689 0.050000 0.188525
3 0.230000 0.569672 0.028000 0.680328
1 0.292000 0.381148 0.024000 0.188525
3 0.294000 0.549180 0.064000 0.016393
1 0.290000 0.762295 0.028000 0.213115
3 0.336000 0.569672 0.032000 0.631148
1 0.387000 0.200820 0.026000 0.122951
2 0.431000 0.569672 0.034000 0.172131
3 0.518000 0.549180 0.028000 0.672131
1 0.576000 0.323770 0.024000 0.172131
3 0.572000 0.500000 0.064000 0.016393
1 0.568000 0.717213 0.028000 0.254098
3 0.628000 0.536885 0.032000 0.647541
1 0.675000 0.155738 0.022000 0.147541
2 0.698000 0.532787 0.032000 0.196721
2 0.863000 0.569672 0.034000 0.090164
1 0.936000 0.500000 0.020000 0.180328
3 0.936000 0.643443 0.084000 0.008197
1 0.936000 0.811475 0.032000 0.147541