1 0.045000 0.382883 0.002000 0.189189
3 0.049000 0.500000 0.058000 0.027027
1 0.052000 0.698198 0.040000 0.207207
2 0.141000 0.441441 0.038000 0.198198
3 0.212000 0.518018 0.016000 0.603604
3 0.288000 0.500000 0.096000 0.027027
1 0.272000 0.369369 0.004000 0.144144
1 0.273000 0.693694 0.050000 0.180180
3 0.352000 0.495495 0.024000 0.558559
1 0.379000 0.139640 0.022000 0.099099
2 0.413000 0.414414 0.046000 0.216216
3 0.457000 0.545045 0.022000 0.657658
1 0.515000 0.387387 0.006000 0.180180
3 0.520000 0.545045 0.072000 0.027027
1 0.513000 0.801802 0.046000 0.216216
3 0.580000 0.567568 0.028000 0.648649
1 0.607000 0.198198 0.018000 0.090090
2 0.660000 0.459459 0.040000 0.180180
0 0.752000 0.486486 0.072000 0.018018
2 0.847000 0.436937 0.042000 0.063063
3 0.929000 0.454955 0.094000 0.027027
1 0.917000 0.315315 0.006000 0.162162
1 0.908000 0.639640 0.032000 0.144144