1 0.068000 0.739130 0.040000 0.188406
1 0.066000 0.355072 0.008000 0.188406
3 0.067000 0.528986 0.094000 0.014493
2 0.158000 0.525362 0.036000 0.181159
3 0.220000 0.532609 0.028000 0.789855
1 0.287000 0.318841 0.006000 0.159420
3 0.287000 0.481884 0.054000 0.021739
1 0.281000 0.681159 0.034000 0.188406
3 0.335000 0.539855 0.038000 0.775362
1 0.386000 0.155797 0.032000 0.166667
2 0.420000 0.539855 0.032000 0.181159
3 0.478000 0.485507 0.032000 0.811594
1 0.547000 0.289855 0.006000 0.159420
3 0.549000 0.460145 0.066000 0.021739
1 0.553000 0.659420 0.042000 0.202899
3 0.598000 0.481884 0.040000 0.775362
1 0.648000 0.166667 0.032000 0.173913
2 0.688000 0.474638 0.036000 0.195652
0 0.765000 0.532609 0.046000 0.007246
2 0.849000 0.481884 0.046000 0.094203
1 0.941000 0.315217 0.010000 0.195652
3 0.941000 0.496377 0.074000 0.021739
1 0.945000 0.677536 0.042000 0.152174