1 0.038000 0.804878 0.016000 0.227642
2 0.130000 0.544715 0.040000 0.243902
3 0.253000 0.552846 0.030000 0.601626
1 0.399000 0.154472 0.030000 0.146341
3 0.612000 0.455285 0.072000 0.032520
1 0.606000 0.670732 0.024000 0.186992
3 0.667000 0.500000 0.022000 0.528455
1 0.694000 0.186992 0.024000 0.211382
2 0.716000 0.536585 0.028000 0.211382
0 0.776000 0.617886 0.040000 0.016260
2 0.857000 0.565041 0.038000 0.089431
1 0.947000 0.308943 0.006000 0.178862
3 0.942000 0.532520 0.072000 0.008130
1 0.945000 0.752033 0.030000 0.203252
2 0.425000 0.483740 0.038000 0.219512
3 0.517000 0.471545 0.026000 0.552846
1 0.597000 0.280488 0.006000 0.186992
1 0.040000 0.276423 0.004000 0.130081
3 0.040000 0.512195 0.040000 0.048780
1 0.298000 0.382114 0.008000 0.146341
3 0.299000 0.528455 0.042000 0.016260
1 0.307000 0.703252 0.030000 0.203252
3 0.338000 0.512195 0.028000 0.552846