1 0.050000 0.316038 0.004000 0.179245
3 0.056000 0.471698 0.072000 0.018868
1 0.056000 0.665094 0.028000 0.216981
2 0.147000 0.462264 0.030000 0.169811
3 0.200000 0.504717 0.020000 0.632075
1 0.264000 0.358491 0.004000 0.188679
3 0.269000 0.528302 0.058000 0.018868
1 0.271000 0.702830 0.022000 0.179245
3 0.316000 0.533019 0.020000 0.632075
1 0.351000 0.193396 0.026000 0.141509
2 0.384000 0.462264 0.032000 0.188679
1 0.478000 0.325472 0.004000 0.198113
1 0.481000 0.679245 0.022000 0.188679
3 0.525000 0.518868 0.018000 0.679245
3 0.437000 0.547170 0.018000 0.698113
1 0.564000 0.174528 0.024000 0.160377
2 0.606000 0.500000 0.036000 0.207547
2 0.792000 0.533019 0.044000 0.122642
1 0.921000 0.301887 0.002000 0.226415
3 0.931000 0.500000 0.094000 0.018868
1 0.933000 0.702830 0.042000 0.198113