0 0.046000 0.500000 0.052000 0.756098
3 0.109000 0.469512 0.030000 0.402439
0 0.146000 0.554878 0.028000 0.182927
3 0.180000 0.530488 0.024000 0.451220
2 0.236000 0.567073 0.044000 0.134146
0 0.310000 0.554878 0.048000 0.182927
0 0.341000 0.664634 0.022000 0.182927
0 0.378000 0.542683 0.036000 0.207317
0 0.407000 0.390244 0.022000 0.146341
2 0.445000 0.548780 0.034000 0.219512
0 0.508000 0.585366 0.036000 0.146341
0 0.537000 0.707317 0.022000 0.146341
2 0.568000 0.725610 0.024000 0.012195
1 0.596000 0.743902 0.004000 0.146341
0 0.591000 0.554878 0.030000 0.182927
0 0.618000 0.384146 0.024000 0.109756
2 0.651000 0.384146 0.014000 0.012195
2 0.659000 0.609756 0.034000 0.195122
0 0.723000 0.603659 0.038000 0.012195
2 0.776000 0.560976 0.028000 0.219512
0 0.828000 0.579268 0.036000 0.134146
1 0.851000 0.689024 0.002000 0.109756
0 0.871000 0.573171 0.030000 0.170732
2 0.909000 0.579268 0.026000 0.207317
0 0.951000 0.591463 0.026000 0.134146
1 0.971000 0.719512 0.014000 0.097561