0 0.038000 0.537313 0.036000 0.597015
3 0.086000 0.358209 0.012000 0.417910
0 0.119000 0.380597 0.030000 0.164179
3 0.153000 0.395522 0.014000 0.492537
2 0.202000 0.410448 0.024000 0.134328
0 0.255000 0.462687 0.034000 0.208955
0 0.289000 0.611940 0.014000 0.149254
0 0.339000 0.455224 0.038000 0.194030
0 0.373000 0.253731 0.018000 0.179104
2 0.400000 0.447761 0.016000 0.208955
0 0.448000 0.470149 0.032000 0.223881
0 0.480000 0.634328 0.016000 0.134328
1 0.523000 0.634328 0.010000 0.194030
0 0.567000 0.455224 0.034000 0.164179
0 0.599000 0.276119 0.014000 0.164179
2 0.621000 0.261194 0.014000 0.014925
1 0.641000 0.253731 0.002000 0.149254
2 0.661000 0.485075 0.018000 0.223881
0 0.817000 0.522388 0.026000 0.208955
1 0.836000 0.671642 0.004000 0.119403
0 0.868000 0.552239 0.028000 0.208955
2 0.905000 0.559701 0.022000 0.194030
0 0.945000 0.582090 0.022000 0.179104
1 0.971000 0.686567 0.014000 0.089552
2 0.758000 0.537313 0.024000 0.208955