0 0.029000 0.450000 0.018000 0.566667
3 0.078000 0.508333 0.012000 0.583333
0 0.112000 0.533333 0.024000 0.266667
3 0.139000 0.508333 0.014000 0.583333
2 0.183000 0.483333 0.026000 0.133333
0 0.237000 0.566667 0.030000 0.200000
0 0.277000 0.666667 0.014000 0.133333
0 0.320000 0.558333 0.024000 0.216667
0 0.348000 0.350000 0.012000 0.133333
2 0.385000 0.600000 0.022000 0.166667
0 0.441000 0.616667 0.030000 0.233333
0 0.471000 0.741667 0.010000 0.116667
1 0.513000 0.741667 0.006000 0.150000
0 0.542000 0.608333 0.020000 0.216667
0 0.567000 0.408333 0.014000 0.150000
1 0.610000 0.375000 0.008000 0.216667
2 0.631000 0.666667 0.018000 0.166667
0 0.686000 0.691667 0.032000 0.016667
2 0.742000 0.650000 0.016000 0.166667
0 0.790000 0.625000 0.020000 0.216667
1 0.813000 0.708333 0.010000 0.183333
0 0.853000 0.650000 0.018000 0.166667
2 0.898000 0.675000 0.016000 0.150000
0 0.950000 0.625000 0.024000 0.216667
1 0.972000 0.750000 0.012000 0.100000