0 0.049000 0.487500 0.058000 0.725000
3 0.101000 0.556250 0.006000 0.287500
0 0.140000 0.568750 0.028000 0.162500
3 0.161000 0.581250 0.010000 0.362500
2 0.202000 0.625000 0.036000 0.100000
0 0.259000 0.612500 0.022000 0.175000
0 0.289000 0.675000 0.018000 0.100000
0 0.341000 0.543750 0.038000 0.212500
0 0.371000 0.325000 0.018000 0.125000
2 0.406000 0.618750 0.032000 0.162500
0 0.441000 0.643750 0.022000 0.187500
0 0.469000 0.768750 0.014000 0.137500
1 0.512000 0.756250 0.012000 0.237500
0 0.548000 0.525000 0.036000 0.175000
0 0.572000 0.337500 0.016000 0.100000
2 0.591000 0.331250 0.014000 0.012500
1 0.611000 0.325000 0.006000 0.125000
2 0.606000 0.718750 0.032000 0.162500
0 0.669000 0.700000 0.042000 0.025000
0 0.765000 0.675000 0.026000 0.175000
1 0.789000 0.812500 0.006000 0.100000
0 0.821000 0.650000 0.026000 0.200000
2 0.886000 0.656250 0.028000 0.187500
0 0.942000 0.650000 0.020000 0.200000
1 0.969000 0.762500 0.018000 0.100000
2 0.707000 0.668750 0.018000 0.212500