0 0.034000 0.525974 0.028000 0.662338
3 0.078000 0.454545 0.016000 0.389610
0 0.109000 0.512987 0.026000 0.168831
3 0.141000 0.461039 0.014000 0.428571
2 0.188000 0.500000 0.028000 0.090909
0 0.252000 0.448052 0.024000 0.220779
0 0.283000 0.610390 0.022000 0.129870
0 0.331000 0.428571 0.034000 0.233766
0 0.359000 0.240260 0.022000 0.116883
2 0.399000 0.474026 0.030000 0.168831
0 0.449000 0.474026 0.026000 0.246753
0 0.483000 0.610390 0.018000 0.155844
2 0.509000 0.629870 0.018000 0.012987
1 0.533000 0.623377 0.002000 0.155844
0 0.561000 0.422078 0.026000 0.246753
0 0.583000 0.194805 0.014000 0.129870
1 0.622000 0.194805 0.004000 0.129870
2 0.639000 0.519481 0.030000 0.207792
0 0.691000 0.512987 0.030000 0.038961
2 0.742000 0.512987 0.028000 0.194805
0 0.790000 0.506494 0.020000 0.259740
1 0.813000 0.623377 0.006000 0.129870
0 0.850000 0.493506 0.028000 0.207792
2 0.899000 0.512987 0.022000 0.194805
0 0.945000 0.480519 0.022000 0.259740
1 0.972000 0.610390 0.012000 0.103896