0 0.030000 0.453125 0.020000 0.468750
3 0.063000 0.437500 0.014000 0.531250
0 0.091000 0.578125 0.030000 0.156250
3 0.119000 0.445312 0.014000 0.578125
2 0.158000 0.437500 0.024000 0.093750
0 0.205000 0.546875 0.038000 0.187500
0 0.234000 0.718750 0.012000 0.156250
0 0.265000 0.578125 0.026000 0.156250
0 0.288000 0.421875 0.016000 0.125000
2 0.338000 0.539062 0.028000 0.234375
0 0.396000 0.593750 0.028000 0.187500
0 0.426000 0.742188 0.012000 0.140625
2 0.447000 0.757812 0.006000 0.015625
1 0.464000 0.757812 0.008000 0.171875
0 0.501000 0.578125 0.034000 0.218750
0 0.529000 0.375000 0.014000 0.156250
1 0.572000 0.351562 0.008000 0.203125
2 0.604000 0.585938 0.024000 0.203125
0 0.666000 0.671875 0.048000 0.031250
2 0.740000 0.585938 0.032000 0.328125
0 0.792000 0.609375 0.028000 0.156250
1 0.812000 0.734375 0.008000 0.125000
0 0.841000 0.609375 0.030000 0.156250
2 0.888000 0.601562 0.020000 0.203125
0 0.952000 0.617188 0.040000 0.234375
1 0.972000 0.789062 0.012000 0.078125