0 0.027000 0.449153 0.014000 0.559322
3 0.055000 0.466102 0.006000 0.525424
0 0.084000 0.508475 0.020000 0.237288
3 0.110000 0.474576 0.008000 0.542373
2 0.152000 0.542373 0.024000 0.101695
0 0.206000 0.533898 0.028000 0.186441
0 0.235000 0.754237 0.026000 0.118644
0 0.265000 0.559322 0.022000 0.203390
0 0.290000 0.381356 0.020000 0.118644
2 0.332000 0.533898 0.020000 0.220339
0 0.388000 0.567797 0.028000 0.186441
0 0.416000 0.779661 0.024000 0.101695
2 0.443000 0.771186 0.010000 0.016949
1 0.461000 0.771186 0.002000 0.118644
0 0.494000 0.576271 0.024000 0.237288
0 0.524000 0.338983 0.024000 0.101695
1 0.567000 0.330508 0.002000 0.118644
2 0.598000 0.576271 0.028000 0.203390
0 0.655000 0.567797 0.030000 0.016949
2 0.718000 0.525424 0.024000 0.237288
0 0.783000 0.559322 0.026000 0.169492
1 0.803000 0.652542 0.002000 0.118644
0 0.832000 0.508475 0.020000 0.169492
2 0.896000 0.516949 0.028000 0.186441
0 0.950000 0.550847 0.028000 0.152542
1 0.972000 0.661017 0.012000 0.101695