3 0.035000 0.618280 0.030000 0.526882
3 0.413000 0.634409 0.038000 0.172043
3 0.503000 0.623656 0.042000 0.365591
3 0.625000 0.693548 0.138000 0.204301
3 0.725000 0.612903 0.026000 0.408602
3 0.774000 0.650538 0.036000 0.182796
3 0.809000 0.586022 0.026000 0.462366
3 0.137000 0.612903 0.118000 0.365591
3 0.866000 0.381720 0.040000 0.139785
3 0.914000 0.526882 0.028000 0.537634
3 0.959000 0.241935 0.038000 0.268817
3 0.233000 0.666667 0.018000 0.344086
3 0.281000 0.672043 0.038000 0.182796
3 0.317000 0.607527 0.018000 0.440860
3 0.356000 0.408602 0.036000 0.172043