3 0.059000 0.472028 0.078000 0.804196
3 0.773000 0.734266 0.030000 0.167832
3 0.816000 0.639860 0.048000 0.356643
3 0.866000 0.681818 0.032000 0.496503
3 0.919000 0.730769 0.066000 0.188811
3 0.966000 0.667832 0.024000 0.482517
3 0.189000 0.720280 0.054000 0.251748
3 0.254000 0.353147 0.044000 0.020979
3 0.320000 0.342657 0.068000 0.181818
3 0.380000 0.174825 0.044000 0.167832
3 0.454000 0.608392 0.068000 0.475524
3 0.532000 0.748252 0.064000 0.251748
3 0.632000 0.688811 0.044000 0.076923
3 0.723000 0.723776 0.046000 0.188811