3 0.053000 0.429379 0.066000 0.745763
3 0.619000 0.299435 0.006000 0.259887
3 0.491000 0.519774 0.570000 0.033898
3 0.493000 0.751412 0.662000 0.338983
3 0.294000 0.861582 0.128000 0.129944
3 0.368000 0.757062 0.028000 0.112994
3 0.418000 0.810734 0.028000 0.254237
3 0.457000 0.858757 0.042000 0.112994
3 0.291000 0.319209 0.130000 0.197740
3 0.493000 0.807910 0.018000 0.225989
3 0.547000 0.841808 0.038000 0.112994
3 0.654000 0.822034 0.140000 0.175141
3 0.754000 0.819209 0.024000 0.237288
3 0.785000 0.858757 0.038000 0.101695
3 0.819000 0.822034 0.026000 0.186441
3 0.877000 0.384181 0.054000 0.259887
3 0.950000 0.449153 0.056000 0.163842
3 0.391000 0.302260 0.030000 0.288136
3 0.439000 0.355932 0.046000 0.124294
3 0.476000 0.307910 0.036000 0.276836
3 0.539000 0.344633 0.050000 0.169492