3 0.241000 0.263359 0.418000 0.374046
3 0.437000 0.305344 0.034000 0.198473
3 0.473000 0.320611 0.022000 0.290076
3 0.249000 0.549618 0.458000 0.030534
3 0.249000 0.812977 0.062000 0.206107
3 0.565000 0.557252 0.050000 0.091603
3 0.705000 0.583969 0.146000 0.175573
3 0.113000 0.282443 0.034000 0.213740
3 0.824000 0.553435 0.024000 0.358779
3 0.867000 0.572519 0.038000 0.213740
3 0.924000 0.561069 0.048000 0.221374
3 0.964000 0.572519 0.028000 0.381679
3 0.189000 0.301527 0.038000 0.114504
3 0.287000 0.339695 0.110000 0.175573
3 0.367000 0.206107 0.026000 0.091603
3 0.402000 0.305344 0.024000 0.274809