3 0.053000 0.583333 0.066000 0.527778
3 0.488000 0.520833 0.020000 0.513889
3 0.525000 0.548611 0.046000 0.430556
3 0.593000 0.513889 0.062000 0.388889
3 0.674000 0.500000 0.052000 0.500000
3 0.744000 0.479167 0.044000 0.319444
3 0.810000 0.458333 0.016000 0.472222
3 0.860000 0.451389 0.040000 0.375000
3 0.915000 0.416667 0.038000 0.416667
3 0.968000 0.472222 0.020000 0.666667
3 0.124000 0.395833 0.024000 0.291667
3 0.163000 0.659722 0.042000 0.319444
3 0.231000 0.597222 0.022000 0.472222
3 0.274000 0.541667 0.040000 0.500000
3 0.326000 0.555556 0.044000 0.500000
3 0.380000 0.277778 0.024000 0.194444
3 0.431000 0.562500 0.042000 0.013889