3 0.053000 0.509524 0.066000 0.638095
3 0.280000 0.566667 0.036000 0.371429
3 0.356000 0.514286 0.056000 0.533333
3 0.419000 0.304762 0.038000 0.209524
3 0.466000 0.580952 0.036000 0.019048
3 0.533000 0.519048 0.026000 0.409524
3 0.566000 0.495238 0.028000 0.342857
3 0.628000 0.528571 0.048000 0.257143
3 0.677000 0.471429 0.058000 0.580952
3 0.756000 0.547619 0.040000 0.276190
3 0.098000 0.276190 0.028000 0.361905
3 0.806000 0.566667 0.032000 0.352381
3 0.852000 0.590476 0.048000 0.380952
3 0.907000 0.528571 0.058000 0.295238
3 0.941000 0.628571 0.074000 0.552381
3 0.169000 0.619048 0.034000 0.209524
3 0.236000 0.585714 0.016000 0.352381