3 0.075000 0.528846 0.110000 0.730769
3 0.578000 0.610577 0.068000 0.105769
3 0.684000 0.644231 0.064000 0.307692
3 0.735000 0.615385 0.014000 0.230769
3 0.785000 0.557692 0.062000 0.442308
3 0.864000 0.581731 0.032000 0.394231
3 0.921000 0.629808 0.058000 0.317308
3 0.966000 0.610577 0.024000 0.471154
3 0.164000 0.677885 0.064000 0.355769
3 0.222000 0.317308 0.036000 0.038462
3 0.281000 0.302885 0.054000 0.259615
3 0.324000 0.153846 0.028000 0.115385
3 0.383000 0.533654 0.054000 0.432692
3 0.460000 0.610577 0.056000 0.298077