3 0.071000 0.496644 0.102000 0.859060
3 0.500000 0.325503 0.048000 0.140940
3 0.588000 0.305369 0.060000 0.288591
3 0.460000 0.520134 0.712000 0.020134
3 0.414000 0.741611 0.596000 0.369128
3 0.235000 0.808725 0.110000 0.154362
3 0.314000 0.687919 0.020000 0.100671
3 0.352000 0.778523 0.016000 0.201342
3 0.246000 0.281879 0.116000 0.241611
3 0.383000 0.798658 0.038000 0.134228
3 0.424000 0.765101 0.020000 0.228188
3 0.474000 0.778523 0.040000 0.093960
3 0.561000 0.748322 0.098000 0.221477
3 0.649000 0.771812 0.022000 0.214765
3 0.682000 0.798658 0.048000 0.134228
3 0.720000 0.771812 0.028000 0.241611
3 0.878000 0.489933 0.036000 0.281879
3 0.945000 0.553691 0.066000 0.181208
3 0.342000 0.268456 0.028000 0.255034
3 0.380000 0.308725 0.048000 0.147651
3 0.433000 0.281879 0.018000 0.295302