3 0.108000 0.463265 0.176000 0.436735
3 0.393000 0.538776 0.030000 0.228571
3 0.438000 0.379592 0.044000 0.073469
3 0.626000 0.567347 0.156000 0.179592
3 0.782000 0.589796 0.032000 0.265306
3 0.832000 0.644898 0.044000 0.073469
3 0.899000 0.653061 0.042000 0.081633
3 0.951000 0.593878 0.054000 0.183673
3 0.100000 0.104082 0.080000 0.126531
3 0.054000 0.879592 0.048000 0.085714
3 0.111000 0.877551 0.030000 0.048980
3 0.161000 0.897959 0.006000 0.114286
3 0.291000 0.493878 0.030000 0.277551
3 0.331000 0.544898 0.022000 0.004082
3 0.370000 0.551020 0.008000 0.155102