3 0.111000 0.505650 0.170000 0.446328
3 0.424000 0.508475 0.036000 0.361582
3 0.480000 0.274011 0.036000 0.084746
3 0.615000 0.519774 0.134000 0.237288
3 0.759000 0.480226 0.030000 0.384181
3 0.821000 0.519774 0.050000 0.169492
3 0.898000 0.514124 0.064000 0.169492
3 0.958000 0.508475 0.036000 0.451977
3 0.126000 0.135593 0.060000 0.158192
3 0.032000 0.850282 0.024000 0.096045
3 0.100000 0.858757 0.048000 0.056497
3 0.151000 0.884181 0.006000 0.118644
3 0.269000 0.488701 0.026000 0.322034
3 0.332000 0.508475 0.060000 0.022599
3 0.395000 0.502825 0.002000 0.203390