3 0.106000 0.490385 0.172000 0.384615
3 0.406000 0.632212 0.004000 0.206731
3 0.464000 0.649038 0.028000 0.298077
3 0.505000 0.348558 0.030000 0.100962
3 0.647000 0.658654 0.118000 0.230769
3 0.758000 0.663462 0.036000 0.307692
3 0.827000 0.680288 0.050000 0.120192
3 0.894000 0.661058 0.052000 0.149038
3 0.961000 0.665865 0.034000 0.274038
3 0.122000 0.112981 0.056000 0.129808
3 0.043000 0.872596 0.038000 0.100962
3 0.107000 0.848558 0.030000 0.052885
3 0.165000 0.870192 0.002000 0.153846
3 0.283000 0.622596 0.026000 0.302885
3 0.346000 0.612981 0.052000 0.014423