3 0.153000 0.471311 0.102000 0.254098
3 0.555000 0.500000 0.034000 0.262295
3 0.640000 0.528689 0.108000 0.188525
3 0.740000 0.512295 0.020000 0.237705
3 0.786000 0.540984 0.048000 0.163934
3 0.814000 0.520492 0.032000 0.237705
3 0.829000 0.372951 0.026000 0.106557
3 0.898000 0.422131 0.032000 0.385246
3 0.039000 0.610656 0.038000 0.598361
3 0.959000 0.209016 0.038000 0.254098
3 0.272000 0.491803 0.052000 0.213115
3 0.241000 0.500000 0.034000 0.295082
3 0.315000 0.504098 0.022000 0.336066
3 0.339000 0.266393 0.034000 0.122951
3 0.447000 0.532787 0.050000 0.213115