3 0.051000 0.413333 0.062000 0.693333
3 0.510000 0.200000 0.032000 0.146667
3 0.572000 0.180000 0.004000 0.200000
3 0.463000 0.443333 0.718000 0.060000
3 0.465000 0.696667 0.710000 0.393333
3 0.248000 0.783333 0.112000 0.153333
3 0.316000 0.663333 0.020000 0.113333
3 0.350000 0.740000 0.016000 0.240000
3 0.385000 0.766667 0.042000 0.120000
3 0.303000 0.170000 0.102000 0.206667
3 0.417000 0.736667 0.022000 0.260000
3 0.476000 0.780000 0.040000 0.146667
3 0.597000 0.770000 0.134000 0.300000
3 0.692000 0.783333 0.016000 0.246667
3 0.728000 0.796667 0.040000 0.113333
3 0.757000 0.796667 0.018000 0.273333
3 0.886000 0.416667 0.032000 0.286667
3 0.947000 0.496667 0.058000 0.153333
3 0.385000 0.196667 0.018000 0.246667
3 0.419000 0.213333 0.042000 0.106667
3 0.451000 0.200000 0.018000 0.240000