3 0.041000 0.420000 0.042000 0.466667
3 0.359000 0.260000 0.022000 0.173333
3 0.439000 0.440000 0.050000 0.080000
3 0.490000 0.426667 0.012000 0.480000
3 0.523000 0.473333 0.042000 0.413333
3 0.573000 0.520000 0.038000 0.346667
3 0.651000 0.473333 0.050000 0.306667
3 0.742000 0.486667 0.048000 0.333333
3 0.813000 0.513333 0.006000 0.413333
3 0.845000 0.560000 0.042000 0.480000
3 0.906000 0.533333 0.028000 0.453333
3 0.964000 0.566667 0.028000 0.573333
3 0.090000 0.273333 0.024000 0.280000
3 0.145000 0.553333 0.046000 0.253333
3 0.208000 0.433333 0.012000 0.333333
3 0.258000 0.513333 0.036000 0.386667
3 0.324000 0.466667 0.052000 0.400000