3 0.044000 0.609589 0.048000 0.397260
3 0.467000 0.609589 0.042000 0.041096
3 0.520000 0.589041 0.016000 0.383562
3 0.556000 0.643836 0.036000 0.410959
3 0.618000 0.643836 0.048000 0.328767
3 0.675000 0.513699 0.042000 0.561644
3 0.738000 0.561644 0.044000 0.328767
3 0.801000 0.609589 0.014000 0.315068
3 0.842000 0.650685 0.036000 0.397260
3 0.880000 0.657534 0.048000 0.356164
3 0.957000 0.630137 0.042000 0.383562
3 0.115000 0.280822 0.034000 0.287671
3 0.157000 0.595890 0.026000 0.315068
3 0.211000 0.575342 0.014000 0.410959
3 0.250000 0.595890 0.044000 0.424658
3 0.340000 0.575342 0.056000 0.520548
3 0.412000 0.246575 0.036000 0.164384