3 0.059000 0.496212 0.078000 0.674242
3 0.556000 0.181818 0.032000 0.106061
3 0.620000 0.174242 0.004000 0.196970
3 0.478000 0.431818 0.704000 0.045455
3 0.476000 0.731061 0.616000 0.371212
3 0.288000 0.825758 0.120000 0.166667
3 0.370000 0.689394 0.020000 0.136364
3 0.407000 0.765152 0.018000 0.227273
3 0.450000 0.784091 0.032000 0.128788
3 0.339000 0.219697 0.110000 0.166667
3 0.488000 0.761364 0.020000 0.280303
3 0.530000 0.750000 0.032000 0.121212
3 0.629000 0.765152 0.122000 0.257576
3 0.724000 0.768939 0.020000 0.219697
3 0.764000 0.799242 0.032000 0.159091
3 0.795000 0.750000 0.022000 0.272727
3 0.894000 0.272727 0.040000 0.257576
3 0.953000 0.329545 0.050000 0.189394
3 0.424000 0.185606 0.012000 0.189394
3 0.468000 0.204545 0.032000 0.136364
3 0.502000 0.193182 0.024000 0.234848