3 0.038000 0.569444 0.036000 0.555556
3 0.375000 0.319444 0.034000 0.250000
3 0.422000 0.604167 0.028000 0.013889
3 0.483000 0.541667 0.018000 0.416667
3 0.532000 0.527778 0.040000 0.472222
3 0.589000 0.534722 0.050000 0.402778
3 0.660000 0.520833 0.044000 0.458333
3 0.729000 0.520833 0.038000 0.291667
3 0.785000 0.506944 0.022000 0.458333
3 0.836000 0.486111 0.056000 0.444444
3 0.895000 0.513889 0.038000 0.416667
3 0.957000 0.520833 0.042000 0.486111
3 0.088000 0.284722 0.028000 0.291667
3 0.151000 0.562500 0.046000 0.263889
3 0.210000 0.555556 0.016000 0.472222
3 0.257000 0.541667 0.050000 0.500000
3 0.319000 0.534722 0.042000 0.569444