3 0.165000 0.214286 0.174000 0.304348
3 0.164000 0.788820 0.160000 0.223602
3 0.285000 0.773292 0.026000 0.316770
3 0.343000 0.807453 0.066000 0.161491
3 0.386000 0.773292 0.020000 0.316770
3 0.562000 0.500000 0.044000 0.068323
3 0.724000 0.531056 0.180000 0.440994
3 0.851000 0.621118 0.034000 0.335404
3 0.912000 0.649068 0.072000 0.180124
3 0.963000 0.630435 0.030000 0.341615
3 0.294000 0.254658 0.024000 0.298137
3 0.346000 0.273292 0.060000 0.149068
3 0.397000 0.251553 0.022000 0.267081
3 0.247000 0.524845 0.454000 0.018634