3 0.063000 0.278802 0.010000 0.013825
3 0.181000 0.755760 0.054000 0.396313
3 0.282000 0.695853 0.044000 0.248848
3 0.354000 0.718894 0.048000 0.184332
3 0.453000 0.700461 0.058000 0.230415
3 0.539000 0.716590 0.062000 0.188940
3 0.669000 0.686636 0.074000 0.239631
3 0.932000 0.359447 0.092000 0.239631
3 0.151000 0.264977 0.010000 0.004608
3 0.224000 0.271889 0.004000 0.009217
3 0.344000 0.264977 0.076000 0.004608
3 0.494000 0.317972 0.048000 0.276498
3 0.599000 0.207373 0.054000 0.101382
3 0.741000 0.168203 0.090000 0.244240
3 0.427000 0.426267 0.814000 0.041475
3 0.079000 0.721198 0.054000 0.382488