3 0.047000 0.373984 0.054000 0.585366
3 0.356000 0.756098 0.024000 0.146341
3 0.417000 0.402439 0.002000 0.008130
3 0.448000 0.394309 0.004000 0.008130
3 0.478000 0.394309 0.008000 0.008130
3 0.572000 0.414634 0.028000 0.162602
3 0.647000 0.430894 0.034000 0.146341
3 0.686000 0.256098 0.020000 0.170732
3 0.752000 0.402439 0.036000 0.252033
3 0.202000 0.329268 0.084000 0.333333
3 0.815000 0.390244 0.030000 0.227642
3 0.858000 0.605691 0.036000 0.495935
3 0.914000 0.471545 0.024000 0.113821
3 0.959000 0.650407 0.038000 0.195122
3 0.138000 0.711382 0.028000 0.186992
3 0.188000 0.743902 0.028000 0.154472
3 0.238000 0.756098 0.028000 0.325203
3 0.286000 0.756098 0.028000 0.162602
3 0.326000 0.760163 0.024000 0.121951