3 0.042000 0.528409 0.044000 0.625000
3 0.677000 0.156250 0.046000 0.142045
3 0.694000 0.221591 0.008000 0.011364
3 0.734000 0.127841 0.032000 0.142045
3 0.785000 0.139205 0.038000 0.164773
3 0.779000 0.590909 0.042000 0.363636
3 0.858000 0.585227 0.084000 0.340909
3 0.887000 0.772727 0.054000 0.181818
3 0.186000 0.494318 0.092000 0.681818
3 0.959000 0.678977 0.038000 0.528409
3 0.292000 0.536932 0.088000 0.403409
3 0.389000 0.522727 0.066000 0.397727
3 0.476000 0.545455 0.064000 0.363636
3 0.577000 0.619318 0.094000 0.636364