3 0.071000 0.496732 0.102000 0.862745
3 0.532000 0.519608 0.052000 0.084967
3 0.666000 0.568627 0.044000 0.143791
3 0.725000 0.539216 0.046000 0.150327
3 0.788000 0.549020 0.056000 0.444444
3 0.860000 0.526144 0.028000 0.372549
3 0.911000 0.571895 0.046000 0.176471
3 0.960000 0.558824 0.036000 0.424837
3 0.151000 0.552288 0.050000 0.176471
3 0.215000 0.281046 0.030000 0.013072
3 0.267000 0.320261 0.034000 0.143791
3 0.320000 0.186275 0.032000 0.098039
3 0.357000 0.503268 0.050000 0.287582
3 0.423000 0.584967 0.042000 0.189542