3 0.114000 0.519231 0.188000 0.519231
3 0.498000 0.387019 0.040000 0.100962
3 0.629000 0.572115 0.174000 0.221154
3 0.760000 0.550481 0.024000 0.312500
3 0.819000 0.588942 0.050000 0.139423
3 0.902000 0.584135 0.060000 0.158654
3 0.959000 0.526442 0.038000 0.360577
3 0.061000 0.894231 0.046000 0.115385
3 0.131000 0.906250 0.042000 0.052885
3 0.193000 0.877404 0.002000 0.120192
3 0.122000 0.125000 0.048000 0.153846
3 0.293000 0.588942 0.022000 0.302885
3 0.355000 0.600962 0.042000 0.009615
3 0.402000 0.591346 0.008000 0.182692
3 0.441000 0.574519 0.034000 0.302885