3 0.052000 0.524038 0.064000 0.759615
3 0.779000 0.552885 0.062000 0.413462
3 0.854000 0.591346 0.044000 0.413462
3 0.903000 0.620192 0.070000 0.201923
3 0.959000 0.605769 0.038000 0.423077
3 0.133000 0.625000 0.046000 0.288462
3 0.187000 0.346154 0.022000 0.019231
3 0.240000 0.346154 0.044000 0.192308
3 0.289000 0.134615 0.030000 0.076923
3 0.339000 0.466346 0.062000 0.451923
3 0.426000 0.596154 0.068000 0.211538
3 0.542000 0.533654 0.032000 0.144231
3 0.665000 0.572115 0.062000 0.278846
3 0.726000 0.605769 0.040000 0.250000