3 0.053000 0.503937 0.066000 0.834646
3 0.533000 0.688976 0.042000 0.118110
3 0.654000 0.637795 0.052000 0.204724
3 0.715000 0.673228 0.034000 0.181102
3 0.768000 0.590551 0.060000 0.393701
3 0.842000 0.610236 0.024000 0.291339
3 0.896000 0.649606 0.048000 0.212598
3 0.957000 0.618110 0.042000 0.370079
3 0.144000 0.610236 0.048000 0.307087
3 0.192000 0.311024 0.032000 0.007874
3 0.249000 0.299213 0.038000 0.204724
3 0.274000 0.133858 0.032000 0.110236
3 0.337000 0.586614 0.046000 0.354331
3 0.417000 0.653543 0.062000 0.267717