3 0.146000 0.289062 0.176000 0.421875
3 0.180000 0.789062 0.188000 0.250000
3 0.310000 0.738281 0.040000 0.226562
3 0.350000 0.761719 0.040000 0.132812
3 0.393000 0.785156 0.034000 0.242188
3 0.519000 0.437500 0.122000 0.109375
3 0.719000 0.328125 0.174000 0.359375
3 0.854000 0.339844 0.040000 0.257812
3 0.897000 0.359375 0.054000 0.140625
3 0.954000 0.382812 0.044000 0.296875
3 0.289000 0.265625 0.030000 0.296875
3 0.328000 0.300781 0.044000 0.148438
3 0.383000 0.289062 0.038000 0.296875
3 0.215000 0.539062 0.390000 0.062500