3 0.066000 0.500000 0.092000 0.875776
3 0.606000 0.652174 0.044000 0.111801
3 0.701000 0.627329 0.050000 0.186335
3 0.763000 0.627329 0.042000 0.136646
3 0.819000 0.627329 0.074000 0.583851
3 0.872000 0.633540 0.032000 0.273292
3 0.920000 0.642857 0.040000 0.204969
3 0.961000 0.664596 0.034000 0.347826
3 0.187000 0.670807 0.070000 0.310559
3 0.243000 0.326087 0.030000 0.018634
3 0.313000 0.357143 0.042000 0.192547
3 0.365000 0.204969 0.026000 0.149068
3 0.408000 0.549689 0.084000 0.590062
3 0.482000 0.680124 0.048000 0.291925