3 0.093000 0.478610 0.146000 0.401070
3 0.407000 0.411765 0.034000 0.352941
3 0.455000 0.262032 0.042000 0.106952
3 0.603000 0.417112 0.162000 0.288770
3 0.750000 0.441176 0.040000 0.358289
3 0.823000 0.467914 0.050000 0.133690
3 0.899000 0.459893 0.054000 0.160428
3 0.954000 0.489305 0.044000 0.422460
3 0.080000 0.114973 0.044000 0.122995
3 0.046000 0.866310 0.036000 0.139037
3 0.107000 0.826203 0.038000 0.069519
3 0.149000 0.852941 0.002000 0.187166
3 0.245000 0.395722 0.022000 0.320856
3 0.301000 0.417112 0.070000 0.021390
3 0.367000 0.411765 0.010000 0.192513