3 0.057000 0.492424 0.074000 0.681818
3 0.530000 0.568182 0.004000 0.378788
3 0.572000 0.575758 0.028000 0.333333
3 0.614000 0.583333 0.048000 0.348485
3 0.680000 0.530303 0.060000 0.515152
3 0.762000 0.651515 0.036000 0.272727
3 0.816000 0.636364 0.008000 0.393939
3 0.853000 0.643939 0.038000 0.409091
3 0.915000 0.575758 0.034000 0.363636
3 0.959000 0.590909 0.034000 0.454545
3 0.127000 0.295455 0.026000 0.287879
3 0.196000 0.643939 0.032000 0.257576
3 0.249000 0.568182 0.002000 0.348485
3 0.281000 0.560606 0.030000 0.424242
3 0.364000 0.522727 0.056000 0.590909
3 0.417000 0.280303 0.030000 0.257576
3 0.482000 0.568182 0.036000 0.015152