3 0.035000 0.476923 0.030000 0.615385
3 0.403000 0.292308 0.026000 0.246154
3 0.434000 0.623077 0.040000 0.015385
3 0.499000 0.530769 0.010000 0.476923
3 0.543000 0.492308 0.042000 0.430769
3 0.592000 0.561538 0.036000 0.446154
3 0.658000 0.592308 0.040000 0.507692
3 0.742000 0.646154 0.052000 0.307692
3 0.803000 0.476923 0.006000 0.553846
3 0.840000 0.476923 0.028000 0.553846
3 0.900000 0.461538 0.044000 0.523077
3 0.959000 0.507692 0.038000 0.584615
3 0.096000 0.276923 0.032000 0.246154
3 0.169000 0.538462 0.054000 0.307692
3 0.245000 0.523077 0.010000 0.584615
3 0.293000 0.507692 0.038000 0.523077
3 0.351000 0.515385 0.026000 0.538462