3 0.062000 0.629464 0.084000 0.544643
3 0.385000 0.312500 0.022000 0.178571
3 0.440000 0.531250 0.076000 0.044643
3 0.495000 0.540179 0.018000 0.366071
3 0.535000 0.513393 0.030000 0.312500
3 0.583000 0.549107 0.050000 0.294643
3 0.660000 0.526786 0.044000 0.428571
3 0.742000 0.598214 0.052000 0.267857
3 0.797000 0.531250 0.006000 0.294643
3 0.852000 0.540179 0.056000 0.330357
3 0.923000 0.526786 0.058000 0.321429
3 0.957000 0.589286 0.038000 0.410714
3 0.128000 0.227679 0.028000 0.276786
3 0.160000 0.629464 0.044000 0.383929
3 0.232000 0.566964 0.024000 0.401786
3 0.281000 0.602679 0.050000 0.383929
3 0.335000 0.575893 0.062000 0.508929