3 0.042000 0.598901 0.044000 0.516484
3 0.385000 0.208791 0.026000 0.197802
3 0.433000 0.560440 0.042000 0.021978
3 0.498000 0.543956 0.008000 0.340659
3 0.533000 0.560440 0.038000 0.307692
3 0.582000 0.554945 0.036000 0.340659
3 0.641000 0.527473 0.050000 0.329670
3 0.716000 0.571429 0.048000 0.263736
3 0.796000 0.571429 0.008000 0.351648
3 0.845000 0.593407 0.038000 0.351648
3 0.892000 0.620879 0.028000 0.318681
3 0.958000 0.642857 0.040000 0.472527
3 0.082000 0.274725 0.028000 0.241758
3 0.180000 0.587912 0.052000 0.318681
3 0.234000 0.510989 0.004000 0.340659
3 0.276000 0.560440 0.048000 0.307692
3 0.337000 0.554945 0.042000 0.450549