3 0.110000 0.507143 0.104000 0.338095
3 0.442000 0.357143 0.092000 0.123810
3 0.637000 0.652381 0.162000 0.152381
3 0.782000 0.616667 0.048000 0.376190
3 0.828000 0.640476 0.052000 0.119048
3 0.914000 0.650000 0.052000 0.128571
3 0.956000 0.583333 0.044000 0.319048
3 0.044000 0.871429 0.048000 0.114286
3 0.115000 0.885714 0.050000 0.066667
3 0.173000 0.888095 0.010000 0.119048
3 0.108000 0.161905 0.064000 0.228571
3 0.256000 0.573810 0.032000 0.347619
3 0.302000 0.602381 0.032000 0.004762
3 0.350000 0.609524 0.008000 0.171429
3 0.391000 0.580952 0.050000 0.342857