3 0.052000 0.497674 0.064000 0.902326
3 0.741000 0.574419 0.038000 0.106977
3 0.804000 0.486047 0.060000 0.227907
3 0.864000 0.500000 0.032000 0.265116
3 0.916000 0.565116 0.052000 0.106977
3 0.962000 0.534884 0.032000 0.297674
3 0.162000 0.632558 0.044000 0.120930
3 0.237000 0.376744 0.030000 0.018605
3 0.288000 0.390698 0.040000 0.102326
3 0.323000 0.288372 0.030000 0.074419
3 0.390000 0.523256 0.048000 0.367442
3 0.462000 0.648837 0.052000 0.106977
3 0.565000 0.546512 0.042000 0.051163
3 0.671000 0.576744 0.038000 0.093023