3 0.119000 0.187861 0.198000 0.225434
3 0.219000 0.768786 0.202000 0.208092
3 0.381000 0.783237 0.034000 0.294798
3 0.430000 0.838150 0.040000 0.069364
3 0.474000 0.789017 0.056000 0.306358
3 0.562000 0.358382 0.040000 0.057803
3 0.710000 0.277457 0.176000 0.289017
3 0.856000 0.335260 0.036000 0.254335
3 0.897000 0.367052 0.042000 0.109827
3 0.948000 0.346821 0.060000 0.265896
3 0.275000 0.196532 0.034000 0.277457
3 0.328000 0.263006 0.036000 0.098266
3 0.374000 0.210983 0.056000 0.248555
3 0.244000 0.456647 0.316000 0.034682