3 0.115000 0.516055 0.190000 0.399083
3 0.433000 0.580275 0.050000 0.353211
3 0.515000 0.408257 0.058000 0.100917
3 0.645000 0.566514 0.134000 0.178899
3 0.773000 0.591743 0.046000 0.220183
3 0.851000 0.614679 0.062000 0.100917
3 0.917000 0.619266 0.054000 0.082569
3 0.954000 0.614679 0.044000 0.266055
3 0.058000 0.899083 0.060000 0.091743
3 0.109000 0.915138 0.030000 0.032110
3 0.143000 0.919725 0.002000 0.068807
3 0.093000 0.107798 0.062000 0.123853
3 0.274000 0.527523 0.032000 0.293578
3 0.333000 0.582569 0.050000 0.009174
3 0.383000 0.568807 0.006000 0.100917