3 0.047000 0.452381 0.054000 0.595238
3 0.376000 0.458333 0.052000 0.630952
3 0.433000 0.279762 0.026000 0.250000
3 0.480000 0.529762 0.060000 0.059524
3 0.524000 0.440476 0.012000 0.452381
3 0.560000 0.446429 0.036000 0.488095
3 0.614000 0.464286 0.056000 0.500000
3 0.660000 0.404762 0.032000 0.523810
3 0.734000 0.464286 0.052000 0.357143
3 0.794000 0.458333 0.008000 0.440476
3 0.840000 0.494048 0.048000 0.464286
3 0.900000 0.470238 0.036000 0.488095
3 0.955000 0.500000 0.046000 0.547619
3 0.109000 0.255952 0.022000 0.273810
3 0.172000 0.517857 0.060000 0.440476
3 0.243000 0.452381 0.014000 0.476190
3 0.305000 0.523810 0.082000 0.690476