3 0.036000 0.544248 0.032000 0.734513
3 0.473000 0.610619 0.046000 0.194690
3 0.546000 0.566372 0.044000 0.318584
3 0.683000 0.619469 0.134000 0.212389
3 0.775000 0.570796 0.034000 0.451327
3 0.816000 0.619469 0.040000 0.194690
3 0.856000 0.588496 0.020000 0.433628
3 0.160000 0.553097 0.144000 0.398230
3 0.890000 0.389381 0.032000 0.159292
3 0.930000 0.526549 0.032000 0.716814
3 0.966000 0.230088 0.024000 0.283186
3 0.268000 0.606195 0.028000 0.486726
3 0.305000 0.628319 0.038000 0.265487
3 0.349000 0.610619 0.030000 0.495575
3 0.373000 0.358407 0.038000 0.238938