3 0.102000 0.424870 0.132000 0.352332
3 0.372000 0.378238 0.004000 0.196891
3 0.402000 0.437824 0.048000 0.326425
3 0.465000 0.176166 0.030000 0.103627
3 0.596000 0.349741 0.152000 0.233161
3 0.739000 0.360104 0.022000 0.284974
3 0.792000 0.383420 0.032000 0.124352
3 0.868000 0.367876 0.052000 0.134715
3 0.950000 0.329016 0.056000 0.378238
3 0.050000 0.862694 0.060000 0.150259
3 0.112000 0.873057 0.032000 0.067358
3 0.159000 0.873057 0.002000 0.139896
3 0.101000 0.147668 0.066000 0.191710
3 0.249000 0.401554 0.038000 0.316062
3 0.320000 0.349741 0.044000 0.015544