3 0.366000 0.304270 0.004000 0.003559
3 0.596000 0.224199 0.664000 0.377224
3 0.172000 0.245552 0.076000 0.014235
3 0.499000 0.533808 0.958000 0.056940
3 0.351000 0.798932 0.094000 0.281139
3 0.512000 0.806050 0.068000 0.010676
3 0.653000 0.802491 0.082000 0.245552
3 0.760000 0.832740 0.100000 0.106762
3 0.839000 0.807829 0.070000 0.306050
3 0.433000 0.277580 0.002000 0.007117
3 0.517000 0.279359 0.002000 0.003559
3 0.621000 0.291815 0.066000 0.128114
3 0.723000 0.272242 0.078000 0.224199
3 0.825000 0.412811 0.090000 0.106762