3 0.157000 0.207407 0.130000 0.266667
3 0.163000 0.781481 0.122000 0.229630
3 0.275000 0.755556 0.034000 0.237037
3 0.335000 0.762963 0.062000 0.177778
3 0.384000 0.766667 0.044000 0.303704
3 0.526000 0.503704 0.036000 0.103704
3 0.667000 0.448148 0.158000 0.437037
3 0.821000 0.503704 0.046000 0.311111
3 0.880000 0.548148 0.072000 0.162963
3 0.957000 0.570370 0.042000 0.444444
3 0.266000 0.211111 0.028000 0.274074
3 0.324000 0.244444 0.064000 0.177778
3 0.378000 0.262963 0.040000 0.288889
3 0.229000 0.514815 0.418000 0.081481