3 0.493000 0.470238 0.810000 0.059524
0 0.150000 0.269841 0.080000 0.119048
0 0.258000 0.273810 0.068000 0.119048
1 0.319000 0.353175 0.022000 0.047619
2 0.408000 0.291667 0.084000 0.138889
0 0.536000 0.255952 0.056000 0.170635
0 0.611000 0.313492 0.038000 0.158730
1 0.657000 0.343254 0.022000 0.059524
2 0.740000 0.283730 0.076000 0.123016
0 0.845000 0.297619 0.050000 0.103175
0 0.323000 0.775794 0.086000 0.107143
1 0.388000 0.682540 0.036000 0.063492
2 0.490000 0.779762 0.088000 0.123016
0 0.637000 0.750000 0.066000 0.166667
1 0.712000 0.664683 0.044000 0.083333
3 0.482000 0.724206 0.684000 0.353175
3 0.033000 0.507937 0.026000 0.904762
3 0.968000 0.484127 0.020000 0.888889