0 0.118000 0.185841 0.080000 0.238938
0 0.204000 0.212389 0.040000 0.159292
1 0.271000 0.258850 0.030000 0.066372
2 0.392000 0.227876 0.052000 0.092920
0 0.517000 0.203540 0.054000 0.221239
0 0.610000 0.289823 0.052000 0.243363
1 0.658000 0.230088 0.032000 0.053097
2 0.746000 0.170354 0.052000 0.101770
0 0.869000 0.172566 0.050000 0.115044
3 0.510000 0.440265 0.848000 0.030973
0 0.320000 0.734513 0.052000 0.132743
1 0.377000 0.650442 0.030000 0.106195
2 0.476000 0.705752 0.028000 0.092920
0 0.630000 0.721239 0.060000 0.194690
1 0.692000 0.663717 0.036000 0.115044
3 0.481000 0.694690 0.610000 0.380531
3 0.025000 0.484513 0.010000 0.880531
3 0.972000 0.504425 0.012000 0.893805