0 0.153000 0.235437 0.062000 0.131068
0 0.245000 0.240291 0.062000 0.111650
1 0.301000 0.320388 0.030000 0.067961
2 0.413000 0.245146 0.062000 0.160194
0 0.531000 0.216019 0.042000 0.199029
0 0.606000 0.296117 0.044000 0.223301
1 0.661000 0.344660 0.022000 0.077670
2 0.723000 0.250000 0.046000 0.160194
0 0.816000 0.262136 0.048000 0.116505
3 0.478000 0.662621 0.672000 0.266990
0 0.270000 0.730583 0.052000 0.092233
1 0.329000 0.640777 0.034000 0.097087
2 0.440000 0.718447 0.036000 0.135922
0 0.567000 0.689320 0.042000 0.155340
1 0.618000 0.621359 0.036000 0.087379
3 0.486000 0.422330 0.904000 0.067961
3 0.022000 0.497573 0.004000 0.898058
3 0.964000 0.456311 0.028000 0.776699