3 0.022000 0.479167 0.004000 0.839286
0 0.139000 0.291667 0.070000 0.166667
0 0.229000 0.300595 0.042000 0.184524
1 0.279000 0.392857 0.022000 0.071429
2 0.364000 0.291667 0.060000 0.202381
0 0.522000 0.267857 0.056000 0.214286
0 0.605000 0.357143 0.054000 0.273810
1 0.665000 0.386905 0.022000 0.071429
2 0.775000 0.294643 0.054000 0.172619
0 0.876000 0.297619 0.052000 0.119048
3 0.516000 0.520833 0.836000 0.041667
3 0.455000 0.767857 0.554000 0.309524
0 0.303000 0.863095 0.062000 0.119048
1 0.361000 0.779762 0.034000 0.083333
2 0.438000 0.833333 0.044000 0.142857
0 0.525000 0.836310 0.034000 0.160714
1 0.570000 0.776786 0.032000 0.089286
3 0.973000 0.502976 0.006000 0.875000