3 0.031000 0.508696 0.022000 0.800000
0 0.170000 0.328261 0.076000 0.178261
0 0.282000 0.356522 0.072000 0.226087
1 0.357000 0.454348 0.030000 0.065217
2 0.453000 0.380435 0.074000 0.221739
0 0.566000 0.306522 0.068000 0.265217
0 0.667000 0.428261 0.050000 0.360870
1 0.729000 0.428261 0.026000 0.056522
2 0.814000 0.354348 0.056000 0.186957
0 0.893000 0.360870 0.074000 0.139130
3 0.521000 0.567391 0.834000 0.047826
3 0.486000 0.782609 0.564000 0.347826
0 0.304000 0.821739 0.052000 0.147826
1 0.374000 0.723913 0.040000 0.082609
2 0.486000 0.854348 0.060000 0.178261
0 0.618000 0.808696 0.072000 0.252174
1 0.698000 0.708696 0.040000 0.078261
3 0.973000 0.493478 0.010000 0.900000