3 0.026000 0.497368 0.012000 0.889474
0 0.124000 0.273684 0.068000 0.126316
0 0.236000 0.265789 0.072000 0.110526
1 0.303000 0.323684 0.018000 0.057895
2 0.398000 0.263158 0.072000 0.126316
0 0.523000 0.228947 0.070000 0.215789
0 0.631000 0.278947 0.050000 0.231579
1 0.684000 0.326316 0.020000 0.052632
2 0.760000 0.252632 0.060000 0.157895
0 0.885000 0.255263 0.070000 0.163158
3 0.510000 0.439474 0.888000 0.026316
0 0.295000 0.686842 0.070000 0.131579
1 0.351000 0.560526 0.030000 0.057895
2 0.443000 0.657895 0.062000 0.115789
0 0.559000 0.671053 0.054000 0.215789
1 0.640000 0.542105 0.040000 0.073684
3 0.435000 0.647368 0.550000 0.315789
3 0.973000 0.426316 0.010000 0.747368