3 0.026000 0.453737 0.012000 0.836299
0 0.189000 0.259786 0.074000 0.099644
0 0.287000 0.291815 0.066000 0.120996
1 0.342000 0.345196 0.024000 0.049822
2 0.453000 0.274021 0.070000 0.135231
0 0.567000 0.254448 0.054000 0.160142
0 0.657000 0.329181 0.050000 0.153025
1 0.713000 0.366548 0.030000 0.049822
2 0.787000 0.270463 0.058000 0.120996
0 0.880000 0.281139 0.048000 0.092527
3 0.521000 0.503559 0.794000 0.017794
3 0.536000 0.724199 0.732000 0.330961
0 0.354000 0.756228 0.084000 0.117438
1 0.422000 0.656584 0.044000 0.088968
2 0.529000 0.765125 0.070000 0.120996
0 0.684000 0.745552 0.048000 0.160142
1 0.755000 0.663701 0.046000 0.088968
3 0.963000 0.514235 0.026000 0.893238