3 0.035000 0.439331 0.030000 0.794979
0 0.145000 0.217573 0.066000 0.158996
0 0.243000 0.211297 0.058000 0.121339
1 0.295000 0.301255 0.018000 0.066946
2 0.382000 0.234310 0.060000 0.117155
0 0.493000 0.194561 0.050000 0.238494
0 0.579000 0.303347 0.054000 0.213389
1 0.637000 0.343096 0.022000 0.058577
2 0.705000 0.232218 0.050000 0.129707
0 0.821000 0.188285 0.050000 0.142259
3 0.508000 0.506276 0.812000 0.033473
3 0.484000 0.744770 0.668000 0.292887
0 0.291000 0.811715 0.062000 0.133891
1 0.346000 0.698745 0.044000 0.083682
2 0.444000 0.801255 0.060000 0.121339
0 0.582000 0.784519 0.048000 0.163180
1 0.665000 0.696653 0.058000 0.079498
3 0.962000 0.500000 0.032000 0.916318