0 0.120000 0.300000 0.084000 0.121569
1 0.282000 0.384314 0.032000 0.078431
2 0.376000 0.305882 0.080000 0.141176
0 0.507000 0.254902 0.062000 0.203922
1 0.669000 0.349020 0.034000 0.070588
0 0.592000 0.368627 0.068000 0.258824
2 0.740000 0.296078 0.064000 0.105882
0 0.850000 0.309804 0.056000 0.149020
3 0.504000 0.564706 0.868000 0.015686
0 0.333000 0.854902 0.090000 0.117647
1 0.394000 0.752941 0.044000 0.086275
2 0.505000 0.849020 0.058000 0.105882
0 0.652000 0.823529 0.068000 0.180392
1 0.735000 0.739216 0.038000 0.090196
3 0.502000 0.786275 0.640000 0.309804
3 0.034000 0.486275 0.028000 0.894118
3 0.970000 0.505882 0.016000 0.909804
0 0.211000 0.294118 0.070000 0.117647