0 0.043000 0.651899 0.046000 0.265823
1 0.089000 0.253165 0.034000 0.253165
2 0.148000 0.740506 0.044000 0.189873
0 0.267000 0.683544 0.066000 0.227848
1 0.301000 0.272152 0.034000 0.215190
2 0.369000 0.696203 0.054000 0.329114
0 0.457000 0.639241 0.042000 0.367089
1 0.499000 0.259494 0.034000 0.215190
2 0.541000 0.715190 0.038000 0.012658
1 0.638000 0.620253 0.056000 0.379747
0 0.717000 0.664557 0.046000 0.215190
0 0.783000 0.563291 0.038000 0.392405
0 0.955000 0.613924 0.046000 0.367089
0 0.867000 0.677215 0.090000 0.215190