0 0.042000 0.695946 0.044000 0.310811
1 0.095000 0.398649 0.038000 0.256757
2 0.178000 0.709459 0.048000 0.148649
0 0.288000 0.668919 0.056000 0.283784
1 0.312000 0.290541 0.036000 0.256757
2 0.381000 0.695946 0.042000 0.310811
0 0.477000 0.486486 0.038000 0.594595
1 0.518000 0.250000 0.028000 0.229730
2 0.556000 0.641892 0.036000 0.013514
1 0.643000 0.486486 0.042000 0.513514
0 0.709000 0.614865 0.046000 0.202703
0 0.771000 0.439189 0.042000 0.472973
0 0.951000 0.472973 0.054000 0.405405
0 0.862000 0.574324 0.088000 0.175676