0 0.041000 0.617284 0.042000 0.271605
1 0.079000 0.271605 0.030000 0.172840
2 0.137000 0.549383 0.026000 0.111111
0 0.251000 0.629630 0.066000 0.222222
1 0.282000 0.333333 0.032000 0.197531
2 0.343000 0.512346 0.030000 0.234568
0 0.422000 0.481481 0.044000 0.592593
1 0.454000 0.222222 0.024000 0.197531
2 0.509000 0.623457 0.022000 0.012346
1 0.586000 0.555556 0.044000 0.543210
0 0.645000 0.740741 0.046000 0.172840
0 0.707000 0.611111 0.038000 0.456790
0 0.939000 0.586420 0.078000 0.555556
0 0.816000 0.753086 0.096000 0.172840