0 0.040000 0.620690 0.040000 0.379310
1 0.084000 0.301724 0.028000 0.258621
2 0.148000 0.646552 0.028000 0.155172
0 0.229000 0.637931 0.038000 0.310345
1 0.266000 0.336207 0.028000 0.258621
2 0.321000 0.612069 0.050000 0.396552
0 0.407000 0.525862 0.030000 0.362069
1 0.455000 0.284483 0.034000 0.224138
2 0.524000 0.586207 0.044000 0.034483
1 0.625000 0.594828 0.058000 0.431034
0 0.687000 0.637931 0.034000 0.172414
0 0.728000 0.482759 0.032000 0.448276
0 0.951000 0.482759 0.050000 0.551724
0 0.840000 0.586207 0.116000 0.344828