0 0.038000 0.520000 0.036000 0.293333
1 0.083000 0.233333 0.026000 0.200000
2 0.139000 0.520000 0.038000 0.160000
0 0.224000 0.553333 0.044000 0.173333
1 0.270000 0.266667 0.028000 0.186667
2 0.343000 0.546667 0.034000 0.240000
0 0.422000 0.466667 0.028000 0.453333
1 0.472000 0.286667 0.028000 0.226667
2 0.551000 0.660000 0.030000 0.013333
1 0.620000 0.580000 0.044000 0.360000
0 0.689000 0.693333 0.042000 0.133333
0 0.749000 0.626667 0.022000 0.400000
0 0.956000 0.653333 0.040000 0.426667
0 0.850000 0.733333 0.100000 0.186667