0 0.045000 0.564935 0.050000 0.350649
1 0.120000 0.240260 0.040000 0.220779
2 0.175000 0.681818 0.062000 0.220779
0 0.286000 0.597403 0.056000 0.337662
1 0.332000 0.259740 0.040000 0.207792
2 0.393000 0.675325 0.066000 0.389610
0 0.475000 0.577922 0.030000 0.376623
1 0.509000 0.266234 0.022000 0.168831
2 0.547000 0.597403 0.046000 0.051948
1 0.624000 0.623377 0.048000 0.415584
0 0.683000 0.681818 0.046000 0.220779
0 0.737000 0.590909 0.018000 0.298701
0 0.957000 0.564935 0.042000 0.350649
0 0.851000 0.668831 0.106000 0.220779