0 0.042000 0.537037 0.044000 0.358025
1 0.082000 0.222222 0.028000 0.197531
2 0.136000 0.598765 0.028000 0.135802
0 0.238000 0.604938 0.052000 0.246914
1 0.268000 0.333333 0.028000 0.172840
2 0.333000 0.611111 0.038000 0.283951
0 0.418000 0.530864 0.036000 0.444444
1 0.472000 0.240741 0.032000 0.209877
2 0.518000 0.611111 0.024000 0.012346
1 0.597000 0.580247 0.046000 0.370370
0 0.689000 0.611111 0.050000 0.283951
0 0.745000 0.549383 0.034000 0.432099
0 0.948000 0.623457 0.060000 0.506173
0 0.840000 0.654321 0.112000 0.222222