0 0.042000 0.676471 0.044000 0.411765
1 0.083000 0.252941 0.038000 0.223529
2 0.128000 0.652941 0.052000 0.176471
0 0.240000 0.688235 0.048000 0.317647
1 0.277000 0.241176 0.038000 0.223529
2 0.330000 0.617647 0.044000 0.435294
0 0.426000 0.541176 0.048000 0.564706
1 0.475000 0.252941 0.042000 0.270588
2 0.519000 0.629412 0.046000 0.035294
1 0.606000 0.576471 0.036000 0.423529
0 0.662000 0.670588 0.028000 0.211765
0 0.720000 0.505882 0.040000 0.494118
0 0.948000 0.517647 0.060000 0.517647
0 0.834000 0.629412 0.096000 0.223529