0 0.040000 0.691358 0.040000 0.370370
1 0.084000 0.333333 0.032000 0.222222
2 0.141000 0.697531 0.038000 0.135802
0 0.233000 0.703704 0.050000 0.320988
1 0.261000 0.351852 0.026000 0.185185
2 0.317000 0.691358 0.034000 0.246914
0 0.405000 0.592593 0.030000 0.567901
1 0.449000 0.234568 0.034000 0.222222
2 0.508000 0.666667 0.044000 0.024691
1 0.597000 0.617284 0.054000 0.444444
0 0.665000 0.728395 0.050000 0.271605
0 0.718000 0.549383 0.024000 0.530864
0 0.950000 0.493827 0.056000 0.592593
0 0.818000 0.672840 0.124000 0.308642