0 0.040000 0.698718 0.040000 0.320513
1 0.076000 0.301282 0.032000 0.243590
2 0.129000 0.679487 0.034000 0.128205
0 0.240000 0.628205 0.060000 0.282051
1 0.269000 0.250000 0.038000 0.243590
2 0.324000 0.608974 0.032000 0.294872
0 0.411000 0.519231 0.042000 0.653846
1 0.461000 0.243590 0.030000 0.230769
2 0.513000 0.602564 0.030000 0.025641
1 0.594000 0.544872 0.048000 0.500000
0 0.665000 0.666667 0.042000 0.230769
0 0.727000 0.544872 0.038000 0.474359
0 0.949000 0.538462 0.058000 0.461538
0 0.844000 0.705128 0.100000 0.282051