0 0.038000 0.666667 0.036000 0.282051
1 0.088000 0.288462 0.032000 0.269231
2 0.148000 0.666667 0.048000 0.153846
0 0.241000 0.660256 0.054000 0.294872
1 0.283000 0.269231 0.026000 0.256410
2 0.351000 0.653846 0.042000 0.333333
0 0.434000 0.532051 0.048000 0.525641
1 0.485000 0.288462 0.026000 0.320513
2 0.542000 0.628205 0.036000 0.025641
1 0.613000 0.525641 0.038000 0.512821
0 0.673000 0.660256 0.050000 0.269231
0 0.729000 0.519231 0.038000 0.500000
0 0.948000 0.583333 0.056000 0.576923
0 0.830000 0.653846 0.112000 0.256410