0 0.045000 0.666667 0.050000 0.309524
2 0.122000 0.541667 0.036000 0.107143
0 0.271000 0.726190 0.042000 0.190476
1 0.302000 0.541667 0.020000 0.178571
2 0.356000 0.702381 0.032000 0.166667
0 0.418000 0.642857 0.036000 0.357143
1 0.462000 0.482143 0.020000 0.154762
2 0.506000 0.696429 0.036000 0.011905
1 0.573000 0.642857 0.034000 0.333333
0 0.632000 0.750000 0.044000 0.166667
0 0.698000 0.666667 0.036000 0.309524
0 0.922000 0.684524 0.040000 0.369048
3 0.583000 0.488095 0.790000 0.738095
0 0.812000 0.750000 0.132000 0.190476