0 0.045000 0.648810 0.050000 0.464286
2 0.111000 0.553571 0.018000 0.130952
0 0.254000 0.601190 0.036000 0.321429
1 0.286000 0.446429 0.020000 0.202381
2 0.337000 0.571429 0.022000 0.142857
0 0.406000 0.595238 0.036000 0.357143
1 0.447000 0.482143 0.022000 0.202381
2 0.505000 0.607143 0.026000 0.023810
1 0.572000 0.583333 0.044000 0.380952
0 0.620000 0.595238 0.032000 0.238095
0 0.672000 0.559524 0.036000 0.309524
0 0.910000 0.511905 0.032000 0.500000
3 0.564000 0.488095 0.828000 0.738095
0 0.777000 0.547619 0.138000 0.333333