2 0.153000 0.509174 0.038000 0.119266
3 0.592000 0.500000 0.772000 0.816514
2 0.431000 0.587156 0.046000 0.201835
0 0.501000 0.587156 0.042000 0.403670
1 0.529000 0.403670 0.038000 0.165138
2 0.584000 0.628440 0.032000 0.009174
0 0.911000 0.600917 0.054000 0.339450
1 0.639000 0.600917 0.050000 0.284404
0 0.685000 0.706422 0.038000 0.091743
0 0.726000 0.605505 0.028000 0.275229
0 0.043000 0.619266 0.046000 0.412844
0 0.341000 0.683486 0.062000 0.155963
1 0.350000 0.518349 0.036000 0.137615
0 0.812000 0.688073 0.096000 0.146789