0 0.043000 0.654255 0.046000 0.393617
2 0.120000 0.654255 0.048000 0.095745
0 0.266000 0.718085 0.040000 0.180851
1 0.305000 0.542553 0.026000 0.127660
2 0.366000 0.691489 0.028000 0.191489
0 0.434000 0.643617 0.028000 0.223404
1 0.472000 0.515957 0.024000 0.138298
2 0.531000 0.664894 0.026000 0.010638
1 0.605000 0.632979 0.042000 0.244681
0 0.659000 0.659574 0.034000 0.106383
0 0.707000 0.569149 0.034000 0.244681
0 0.920000 0.558511 0.040000 0.287234
3 0.579000 0.500000 0.798000 0.787234
0 0.820000 0.638298 0.104000 0.170213