0 0.035000 0.598958 0.030000 0.385417
2 0.135000 0.656250 0.038000 0.104167
3 0.586000 0.494792 0.784000 0.781250
0 0.305000 0.697917 0.042000 0.145833
1 0.335000 0.505208 0.026000 0.135417
2 0.402000 0.661458 0.024000 0.135417
0 0.488000 0.625000 0.024000 0.291667
1 0.537000 0.489583 0.030000 0.145833
2 0.588000 0.718750 0.028000 0.020833
1 0.651000 0.671875 0.038000 0.281250
0 0.711000 0.786458 0.038000 0.072917
0 0.768000 0.708333 0.024000 0.270833
0 0.943000 0.713542 0.034000 0.322917
0 0.862000 0.786458 0.072000 0.135417