2 0.118000 0.617647 0.048000 0.129412
0 0.253000 0.600000 0.058000 0.164706
1 0.295000 0.394118 0.030000 0.105882
2 0.353000 0.582353 0.042000 0.200000
0 0.440000 0.535294 0.048000 0.364706
1 0.484000 0.323529 0.028000 0.129412
2 0.530000 0.558824 0.028000 0.011765
1 0.605000 0.535294 0.046000 0.364706
0 0.670000 0.576471 0.044000 0.164706
0 0.729000 0.458824 0.046000 0.400000
0 0.934000 0.511765 0.060000 0.435294
3 0.571000 0.494118 0.814000 0.752941
0 0.038000 0.641176 0.036000 0.435294
0 0.840000 0.605882 0.108000 0.223529