0 0.044000 0.679245 0.048000 0.339623
2 0.118000 0.589623 0.044000 0.122642
3 0.578000 0.500000 0.760000 0.811321
0 0.329000 0.589623 0.054000 0.216981
1 0.366000 0.419811 0.040000 0.160377
2 0.422000 0.594340 0.072000 0.301887
2 0.600000 0.580189 0.048000 0.028302
1 0.675000 0.599057 0.038000 0.273585
0 0.733000 0.632075 0.034000 0.132075
0 0.776000 0.589623 0.024000 0.292453
0 0.957000 0.646226 0.042000 0.330189
0 0.498000 0.561321 0.040000 0.349057
1 0.528000 0.353774 0.044000 0.141509
0 0.873000 0.665094 0.106000 0.198113