0 0.037000 0.666667 0.034000 0.380952
2 0.101000 0.529762 0.038000 0.107143
3 0.564000 0.500000 0.824000 0.761905
0 0.263000 0.648810 0.050000 0.178571
1 0.286000 0.422619 0.028000 0.107143
2 0.336000 0.642857 0.028000 0.166667
0 0.392000 0.577381 0.028000 0.250000
1 0.422000 0.422619 0.020000 0.107143
2 0.456000 0.613095 0.024000 0.011905
1 0.512000 0.553571 0.036000 0.226190
0 0.566000 0.613095 0.036000 0.107143
0 0.614000 0.523810 0.028000 0.285714
0 0.779000 0.547619 0.030000 0.309524
0 0.698000 0.607143 0.092000 0.166667