0 0.072000 0.640000 0.104000 0.420000
2 0.185000 0.585000 0.046000 0.130000
3 0.613000 0.495000 0.730000 0.790000
0 0.334000 0.715000 0.060000 0.190000
1 0.358000 0.450000 0.048000 0.140000
2 0.409000 0.700000 0.038000 0.160000
0 0.484000 0.630000 0.036000 0.320000
1 0.512000 0.365000 0.036000 0.090000
2 0.539000 0.695000 0.022000 0.010000
1 0.598000 0.635000 0.040000 0.290000
0 0.658000 0.710000 0.044000 0.120000
0 0.704000 0.585000 0.028000 0.330000
0 0.899000 0.620000 0.050000 0.280000
0 0.798000 0.665000 0.108000 0.190000