1 0.079000 0.200893 0.006000 0.223214
3 0.085000 0.397321 0.130000 0.026786
0 0.075000 0.696429 0.022000 0.160714
1 0.113000 0.602679 0.026000 0.133929
2 0.213000 0.383929 0.034000 0.089286
1 0.414000 0.236607 0.008000 0.169643
3 0.442000 0.441964 0.296000 0.062500
3 0.300000 0.714286 0.012000 0.339286
0 0.357000 0.683036 0.042000 0.223214
0 0.489000 0.745536 0.038000 0.133929
3 0.526000 0.714286 0.020000 0.321429
1 0.565000 0.580357 0.022000 0.107143
2 0.644000 0.419643 0.036000 0.232143
1 0.828000 0.303571 0.008000 0.232143
3 0.828000 0.500000 0.220000 0.053571
3 0.733000 0.758929 0.022000 0.303571
0 0.778000 0.736607 0.032000 0.241071
2 0.838000 0.745536 0.036000 0.187500
0 0.902000 0.776786 0.048000 0.125000
3 0.940000 0.772321 0.016000 0.258929
1 0.969000 0.620536 0.018000 0.098214