1 0.091000 0.242647 0.058000 0.338235
3 0.104000 0.477941 0.168000 0.073529
0 0.099000 0.716912 0.022000 0.257353
1 0.145000 0.588235 0.018000 0.088235
2 0.246000 0.408088 0.036000 0.095588
1 0.380000 0.238971 0.064000 0.213235
3 0.405000 0.378676 0.258000 0.125000
3 0.298000 0.661765 0.024000 0.308824
0 0.346000 0.672794 0.048000 0.198529
2 0.414000 0.658088 0.028000 0.022059
0 0.479000 0.650735 0.058000 0.110294
3 0.527000 0.687500 0.014000 0.389706
1 0.558000 0.500000 0.016000 0.147059
2 0.626000 0.371324 0.032000 0.110294
3 0.715000 0.705882 0.014000 0.264706
0 0.757000 0.709559 0.034000 0.154412
2 0.816000 0.716912 0.040000 0.095588
0 0.881000 0.713235 0.046000 0.117647
3 0.928000 0.724265 0.016000 0.389706
1 0.969000 0.511029 0.018000 0.154412
3 0.828000 0.422794 0.288000 0.080882
1 0.827000 0.253676 0.034000 0.154412