1 0.072000 0.215596 0.012000 0.247706
3 0.082000 0.454128 0.124000 0.027523
0 0.063000 0.729358 0.026000 0.155963
1 0.110000 0.619266 0.024000 0.119266
2 0.210000 0.477064 0.044000 0.110092
1 0.426000 0.215596 0.024000 0.247706
3 0.424000 0.454128 0.280000 0.027523
0 0.334000 0.738532 0.028000 0.192661
2 0.394000 0.733945 0.028000 0.018349
0 0.464000 0.743119 0.056000 0.128440
3 0.302000 0.729358 0.012000 0.302752
3 0.513000 0.738532 0.018000 0.321101
1 0.555000 0.600917 0.026000 0.100917
2 0.618000 0.422018 0.024000 0.165138
1 0.820000 0.261468 0.016000 0.211009
3 0.823000 0.431193 0.258000 0.018349
3 0.710000 0.738532 0.016000 0.302752
0 0.758000 0.733945 0.032000 0.201835
2 0.816000 0.711009 0.024000 0.119266
0 0.880000 0.724771 0.048000 0.091743
3 0.931000 0.706422 0.010000 0.220183
1 0.967000 0.600917 0.022000 0.119266