1 0.091000 0.192000 0.026000 0.224000
3 0.097000 0.440000 0.154000 0.048000
0 0.077000 0.704000 0.026000 0.176000
1 0.122000 0.596000 0.028000 0.104000
2 0.221000 0.436000 0.046000 0.104000
3 0.439000 0.452000 0.346000 0.040000
1 0.412000 0.272000 0.004000 0.192000
3 0.287000 0.744000 0.018000 0.336000
0 0.354000 0.724000 0.068000 0.248000
2 0.431000 0.716000 0.042000 0.008000
0 0.500000 0.732000 0.040000 0.136000
3 0.539000 0.720000 0.022000 0.288000
1 0.584000 0.592000 0.032000 0.096000
2 0.660000 0.380000 0.044000 0.168000
3 0.840000 0.420000 0.272000 0.008000
1 0.813000 0.264000 0.006000 0.160000
3 0.714000 0.692000 0.028000 0.296000
0 0.759000 0.656000 0.046000 0.176000
2 0.821000 0.680000 0.042000 0.176000
0 0.875000 0.688000 0.030000 0.096000
3 0.908000 0.700000 0.016000 0.328000
1 0.941000 0.568000 0.034000 0.080000