1 0.086000 0.205224 0.004000 0.261194
3 0.138000 0.406716 0.236000 0.067164
0 0.093000 0.634328 0.050000 0.164179
1 0.160000 0.552239 0.036000 0.104478
2 0.315000 0.365672 0.042000 0.089552
1 0.433000 0.201493 0.006000 0.194030
3 0.515000 0.361940 0.294000 0.037313
3 0.363000 0.697761 0.042000 0.440299
0 0.421000 0.656716 0.058000 0.208955
2 0.494000 0.660448 0.036000 0.007463
0 0.556000 0.649254 0.052000 0.119403
3 0.588000 0.694030 0.040000 0.447761
1 0.617000 0.496269 0.038000 0.141791
2 0.696000 0.332090 0.040000 0.156716
1 0.803000 0.216418 0.046000 0.179104
3 0.841000 0.399254 0.202000 0.022388
3 0.722000 0.671642 0.036000 0.313433
0 0.763000 0.645522 0.050000 0.216418
2 0.813000 0.660448 0.046000 0.171642
0 0.880000 0.675373 0.056000 0.111940
3 0.906000 0.701493 0.044000 0.432836
1 0.960000 0.503731 0.036000 0.126866