0 0.065000 0.378906 0.090000 0.460938
1 0.131000 0.648438 0.030000 0.156250
0 0.176000 0.652344 0.032000 0.132812
2 0.210000 0.457031 0.040000 0.101562
3 0.603000 0.417969 0.682000 0.085938
1 0.439000 0.218750 0.062000 0.218750
0 0.516000 0.207031 0.060000 0.242188
0 0.580000 0.203125 0.048000 0.250000
0 0.632000 0.277344 0.024000 0.101562
2 0.463000 0.753906 0.038000 0.148438
3 0.740000 0.714844 0.476000 0.398438
1 0.575000 0.757812 0.026000 0.218750
0 0.619000 0.757812 0.046000 0.203125
1 0.658000 0.652344 0.024000 0.070312
2 0.708000 0.773438 0.036000 0.140625
0 0.764000 0.734375 0.036000 0.218750
1 0.807000 0.625000 0.022000 0.078125
0 0.808000 0.859375 0.028000 0.109375
1 0.290000 0.707031 0.032000 0.195312
0 0.354000 0.710938 0.044000 0.218750