0 0.045000 0.321705 0.050000 0.302326
1 0.105000 0.449612 0.038000 0.186047
0 0.153000 0.472868 0.030000 0.139535
2 0.230000 0.418605 0.040000 0.077519
1 0.530000 0.205426 0.044000 0.193798
0 0.599000 0.182171 0.038000 0.209302
0 0.665000 0.189922 0.034000 0.209302
0 0.715000 0.263566 0.030000 0.093023
3 0.662000 0.437984 0.568000 0.038760
1 0.401000 0.724806 0.042000 0.178295
0 0.468000 0.709302 0.040000 0.193798
2 0.541000 0.755814 0.050000 0.193798
3 0.788000 0.732558 0.380000 0.379845
1 0.662000 0.763566 0.036000 0.240310
0 0.717000 0.763566 0.034000 0.193798
1 0.759000 0.666667 0.022000 0.124031
2 0.809000 0.775194 0.038000 0.170543
0 0.880000 0.775194 0.032000 0.201550
1 0.908000 0.643411 0.020000 0.093023
0 0.927000 0.860465 0.030000 0.093023