0 0.050000 0.388112 0.060000 0.384615
1 0.119000 0.531469 0.022000 0.153846
0 0.161000 0.524476 0.030000 0.181818
2 0.232000 0.409091 0.032000 0.104895
3 0.637000 0.342657 0.682000 0.083916
1 0.383000 0.562937 0.030000 0.174825
0 0.433000 0.587413 0.038000 0.181818
2 0.499000 0.576923 0.038000 0.132867
3 0.755000 0.587413 0.410000 0.223776
1 0.619000 0.664336 0.034000 0.237762
0 0.669000 0.667832 0.034000 0.174825
1 0.713000 0.580420 0.022000 0.097902
2 0.776000 0.695804 0.028000 0.104895
0 0.843000 0.688811 0.038000 0.160839
1 0.904000 0.611888 0.020000 0.104895
0 0.898000 0.849650 0.024000 0.146853
1 0.563000 0.171329 0.038000 0.202797
0 0.638000 0.164336 0.032000 0.174825
0 0.689000 0.181818 0.038000 0.167832
0 0.740000 0.265734 0.024000 0.111888