0 0.042000 0.318841 0.044000 0.347826
1 0.110000 0.496377 0.024000 0.152174
0 0.165000 0.507246 0.038000 0.173913
2 0.255000 0.340580 0.046000 0.101449
1 0.426000 0.231884 0.044000 0.202899
0 0.512000 0.202899 0.044000 0.260870
0 0.574000 0.188406 0.036000 0.231884
0 0.635000 0.213768 0.030000 0.195652
3 0.624000 0.431159 0.524000 0.050725
1 0.400000 0.764493 0.052000 0.224638
0 0.474000 0.760870 0.044000 0.260870
2 0.540000 0.811594 0.052000 0.130435
1 0.652000 0.724638 0.024000 0.246377
0 0.715000 0.739130 0.038000 0.217391
1 0.759000 0.634058 0.030000 0.108696
2 0.801000 0.760870 0.038000 0.144928
0 0.869000 0.688406 0.034000 0.202899
1 0.921000 0.583333 0.030000 0.108696
0 0.912000 0.811594 0.028000 0.130435
3 0.778000 0.684783 0.400000 0.485507