0 0.048000 0.350427 0.056000 0.341880
1 0.110000 0.564103 0.028000 0.153846
0 0.151000 0.551282 0.022000 0.145299
2 0.223000 0.444444 0.042000 0.085470
1 0.494000 0.200855 0.060000 0.230769
0 0.573000 0.200855 0.038000 0.196581
0 0.635000 0.192308 0.042000 0.213675
0 0.683000 0.294872 0.022000 0.128205
1 0.358000 0.747863 0.044000 0.230769
0 0.421000 0.756410 0.042000 0.213675
2 0.503000 0.752137 0.042000 0.188034
1 0.626000 0.777778 0.024000 0.188034
0 0.670000 0.756410 0.028000 0.179487
1 0.710000 0.670940 0.024000 0.111111
2 0.757000 0.773504 0.030000 0.162393
0 0.820000 0.735043 0.044000 0.239316
0 0.871000 0.850427 0.022000 0.128205
1 0.898000 0.628205 0.024000 0.111111
3 0.754000 0.679487 0.372000 0.418803
3 0.642000 0.410256 0.672000 0.068376