0 0.043000 0.411765 0.046000 0.323529
1 0.096000 0.580882 0.032000 0.147059
0 0.142000 0.577206 0.024000 0.125000
2 0.235000 0.437500 0.034000 0.095588
1 0.475000 0.202206 0.050000 0.257353
0 0.560000 0.235294 0.040000 0.264706
0 0.621000 0.257353 0.038000 0.235294
0 0.669000 0.338235 0.026000 0.117647
3 0.625000 0.496324 0.634000 0.051471
1 0.370000 0.764706 0.036000 0.161765
0 0.422000 0.779412 0.028000 0.176471
2 0.503000 0.775735 0.030000 0.110294
3 0.767000 0.742647 0.422000 0.308824
1 0.647000 0.786765 0.030000 0.191176
0 0.695000 0.805147 0.026000 0.183824
1 0.733000 0.687500 0.026000 0.095588
2 0.798000 0.797794 0.028000 0.095588
0 0.850000 0.797794 0.024000 0.183824
1 0.893000 0.672794 0.026000 0.095588
0 0.892000 0.871324 0.020000 0.110294