0 0.061000 0.386179 0.082000 0.382114
1 0.133000 0.520325 0.030000 0.113821
0 0.176000 0.516260 0.036000 0.089431
2 0.247000 0.386179 0.046000 0.073171
1 0.454000 0.215447 0.060000 0.268293
0 0.550000 0.231707 0.060000 0.252033
0 0.640000 0.211382 0.060000 0.260163
0 0.703000 0.313008 0.034000 0.089431
3 0.646000 0.430894 0.660000 0.032520
1 0.375000 0.686992 0.046000 0.203252
0 0.446000 0.682927 0.044000 0.211382
2 0.506000 0.695122 0.040000 0.154472
1 0.634000 0.747967 0.044000 0.260163
0 0.704000 0.752033 0.044000 0.333333
1 0.735000 0.569106 0.026000 0.113821
2 0.786000 0.727642 0.044000 0.138211
0 0.869000 0.752033 0.050000 0.300813
0 0.923000 0.857724 0.042000 0.105691
1 0.920000 0.593496 0.024000 0.097561
3 0.747000 0.695122 0.426000 0.430894