0 0.080000 0.385417 0.120000 0.451389
1 0.159000 0.579861 0.034000 0.145833
0 0.192000 0.597222 0.028000 0.125000
1 0.417000 0.204861 0.054000 0.229167
0 0.489000 0.187500 0.050000 0.236111
0 0.551000 0.190972 0.054000 0.215278
0 0.604000 0.284722 0.024000 0.083333
3 0.574000 0.416667 0.612000 0.041667
1 0.296000 0.736111 0.056000 0.375000
0 0.385000 0.701389 0.070000 0.305556
2 0.465000 0.697917 0.066000 0.173611
3 0.746000 0.673611 0.464000 0.347222
1 0.598000 0.729167 0.028000 0.236111
0 0.657000 0.729167 0.058000 0.222222
1 0.694000 0.583333 0.032000 0.097222
2 0.745000 0.756944 0.062000 0.222222
0 0.825000 0.729167 0.058000 0.222222
1 0.865000 0.600694 0.034000 0.104167
0 0.872000 0.861111 0.032000 0.125000
2 0.209000 0.409722 0.054000 0.069444