0 0.038000 0.188889 0.036000 0.229630
1 0.088000 0.337037 0.024000 0.081481
0 0.133000 0.329630 0.022000 0.096296
2 0.204000 0.248148 0.032000 0.066667
1 0.364000 0.255556 0.040000 0.170370
0 0.463000 0.233333 0.058000 0.170370
0 0.550000 0.214815 0.036000 0.177778
0 0.592000 0.318519 0.024000 0.088889
3 0.627000 0.462963 0.702000 0.081481
1 0.340000 0.774074 0.040000 0.155556
0 0.413000 0.744444 0.054000 0.200000
2 0.503000 0.755556 0.050000 0.148148
3 0.751000 0.707407 0.366000 0.274074
1 0.621000 0.792593 0.034000 0.177778
0 0.675000 0.770370 0.042000 0.162963
1 0.708000 0.666667 0.016000 0.074074
2 0.762000 0.777778 0.032000 0.148148
0 0.833000 0.777778 0.026000 0.148148
1 0.870000 0.662963 0.024000 0.081481
0 0.880000 0.885185 0.024000 0.081481