0 0.045000 0.394928 0.050000 0.326087
1 0.107000 0.518116 0.030000 0.123188
0 0.152000 0.514493 0.036000 0.144928
2 0.217000 0.427536 0.042000 0.072464
1 0.441000 0.152174 0.058000 0.159420
0 0.542000 0.141304 0.044000 0.137681
0 0.596000 0.159420 0.032000 0.173913
0 0.652000 0.231884 0.036000 0.101449
3 0.623000 0.427536 0.710000 0.057971
1 0.284000 0.641304 0.052000 0.195652
0 0.356000 0.644928 0.060000 0.188406
2 0.451000 0.641304 0.050000 0.137681
3 0.730000 0.699275 0.468000 0.442029
1 0.587000 0.688406 0.042000 0.217391
0 0.658000 0.713768 0.056000 0.239130
1 0.707000 0.594203 0.034000 0.101449
2 0.773000 0.717391 0.054000 0.144928
0 0.842000 0.706522 0.028000 0.195652
1 0.883000 0.576087 0.030000 0.065217
0 0.882000 0.811594 0.036000 0.101449