0 0.062000 0.274648 0.084000 0.408451
1 0.130000 0.609155 0.048000 0.176056
2 0.221000 0.404930 0.062000 0.091549
3 0.623000 0.401408 0.678000 0.042254
1 0.457000 0.197183 0.062000 0.197183
0 0.573000 0.190141 0.066000 0.211268
0 0.654000 0.197183 0.052000 0.211268
0 0.719000 0.292254 0.038000 0.105634
1 0.330000 0.686620 0.068000 0.274648
0 0.441000 0.690141 0.070000 0.253521
2 0.530000 0.697183 0.036000 0.169014
3 0.777000 0.683099 0.402000 0.492958
1 0.706000 0.718310 0.044000 0.267606
0 0.779000 0.721831 0.054000 0.204225
1 0.826000 0.623239 0.020000 0.105634
2 0.863000 0.735915 0.026000 0.133803
0 0.913000 0.711268 0.034000 0.225352
1 0.945000 0.616197 0.022000 0.091549
0 0.952000 0.841549 0.024000 0.133803
0 0.186000 0.721831 0.032000 0.147887