0 0.042000 0.495868 0.044000 0.280992
2 0.113000 0.413223 0.026000 0.049587
3 0.245000 0.508264 0.018000 0.586777
0 0.333000 0.367769 0.050000 0.256198
2 0.383000 0.392562 0.022000 0.008264
0 0.439000 0.342975 0.030000 0.272727
3 0.382000 0.561983 0.212000 0.016529
0 0.387000 0.723140 0.038000 0.173554
3 0.510000 0.528926 0.028000 0.677686
1 0.553000 0.252066 0.022000 0.157025
2 0.587000 0.483471 0.022000 0.157025
1 0.647000 0.475207 0.026000 0.173554
2 0.720000 0.487603 0.024000 0.132231
0 0.811000 0.392562 0.054000 0.223140
2 0.879000 0.417355 0.022000 0.008264
0 0.946000 0.400826 0.036000 0.239669
3 0.863000 0.607438 0.230000 0.008264
0 0.871000 0.809917 0.054000 0.214876
3 0.424000 0.413223 0.544000 0.661157