2 0.110000 0.451220 0.028000 0.105691
3 0.433000 0.402439 0.566000 0.642276
3 0.264000 0.605691 0.028000 0.528455
0 0.303000 0.495935 0.034000 0.243902
2 0.357000 0.475610 0.018000 0.024390
0 0.391000 0.483740 0.030000 0.203252
3 0.367000 0.642276 0.178000 0.113821
0 0.358000 0.817073 0.032000 0.138211
3 0.444000 0.581301 0.024000 0.642276
1 0.477000 0.284553 0.018000 0.146341
2 0.516000 0.650407 0.036000 0.195122
1 0.582000 0.626016 0.028000 0.276423
2 0.737000 0.589431 0.030000 0.138211
0 0.816000 0.491870 0.032000 0.219512
2 0.872000 0.475610 0.028000 0.008130
0 0.918000 0.459350 0.032000 0.203252
3 0.878000 0.658537 0.200000 0.097561
0 0.878000 0.849593 0.040000 0.138211
0 0.042000 0.552846 0.044000 0.373984