0 0.034000 0.512000 0.028000 0.272000
2 0.088000 0.428000 0.028000 0.056000
3 0.374000 0.448000 0.508000 0.736000
3 0.198000 0.536000 0.032000 0.640000
0 0.256000 0.380000 0.036000 0.184000
2 0.309000 0.388000 0.022000 0.008000
0 0.356000 0.376000 0.028000 0.192000
3 0.326000 0.532000 0.192000 0.040000
0 0.300000 0.708000 0.044000 0.152000
3 0.425000 0.528000 0.022000 0.528000
1 0.445000 0.284000 0.026000 0.104000
2 0.476000 0.536000 0.028000 0.160000
1 0.544000 0.528000 0.012000 0.208000
2 0.685000 0.544000 0.026000 0.176000
0 0.800000 0.404000 0.040000 0.200000
2 0.859000 0.408000 0.022000 0.016000
0 0.900000 0.400000 0.028000 0.224000
3 0.863000 0.588000 0.230000 0.008000
0 0.852000 0.828000 0.052000 0.184000