0 0.040000 0.555556 0.040000 0.314815
2 0.100000 0.555556 0.028000 0.074074
3 0.386000 0.500000 0.512000 0.814815
0 0.245000 0.412037 0.034000 0.157407
2 0.296000 0.439815 0.024000 0.009259
0 0.347000 0.402778 0.030000 0.157407
3 0.300000 0.578704 0.148000 0.009259
0 0.297000 0.731481 0.034000 0.111111
3 0.395000 0.555556 0.018000 0.500000
3 0.205000 0.546296 0.018000 0.537037
1 0.442000 0.342593 0.028000 0.129630
2 0.512000 0.532407 0.040000 0.212963
1 0.576000 0.504630 0.024000 0.212963
2 0.710000 0.462963 0.032000 0.185185
0 0.826000 0.333333 0.040000 0.222222
2 0.894000 0.365741 0.032000 0.009259
0 0.955000 0.342593 0.038000 0.222222
3 0.885000 0.569444 0.186000 0.046296
0 0.878000 0.777778 0.052000 0.166667