0 0.036000 0.669725 0.032000 0.458716
2 0.116000 0.628440 0.028000 0.100917
3 0.408000 0.472477 0.444000 0.761468
3 0.255000 0.509174 0.014000 0.467890
0 0.314000 0.394495 0.032000 0.238532
2 0.362000 0.408257 0.024000 0.009174
0 0.417000 0.371560 0.030000 0.266055
3 0.358000 0.582569 0.132000 0.064220
0 0.365000 0.766055 0.034000 0.137615
3 0.472000 0.490826 0.016000 0.559633
1 0.508000 0.266055 0.024000 0.091743
2 0.524000 0.522936 0.024000 0.201835
1 0.573000 0.500000 0.002000 0.229358
2 0.701000 0.536697 0.038000 0.266055
0 0.837000 0.334862 0.046000 0.302752
2 0.902000 0.362385 0.028000 0.009174
0 0.960000 0.316514 0.032000 0.247706
3 0.894000 0.577982 0.160000 0.036697
0 0.894000 0.798165 0.036000 0.183486