0 0.041000 0.503846 0.042000 0.284615
2 0.113000 0.473077 0.034000 0.069231
3 0.377000 0.496154 0.442000 0.838462
3 0.278000 0.596154 0.048000 0.561538
0 0.324000 0.442308 0.032000 0.207692
2 0.378000 0.450000 0.040000 0.023077
0 0.426000 0.453846 0.032000 0.246154
3 0.379000 0.630769 0.134000 0.015385
3 0.461000 0.592308 0.026000 0.600000
0 0.381000 0.773077 0.042000 0.130769
1 0.498000 0.346154 0.032000 0.123077
2 0.522000 0.634615 0.036000 0.176923
1 0.569000 0.576923 0.022000 0.246154
2 0.675000 0.603846 0.058000 0.192308
0 0.807000 0.415385 0.050000 0.246154
2 0.886000 0.419231 0.044000 0.007692
0 0.946000 0.423077 0.040000 0.246154
3 0.874000 0.615385 0.204000 0.015385
0 0.862000 0.776923 0.056000 0.184615