0 0.047000 0.537037 0.054000 0.351852
2 0.132000 0.416667 0.036000 0.074074
3 0.261000 0.495370 0.026000 0.416667
0 0.308000 0.388889 0.028000 0.166667
2 0.349000 0.393519 0.018000 0.009259
0 0.392000 0.388889 0.016000 0.148148
3 0.356000 0.518519 0.136000 0.037037
0 0.357000 0.648148 0.038000 0.111111
3 0.429000 0.495370 0.022000 0.472222
1 0.473000 0.222222 0.026000 0.092593
2 0.499000 0.495370 0.046000 0.212963
1 0.580000 0.490741 0.032000 0.388889
3 0.408000 0.435185 0.436000 0.685185
2 0.707000 0.476852 0.046000 0.250000
0 0.806000 0.328704 0.052000 0.231481
2 0.871000 0.300926 0.022000 0.009259
0 0.941000 0.333333 0.042000 0.240741
3 0.873000 0.569444 0.210000 0.009259
0 0.851000 0.777778 0.050000 0.240741