0 0.037000 0.622222 0.034000 0.385185
2 0.106000 0.548148 0.028000 0.059259
0 0.248000 0.362963 0.028000 0.192593
2 0.293000 0.374074 0.022000 0.007407
0 0.338000 0.355556 0.032000 0.207407
3 0.304000 0.559259 0.188000 0.051852
0 0.294000 0.744444 0.036000 0.170370
3 0.197000 0.514815 0.030000 0.555556
3 0.413000 0.548148 0.034000 0.607407
1 0.449000 0.200000 0.026000 0.103704
2 0.504000 0.551852 0.044000 0.155556
1 0.584000 0.503704 0.024000 0.162963
3 0.383000 0.500000 0.498000 0.851852
2 0.695000 0.540741 0.038000 0.148148
0 0.801000 0.337037 0.034000 0.214815
0 0.926000 0.322222 0.040000 0.244444
0 0.857000 0.770370 0.046000 0.207407