0 0.043000 0.651515 0.046000 0.257576
2 0.109000 0.526515 0.038000 0.068182
3 0.223000 0.537879 0.030000 0.500000
0 0.268000 0.409091 0.048000 0.181818
0 0.367000 0.397727 0.042000 0.204545
3 0.321000 0.568182 0.174000 0.015152
0 0.321000 0.727273 0.046000 0.181818
3 0.430000 0.571970 0.024000 0.583333
1 0.471000 0.325758 0.030000 0.136364
2 0.503000 0.587121 0.034000 0.128788
1 0.575000 0.545455 0.046000 0.196970
2 0.687000 0.575758 0.050000 0.166667
0 0.799000 0.409091 0.062000 0.227273
2 0.875000 0.397727 0.034000 0.022727
0 0.926000 0.412879 0.044000 0.219697
3 0.862000 0.613636 0.228000 0.030303
0 0.853000 0.799242 0.046000 0.234848
3 0.387000 0.481061 0.498000 0.810606