0 0.107000 0.531646 0.070000 0.164557
1 0.212000 0.275316 0.004000 0.158228
2 0.303000 0.306962 0.042000 0.006329
0 0.397000 0.287975 0.054000 0.246835
1 0.457000 0.129747 0.038000 0.132911
3 0.349000 0.500000 0.302000 0.075949
1 0.224000 0.775316 0.044000 0.170886
2 0.320000 0.778481 0.040000 0.151899
0 0.408000 0.772152 0.036000 0.189873
1 0.472000 0.677215 0.032000 0.126582
3 0.579000 0.458861 0.018000 0.158228
1 0.713000 0.300633 0.046000 0.196203
0 0.788000 0.262658 0.036000 0.234177
0 0.849000 0.259494 0.026000 0.215190
3 0.794000 0.509494 0.296000 0.031646
1 0.698000 0.756329 0.040000 0.183544
2 0.782000 0.743671 0.036000 0.132911
0 0.857000 0.737342 0.026000 0.170886
1 0.899000 0.661392 0.034000 0.107595
3 0.965000 0.490506 0.026000 0.803797
3 0.048000 0.503165 0.056000 0.867089