3 0.047000 0.465241 0.054000 0.823529
0 0.132000 0.467914 0.076000 0.101604
1 0.259000 0.248663 0.022000 0.187166
2 0.339000 0.288770 0.030000 0.010695
0 0.408000 0.264706 0.048000 0.208556
1 0.447000 0.157754 0.034000 0.080214
3 0.363000 0.409091 0.278000 0.016043
1 0.249000 0.655080 0.014000 0.208556
2 0.328000 0.673797 0.056000 0.096257
0 0.403000 0.655080 0.038000 0.229947
1 0.449000 0.553476 0.038000 0.090909
3 0.546000 0.470588 0.008000 0.096257
1 0.677000 0.256684 0.054000 0.224599
0 0.771000 0.270053 0.046000 0.208556
0 0.837000 0.248663 0.050000 0.208556
3 0.775000 0.430481 0.314000 0.026738
1 0.655000 0.649733 0.022000 0.219251
2 0.732000 0.668449 0.032000 0.128342
0 0.802000 0.663102 0.040000 0.224599
1 0.842000 0.574866 0.036000 0.101604
3 0.944000 0.529412 0.068000 0.823529