3 0.032000 0.497143 0.024000 0.880000
0 0.120000 0.525714 0.060000 0.171429
1 0.221000 0.282857 0.022000 0.165714
2 0.296000 0.294286 0.028000 0.005714
0 0.374000 0.297143 0.032000 0.194286
1 0.424000 0.174286 0.032000 0.097143
3 0.333000 0.488571 0.270000 0.040000
1 0.228000 0.682857 0.028000 0.154286
2 0.303000 0.682857 0.038000 0.108571
0 0.388000 0.657143 0.036000 0.125714
1 0.443000 0.608571 0.022000 0.074286
3 0.541000 0.505714 0.018000 0.074286
1 0.683000 0.305714 0.054000 0.177143
0 0.770000 0.280000 0.036000 0.160000
0 0.838000 0.280000 0.028000 0.137143
1 0.681000 0.634286 0.018000 0.125714
2 0.739000 0.640000 0.034000 0.102857
0 0.808000 0.620000 0.036000 0.154286
1 0.861000 0.560000 0.030000 0.080000
3 0.774000 0.442857 0.264000 0.028571
3 0.958000 0.445714 0.040000 0.742857