3 0.039000 0.436364 0.038000 0.751515
0 0.122000 0.445455 0.064000 0.115152
1 0.227000 0.272727 0.018000 0.218182
2 0.296000 0.303030 0.032000 0.012121
0 0.371000 0.272727 0.034000 0.181818
1 0.427000 0.160606 0.042000 0.115152
3 0.340000 0.463636 0.300000 0.030303
1 0.216000 0.651515 0.020000 0.151515
2 0.301000 0.672727 0.038000 0.109091
0 0.399000 0.654545 0.034000 0.181818
1 0.461000 0.596970 0.034000 0.090909
3 0.578000 0.493939 0.012000 0.090909
1 0.711000 0.366667 0.058000 0.175758
0 0.799000 0.393939 0.030000 0.206061
0 0.879000 0.400000 0.026000 0.181818
3 0.776000 0.575758 0.280000 0.024242
1 0.669000 0.754545 0.018000 0.163636
2 0.745000 0.769697 0.042000 0.133333
0 0.835000 0.778788 0.042000 0.212121
1 0.892000 0.693939 0.040000 0.090909
3 0.957000 0.530303 0.042000 0.818182