3 0.039000 0.433099 0.038000 0.626761
0 0.162000 0.461268 0.064000 0.190141
1 0.273000 0.302817 0.002000 0.197183
2 0.352000 0.306338 0.056000 0.007042
0 0.441000 0.285211 0.050000 0.218310
1 0.510000 0.123239 0.036000 0.105634
3 0.418000 0.500000 0.344000 0.028169
1 0.285000 0.753521 0.006000 0.183099
2 0.375000 0.764085 0.066000 0.204225
0 0.474000 0.774648 0.044000 0.211268
1 0.543000 0.669014 0.046000 0.126761
3 0.647000 0.577465 0.006000 0.112676
1 0.735000 0.359155 0.038000 0.211268
0 0.811000 0.355634 0.030000 0.204225
0 0.864000 0.369718 0.032000 0.232394
3 0.809000 0.545775 0.226000 0.021127
1 0.718000 0.778169 0.004000 0.147887
2 0.784000 0.785211 0.052000 0.161972
0 0.850000 0.767606 0.040000 0.225352
1 0.908000 0.647887 0.032000 0.070423
3 0.959000 0.559859 0.038000 0.739437