3 0.047000 0.515244 0.054000 0.750000
0 0.158000 0.545732 0.088000 0.140244
1 0.256000 0.304878 0.032000 0.207317
2 0.343000 0.292683 0.042000 0.036585
0 0.425000 0.259146 0.046000 0.213415
1 0.490000 0.103659 0.028000 0.085366
3 0.378000 0.527439 0.320000 0.054878
1 0.244000 0.820122 0.016000 0.176829
2 0.313000 0.814024 0.034000 0.115854
3 0.599000 0.573171 0.010000 0.134146
1 0.713000 0.277439 0.054000 0.213415
0 0.806000 0.280488 0.028000 0.219512
0 0.866000 0.265244 0.044000 0.237805
3 0.794000 0.484756 0.304000 0.079268
1 0.683000 0.814024 0.018000 0.176829
2 0.767000 0.823171 0.050000 0.134146
0 0.848000 0.783537 0.052000 0.250000
1 0.907000 0.652439 0.034000 0.085366
3 0.953000 0.548780 0.050000 0.780488
0 0.397000 0.789634 0.034000 0.176829
1 0.449000 0.652439 0.030000 0.060976