3 0.044000 0.478125 0.048000 0.693750
0 0.110000 0.437500 0.068000 0.150000
3 0.330000 0.437500 0.308000 0.025000
1 0.236000 0.265625 0.068000 0.206250
2 0.318000 0.265625 0.048000 0.006250
0 0.417000 0.265625 0.078000 0.193750
1 0.460000 0.096875 0.040000 0.068750
1 0.252000 0.665625 0.060000 0.156250
2 0.333000 0.625000 0.050000 0.162500
0 0.417000 0.637500 0.062000 0.150000
1 0.470000 0.531250 0.028000 0.087500
3 0.560000 0.484375 0.008000 0.118750
3 0.757000 0.425000 0.270000 0.025000
1 0.683000 0.278125 0.058000 0.181250
0 0.768000 0.262500 0.040000 0.187500
0 0.843000 0.253125 0.066000 0.168750
1 0.678000 0.671875 0.048000 0.193750
2 0.763000 0.656250 0.050000 0.162500
0 0.844000 0.640625 0.064000 0.181250
1 0.906000 0.537500 0.036000 0.075000
3 0.956000 0.518750 0.040000 0.837500