3 0.057000 0.439560 0.074000 0.769231
0 0.125000 0.436813 0.078000 0.203297
1 0.230000 0.255495 0.012000 0.126374
2 0.299000 0.260989 0.046000 0.005495
0 0.378000 0.225275 0.052000 0.208791
1 0.444000 0.107143 0.032000 0.071429
3 0.355000 0.392857 0.310000 0.016484
1 0.211000 0.629121 0.010000 0.181319
2 0.300000 0.629121 0.060000 0.192308
0 0.406000 0.618132 0.044000 0.203297
1 0.460000 0.494505 0.028000 0.065934
3 0.564000 0.450549 0.036000 0.109890
1 0.670000 0.271978 0.072000 0.148352
0 0.763000 0.255495 0.034000 0.225275
0 0.832000 0.252747 0.048000 0.263736
3 0.773000 0.519231 0.298000 0.027473
1 0.622000 0.725275 0.040000 0.197802
2 0.705000 0.728022 0.062000 0.170330
0 0.802000 0.736264 0.056000 0.241758
1 0.862000 0.615385 0.024000 0.065934
3 0.949000 0.513736 0.054000 0.851648