0 0.098000 0.369718 0.056000 0.133803
1 0.225000 0.323944 0.034000 0.211268
2 0.291000 0.334507 0.034000 0.007042
0 0.361000 0.306338 0.034000 0.190141
1 0.421000 0.211268 0.030000 0.154930
3 0.348000 0.485915 0.316000 0.042254
1 0.225000 0.686620 0.034000 0.204225
2 0.305000 0.700704 0.042000 0.147887
0 0.382000 0.707746 0.028000 0.161972
1 0.435000 0.637324 0.022000 0.077465
3 0.049000 0.496479 0.058000 0.852113
3 0.555000 0.496479 0.014000 0.133803
1 0.674000 0.316901 0.044000 0.225352
0 0.776000 0.313380 0.032000 0.232394
0 0.857000 0.295775 0.050000 0.225352
3 0.780000 0.485915 0.300000 0.014085
1 0.677000 0.735915 0.042000 0.232394
2 0.774000 0.746479 0.052000 0.211268
0 0.858000 0.714789 0.032000 0.204225
1 0.915000 0.665493 0.026000 0.091549
3 0.957000 0.517606 0.042000 0.781690