0 0.237000 0.346491 0.054000 0.166667
0 0.042000 0.429825 0.044000 0.368421
2 0.134000 0.482456 0.044000 0.105263
3 0.538000 0.517544 0.692000 0.087719
0 0.283000 0.184211 0.006000 0.122807
0 0.447000 0.302632 0.030000 0.184211
2 0.512000 0.320175 0.032000 0.149123
0 0.576000 0.302632 0.032000 0.201754
0 0.607000 0.131579 0.002000 0.087719
3 0.777000 0.267544 0.022000 0.289474
0 0.829000 0.302632 0.042000 0.131579
0 0.855000 0.197368 0.006000 0.096491
2 0.889000 0.307018 0.038000 0.122807
0 0.936000 0.276316 0.032000 0.166667
3 0.968000 0.245614 0.020000 0.315789
0 0.595000 0.820175 0.046000 0.166667
0 0.355000 0.328947 0.102000 0.149123
0 0.686000 0.302632 0.104000 0.131579
0 0.478000 0.828947 0.108000 0.166667