0 0.030000 0.327869 0.020000 0.262295
2 0.089000 0.319672 0.030000 0.049180
0 0.173000 0.229508 0.030000 0.147541
0 0.205000 0.114754 0.002000 0.049180
0 0.391000 0.245902 0.026000 0.213115
2 0.466000 0.250000 0.024000 0.106557
0 0.546000 0.286885 0.028000 0.245902
3 0.739000 0.229508 0.022000 0.295082
0 0.796000 0.245902 0.048000 0.196721
0 0.831000 0.127049 0.002000 0.040984
2 0.863000 0.221311 0.026000 0.098361
0 0.912000 0.225410 0.024000 0.204918
3 0.950000 0.225410 0.012000 0.286885
3 0.565000 0.487705 0.826000 0.057377
0 0.644000 0.688525 0.060000 0.196721
0 0.285000 0.319672 0.114000 0.262295
0 0.653000 0.290984 0.090000 0.254098
0 0.517000 0.745902 0.122000 0.327869