0 0.036000 0.414414 0.032000 0.324324
2 0.095000 0.378378 0.038000 0.108108
0 0.185000 0.364865 0.054000 0.135135
0 0.226000 0.171171 0.004000 0.090090
0 0.447000 0.333333 0.054000 0.252252
2 0.512000 0.346847 0.036000 0.153153
0 0.580000 0.301802 0.028000 0.261261
0 0.607000 0.126126 0.006000 0.072072
3 0.760000 0.292793 0.012000 0.297297
0 0.807000 0.328829 0.038000 0.153153
0 0.827000 0.189189 0.006000 0.054054
2 0.858000 0.342342 0.028000 0.162162
0 0.917000 0.315315 0.054000 0.216216
3 0.963000 0.301802 0.018000 0.315315
3 0.563000 0.540541 0.830000 0.054054
0 0.602000 0.783784 0.064000 0.180180
0 0.318000 0.351351 0.148000 0.216216
0 0.677000 0.337838 0.110000 0.207207
0 0.454000 0.770270 0.140000 0.261261