0 0.047000 0.658416 0.054000 0.465347
2 0.125000 0.519802 0.042000 0.069307
3 0.574000 0.519802 0.808000 0.029703
0 0.204000 0.366337 0.048000 0.158416
0 0.231000 0.207921 0.002000 0.158416
0 0.362000 0.376238 0.032000 0.178218
2 0.415000 0.371287 0.026000 0.168317
0 0.469000 0.396040 0.022000 0.237624
0 0.490000 0.198020 0.004000 0.099010
3 0.650000 0.331683 0.024000 0.326733
0 0.697000 0.381188 0.030000 0.128713
0 0.710000 0.232673 0.008000 0.089109
2 0.750000 0.386139 0.032000 0.198020
0 0.820000 0.371287 0.048000 0.207921
3 0.863000 0.311881 0.018000 0.425743
0 0.617000 0.772277 0.038000 0.198020
0 0.293000 0.386139 0.082000 0.178218
0 0.565000 0.361386 0.098000 0.188119
0 0.487000 0.752475 0.134000 0.217822