0 0.041000 0.434343 0.042000 0.363636
2 0.122000 0.358586 0.040000 0.090909
0 0.224000 0.328283 0.044000 0.131313
0 0.260000 0.191919 0.004000 0.080808
0 0.437000 0.328283 0.042000 0.212121
2 0.503000 0.328283 0.026000 0.171717
0 0.567000 0.409091 0.030000 0.272727
3 0.778000 0.292929 0.016000 0.282828
0 0.820000 0.323232 0.048000 0.141414
0 0.853000 0.166667 0.002000 0.070707
2 0.879000 0.333333 0.026000 0.161616
0 0.930000 0.328283 0.040000 0.212121
3 0.966000 0.277778 0.016000 0.353535
3 0.589000 0.575758 0.778000 0.040404
0 0.592000 0.813131 0.044000 0.171717
0 0.337000 0.343434 0.102000 0.202020
0 0.688000 0.348485 0.088000 0.171717
0 0.478000 0.813131 0.100000 0.151515