0 0.029000 0.532468 0.018000 0.181818
3 0.058000 0.493506 0.024000 0.597403
0 0.073000 0.480519 0.018000 0.155844
1 0.088000 0.571429 0.012000 0.077922
3 0.205000 0.461039 0.010000 0.402597
0 0.227000 0.474026 0.018000 0.168831
1 0.301000 0.571429 0.010000 0.077922
3 0.315000 0.474026 0.014000 0.480519
2 0.340000 0.487013 0.012000 0.012987
0 0.373000 0.461039 0.018000 0.168831
1 0.385000 0.558442 0.014000 0.103896
3 0.502000 0.448052 0.012000 0.428571
0 0.521000 0.487013 0.018000 0.142857
0 0.578000 0.480519 0.020000 0.155844
1 0.598000 0.571429 0.016000 0.129870
3 0.612000 0.467532 0.012000 0.467532
3 0.630000 0.493506 0.020000 0.727273
2 0.659000 0.519481 0.022000 0.077922
0 0.690000 0.500000 0.016000 0.168831
1 0.702000 0.597403 0.008000 0.077922
0 0.721000 0.512987 0.014000 0.142857
1 0.732000 0.584416 0.012000 0.103896
3 0.817000 0.551948 0.010000 0.454545
0 0.840000 0.493506 0.020000 0.155844
1 0.859000 0.584416 0.014000 0.129870
0 0.927000 0.493506 0.018000 0.155844
1 0.947000 0.636364 0.014000 0.103896
3 0.970000 0.584416 0.016000 0.467532
2 0.251000 0.487013 0.010000 0.012987
0 0.283000 0.474026 0.018000 0.168831
0 0.146000 0.467532 0.072000 0.181818
0 0.445000 0.480519 0.074000 0.181818
0 0.776000 0.487013 0.048000 0.142857