0 0.024000 0.661290 0.008000 0.225806
3 0.048000 0.572581 0.016000 0.500000
0 0.077000 0.620968 0.014000 0.209677
1 0.098000 0.750000 0.012000 0.112903
3 0.216000 0.524194 0.012000 0.532258
0 0.244000 0.556452 0.020000 0.306452
0 0.304000 0.516129 0.020000 0.322581
1 0.325000 0.701613 0.006000 0.112903
3 0.339000 0.524194 0.010000 0.532258
2 0.369000 0.540323 0.014000 0.016129
0 0.401000 0.516129 0.010000 0.161290
1 0.413000 0.612903 0.002000 0.096774
3 0.508000 0.483871 0.008000 0.516129
0 0.535000 0.500000 0.018000 0.290323
0 0.586000 0.483871 0.020000 0.258065
1 0.605000 0.612903 0.002000 0.129032
3 0.619000 0.483871 0.010000 0.548387
3 0.640000 0.467742 0.012000 0.612903
2 0.670000 0.491935 0.016000 0.112903
0 0.701000 0.500000 0.014000 0.161290
1 0.714000 0.612903 0.008000 0.096774
0 0.728000 0.508065 0.008000 0.145161
1 0.739000 0.596774 0.002000 0.096774
3 0.828000 0.483871 0.012000 0.548387
0 0.853000 0.491935 0.022000 0.274194
1 0.877000 0.661290 0.014000 0.161290
2 0.899000 0.491935 0.010000 0.016129
0 0.929000 0.483871 0.026000 0.322581
1 0.955000 0.637097 0.010000 0.145161
3 0.972000 0.467742 0.012000 0.548387
0 0.160000 0.596774 0.060000 0.225806
0 0.459000 0.508065 0.058000 0.209677
0 0.781000 0.491935 0.050000 0.209677