0 0.028000 0.457447 0.016000 0.106383
3 0.053000 0.457447 0.022000 0.702128
0 0.069000 0.446809 0.022000 0.127660
1 0.077000 0.526596 0.010000 0.053191
3 0.188000 0.494681 0.016000 0.521277
0 0.211000 0.457447 0.030000 0.212766
2 0.244000 0.473404 0.012000 0.010638
1 0.292000 0.585106 0.012000 0.063830
3 0.307000 0.531915 0.014000 0.531915
0 0.368000 0.457447 0.020000 0.127660
1 0.379000 0.542553 0.006000 0.085106
3 0.479000 0.457447 0.014000 0.425532
0 0.497000 0.425532 0.022000 0.148936
2 0.524000 0.436170 0.012000 0.021277
1 0.567000 0.563830 0.010000 0.106383
3 0.583000 0.462766 0.006000 0.436170
3 0.592000 0.500000 0.020000 0.702128
2 0.628000 0.446809 0.024000 0.063830
0 0.667000 0.420213 0.018000 0.117021
1 0.670000 0.478723 0.008000 0.042553
0 0.701000 0.404255 0.022000 0.106383
1 0.707000 0.494681 0.006000 0.074468
3 0.801000 0.510638 0.014000 0.574468
0 0.831000 0.468085 0.026000 0.212766
1 0.847000 0.601064 0.006000 0.074468
0 0.928000 0.473404 0.028000 0.244681
1 0.951000 0.617021 0.010000 0.063830
3 0.970000 0.547872 0.016000 0.691489
0 0.544000 0.430851 0.024000 0.180851
0 0.270000 0.468085 0.020000 0.170213
0 0.135000 0.420213 0.066000 0.159574
0 0.429000 0.446809 0.062000 0.148936
0 0.755000 0.420213 0.050000 0.117021