0 0.032000 0.458824 0.024000 0.282353
3 0.071000 0.417647 0.018000 0.600000
0 0.100000 0.388235 0.020000 0.188235
1 0.127000 0.470588 0.014000 0.117647
3 0.227000 0.411765 0.010000 0.470588
0 0.253000 0.417647 0.018000 0.176471
0 0.315000 0.400000 0.030000 0.188235
1 0.342000 0.517647 0.012000 0.094118
3 0.352000 0.464706 0.012000 0.552941
2 0.381000 0.452941 0.014000 0.011765
0 0.409000 0.423529 0.018000 0.164706
1 0.424000 0.547059 0.008000 0.129412
3 0.508000 0.447059 0.012000 0.447059
0 0.531000 0.476471 0.022000 0.176471
2 0.566000 0.476471 0.012000 0.011765
0 0.598000 0.464706 0.036000 0.176471
1 0.628000 0.552941 0.004000 0.141176
2 0.681000 0.452941 0.014000 0.082353
0 0.705000 0.482353 0.018000 0.141176
1 0.725000 0.547059 0.018000 0.105882
0 0.747000 0.488235 0.018000 0.129412
1 0.761000 0.570588 0.002000 0.082353
3 0.831000 0.541176 0.010000 0.517647
0 0.853000 0.552941 0.022000 0.164706
1 0.874000 0.705882 0.004000 0.094118
2 0.901000 0.541176 0.018000 0.023529
0 0.939000 0.552941 0.034000 0.211765
1 0.961000 0.741176 0.018000 0.094118
3 0.972000 0.582353 0.012000 0.576471
3 0.640000 0.500000 0.008000 0.576471
3 0.657000 0.505882 0.010000 0.541176
0 0.172000 0.405882 0.064000 0.294118
0 0.465000 0.417647 0.058000 0.247059
0 0.800000 0.482353 0.052000 0.164706