0 0.030000 0.636364 0.020000 0.181818
3 0.062000 0.572727 0.012000 0.454545
0 0.084000 0.554545 0.016000 0.163636
1 0.098000 0.654545 0.008000 0.072727
3 0.195000 0.518182 0.010000 0.381818
0 0.219000 0.518182 0.026000 0.200000
0 0.275000 0.481818 0.026000 0.200000
1 0.296000 0.600000 0.008000 0.072727
3 0.305000 0.527273 0.010000 0.436364
0 0.351000 0.445455 0.010000 0.163636
1 0.363000 0.518182 0.010000 0.127273
3 0.453000 0.481818 0.006000 0.345455
0 0.477000 0.490909 0.030000 0.218182
2 0.504000 0.500000 0.016000 0.018182
0 0.535000 0.490909 0.026000 0.254545
1 0.558000 0.609091 0.012000 0.127273
3 0.568000 0.490909 0.012000 0.400000
3 0.574000 0.536364 0.012000 0.527273
2 0.611000 0.518182 0.030000 0.090909
0 0.653000 0.454545 0.022000 0.218182
1 0.673000 0.572727 0.010000 0.090909
0 0.697000 0.454545 0.018000 0.181818
1 0.714000 0.572727 0.012000 0.163636
3 0.831000 0.436364 0.010000 0.400000
0 0.855000 0.400000 0.026000 0.254545
1 0.877000 0.536364 0.014000 0.127273
0 0.935000 0.390909 0.034000 0.272727
1 0.962000 0.527273 0.008000 0.109091
3 0.971000 0.427273 0.014000 0.490909
0 0.147000 0.509091 0.066000 0.254545
0 0.406000 0.445455 0.060000 0.236364
0 0.776000 0.436364 0.072000 0.254545