0 0.029000 0.508197 0.018000 0.163934
3 0.052000 0.500000 0.012000 0.508197
0 0.074000 0.500000 0.016000 0.147541
1 0.092000 0.598361 0.012000 0.114754
3 0.191000 0.500000 0.010000 0.508197
0 0.211000 0.475410 0.022000 0.295082
2 0.235000 0.500000 0.014000 0.016393
0 0.264000 0.491803 0.024000 0.327869
1 0.285000 0.639344 0.010000 0.131148
3 0.298000 0.500000 0.012000 0.540984
0 0.352000 0.500000 0.016000 0.147541
1 0.367000 0.631148 0.010000 0.147541
3 0.460000 0.475410 0.012000 0.491803
0 0.484000 0.491803 0.024000 0.295082
2 0.511000 0.500000 0.018000 0.016393
0 0.542000 0.459016 0.028000 0.327869
1 0.565000 0.614754 0.010000 0.180328
3 0.580000 0.467213 0.012000 0.573770
3 0.596000 0.467213 0.012000 0.606557
2 0.625000 0.516393 0.022000 0.114754
0 0.656000 0.532787 0.016000 0.180328
1 0.667000 0.672131 0.010000 0.163934
0 0.689000 0.540984 0.018000 0.196721
1 0.705000 0.696721 0.010000 0.147541
3 0.816000 0.500000 0.016000 0.573770
0 0.842000 0.532787 0.032000 0.311475
1 0.871000 0.680328 0.014000 0.147541
2 0.889000 0.516393 0.018000 0.016393
0 0.928000 0.524590 0.028000 0.327869
1 0.953000 0.713115 0.014000 0.147541
3 0.971000 0.491803 0.014000 0.655738
0 0.145000 0.459016 0.066000 0.229508
0 0.414000 0.450820 0.064000 0.311475
0 0.759000 0.508197 0.074000 0.327869