0 0.100000 0.311111 0.068000 0.222222
3 0.114000 0.450000 0.184000 0.055556
0 0.208000 0.733333 0.036000 0.288889
2 0.313000 0.366667 0.046000 0.111111
0 0.481000 0.266667 0.038000 0.311111
3 0.482000 0.433333 0.172000 0.022222
0 0.578000 0.722222 0.040000 0.288889
2 0.704000 0.361111 0.052000 0.122222
0 0.873000 0.294444 0.038000 0.188889
3 0.881000 0.438889 0.170000 0.033333
0 0.958000 0.716667 0.036000 0.188889
0 0.087000 0.766667 0.134000 0.200000
0 0.450000 0.750000 0.148000 0.233333
0 0.851000 0.733333 0.126000 0.200000