0 0.123000 0.195804 0.050000 0.251748
3 0.128000 0.391608 0.216000 0.013986
0 0.245000 0.615385 0.034000 0.223776
2 0.317000 0.384615 0.030000 0.055944
0 0.501000 0.248252 0.046000 0.202797
3 0.501000 0.409091 0.262000 0.020979
0 0.583000 0.667832 0.058000 0.300699
2 0.691000 0.374126 0.018000 0.048951
0 0.845000 0.244755 0.038000 0.153846
3 0.863000 0.384615 0.230000 0.013986
0 0.949000 0.566434 0.042000 0.223776
0 0.119000 0.685315 0.154000 0.349650
0 0.452000 0.734266 0.128000 0.391608
0 0.830000 0.660839 0.144000 0.370629