0 0.131000 0.219048 0.054000 0.247619
3 0.154000 0.523810 0.268000 0.019048
0 0.243000 0.728571 0.042000 0.219048
2 0.342000 0.547619 0.056000 0.142857
0 0.488000 0.323810 0.028000 0.380952
3 0.516000 0.595238 0.228000 0.028571
0 0.589000 0.780952 0.034000 0.209524
2 0.700000 0.557143 0.076000 0.123810
0 0.871000 0.338095 0.050000 0.200000
3 0.877000 0.571429 0.198000 0.019048
0 0.951000 0.747619 0.034000 0.142857
0 0.124000 0.704762 0.144000 0.228571
0 0.488000 0.804762 0.124000 0.180952
0 0.863000 0.728571 0.114000 0.161905