0 0.126000 0.243478 0.056000 0.191304
3 0.134000 0.500000 0.228000 0.078261
0 0.183000 0.804348 0.050000 0.200000
2 0.307000 0.491304 0.046000 0.113043
0 0.440000 0.265217 0.028000 0.217391
3 0.484000 0.491304 0.256000 0.113043
0 0.520000 0.778261 0.044000 0.234783
2 0.663000 0.452174 0.030000 0.104348
0 0.826000 0.147826 0.032000 0.121739
3 0.847000 0.439130 0.262000 0.078261
0 0.930000 0.717391 0.048000 0.269565
0 0.073000 0.791304 0.106000 0.173913
0 0.412000 0.791304 0.104000 0.208696
0 0.796000 0.726087 0.128000 0.165217