0 0.114000 0.262931 0.048000 0.146552
3 0.123000 0.452586 0.206000 0.025862
0 0.184000 0.724138 0.036000 0.293103
2 0.292000 0.387931 0.036000 0.068966
0 0.474000 0.241379 0.032000 0.310345
3 0.482000 0.517241 0.220000 0.034483
0 0.547000 0.767241 0.046000 0.275862
2 0.672000 0.452586 0.036000 0.077586
0 0.835000 0.280172 0.046000 0.163793
3 0.849000 0.508621 0.258000 0.034483
0 0.917000 0.771552 0.050000 0.250000
0 0.089000 0.711207 0.098000 0.181034
0 0.431000 0.771552 0.094000 0.181034
0 0.805000 0.771552 0.094000 0.198276