0 0.081000 0.286408 0.058000 0.165049
3 0.107000 0.461165 0.166000 0.009709
0 0.213000 0.694175 0.046000 0.320388
2 0.261000 0.427184 0.034000 0.077670
3 0.462000 0.466019 0.300000 0.019417
0 0.453000 0.257282 0.038000 0.320388
0 0.525000 0.737864 0.046000 0.310680
2 0.667000 0.432039 0.054000 0.106796
0 0.793000 0.291262 0.050000 0.174757
3 0.848000 0.470874 0.260000 0.009709
0 0.921000 0.718447 0.050000 0.252427
0 0.091000 0.699029 0.142000 0.271845
0 0.391000 0.723301 0.134000 0.300971
0 0.794000 0.728155 0.148000 0.252427