0 0.103000 0.252033 0.050000 0.227642
3 0.121000 0.463415 0.202000 0.032520
0 0.203000 0.743902 0.046000 0.317073
2 0.291000 0.451220 0.034000 0.073171
0 0.445000 0.223577 0.034000 0.284553
3 0.483000 0.467480 0.238000 0.040650
0 0.544000 0.747967 0.048000 0.325203
2 0.669000 0.475610 0.046000 0.073171
0 0.810000 0.280488 0.048000 0.170732
3 0.858000 0.447154 0.240000 0.065041
0 0.913000 0.743902 0.062000 0.317073
0 0.100000 0.731707 0.116000 0.243902
0 0.430000 0.780488 0.108000 0.227642
0 0.800000 0.752033 0.100000 0.252033