0 0.105000 0.223077 0.066000 0.153846
3 0.111000 0.450000 0.182000 0.023077
0 0.204000 0.707692 0.064000 0.338462
2 0.289000 0.461538 0.058000 0.092308
0 0.477000 0.215385 0.050000 0.276923
3 0.469000 0.488462 0.194000 0.038462
0 0.558000 0.742308 0.084000 0.330769
2 0.670000 0.484615 0.068000 0.107692
0 0.848000 0.303846 0.048000 0.192308
3 0.861000 0.523077 0.230000 0.046154
0 0.943000 0.780769 0.062000 0.284615
0 0.084000 0.700000 0.128000 0.230769
0 0.424000 0.715385 0.120000 0.230769
0 0.808000 0.734615 0.136000 0.253846