0 0.036000 0.592593 0.032000 0.333333
2 0.094000 0.625000 0.040000 0.083333
0 0.158000 0.601852 0.036000 0.092593
0 0.215000 0.518519 0.030000 0.185185
3 0.259000 0.546296 0.018000 0.277778
0 0.296000 0.513889 0.028000 0.212963
3 0.323000 0.541667 0.018000 0.379630
2 0.368000 0.578704 0.036000 0.083333
0 0.430000 0.560185 0.032000 0.138889
0 0.470000 0.518519 0.048000 0.666667
0 0.521000 0.162037 0.026000 0.138889
1 0.507000 0.865741 0.014000 0.083333
3 0.648000 0.560185 0.020000 0.620370
1 0.689000 0.388889 0.030000 0.129630
3 0.693000 0.546296 0.054000 0.018519
1 0.693000 0.712963 0.030000 0.129630
0 0.764000 0.476852 0.048000 0.194444
0 0.824000 0.481481 0.032000 0.148148
1 0.852000 0.328704 0.024000 0.120370
3 0.865000 0.564815 0.050000 0.648148
0 0.919000 0.486111 0.030000 0.194444
0 0.965000 0.550926 0.026000 0.157407
0 0.575000 0.541667 0.078000 0.138889