0 0.035000 0.649038 0.030000 0.355769
2 0.094000 0.610577 0.028000 0.048077
0 0.162000 0.581731 0.032000 0.201923
0 0.217000 0.567308 0.038000 0.288462
3 0.266000 0.552885 0.012000 0.355769
0 0.296000 0.538462 0.028000 0.173077
3 0.325000 0.528846 0.010000 0.365385
2 0.369000 0.548077 0.030000 0.057692
0 0.418000 0.528846 0.032000 0.192308
0 0.467000 0.524038 0.058000 0.701923
0 0.529000 0.173077 0.026000 0.153846
1 0.511000 0.846154 0.018000 0.096154
3 0.649000 0.528846 0.018000 0.596154
1 0.697000 0.384615 0.022000 0.153846
3 0.700000 0.533654 0.052000 0.009615
1 0.699000 0.692308 0.030000 0.211538
0 0.767000 0.432692 0.038000 0.134615
0 0.815000 0.442308 0.026000 0.173077
1 0.847000 0.326923 0.018000 0.115385
3 0.865000 0.528846 0.030000 0.653846
0 0.925000 0.451923 0.034000 0.250000
0 0.965000 0.519231 0.022000 0.173077
0 0.574000 0.591346 0.092000 0.375000