0 0.040000 0.495495 0.040000 0.324324
2 0.106000 0.490991 0.028000 0.063063
0 0.182000 0.490991 0.036000 0.099099
0 0.244000 0.454955 0.044000 0.261261
3 0.297000 0.495495 0.018000 0.450450
0 0.337000 0.477477 0.022000 0.234234
3 0.364000 0.477477 0.012000 0.396396
2 0.404000 0.490991 0.024000 0.063063
0 0.472000 0.463964 0.024000 0.117117
0 0.517000 0.513514 0.030000 0.576577
0 0.555000 0.162162 0.026000 0.144144
1 0.546000 0.851351 0.012000 0.099099
3 0.685000 0.513514 0.026000 0.630631
1 0.726000 0.283784 0.008000 0.153153
1 0.736000 0.657658 0.028000 0.198198
0 0.784000 0.351351 0.032000 0.162162
0 0.849000 0.396396 0.030000 0.144144
1 0.873000 0.274775 0.018000 0.117117
3 0.892000 0.500000 0.028000 0.657658
0 0.937000 0.396396 0.018000 0.234234
0 0.966000 0.468468 0.020000 0.108108
0 0.604000 0.445946 0.076000 0.135135