0 0.043000 0.623711 0.046000 0.360825
2 0.103000 0.484536 0.022000 0.061856
0 0.183000 0.474227 0.046000 0.144330
0 0.249000 0.355670 0.054000 0.360825
3 0.290000 0.371134 0.016000 0.412371
0 0.306000 0.376289 0.036000 0.257732
3 0.346000 0.407216 0.012000 0.422680
2 0.388000 0.438144 0.028000 0.072165
0 0.449000 0.448454 0.038000 0.134021
0 0.504000 0.448454 0.024000 0.670103
0 0.530000 0.190722 0.024000 0.154639
1 0.529000 0.814433 0.014000 0.082474
3 0.682000 0.484536 0.024000 0.762887
1 0.723000 0.293814 0.010000 0.195876
3 0.728000 0.427835 0.092000 0.030928
1 0.721000 0.675258 0.038000 0.257732
0 0.805000 0.422680 0.038000 0.226804
0 0.849000 0.469072 0.018000 0.134021
1 0.864000 0.350515 0.020000 0.103093
3 0.884000 0.500000 0.024000 0.773196
0 0.935000 0.427835 0.026000 0.298969
0 0.966000 0.536082 0.024000 0.123711
0 0.606000 0.463918 0.072000 0.164948