0 0.035000 0.570000 0.030000 0.280000
2 0.100000 0.590000 0.028000 0.080000
0 0.167000 0.585000 0.034000 0.150000
0 0.221000 0.565000 0.030000 0.270000
3 0.257000 0.560000 0.010000 0.300000
0 0.285000 0.550000 0.018000 0.180000
3 0.317000 0.570000 0.010000 0.280000
2 0.376000 0.585000 0.028000 0.070000
0 0.444000 0.585000 0.040000 0.130000
0 0.496000 0.530000 0.032000 0.540000
1 0.516000 0.865000 0.016000 0.070000
0 0.525000 0.150000 0.014000 0.100000
3 0.666000 0.535000 0.016000 0.510000
1 0.707000 0.405000 0.018000 0.130000
3 0.707000 0.535000 0.038000 0.010000
1 0.711000 0.685000 0.026000 0.110000
0 0.771000 0.520000 0.030000 0.180000
0 0.825000 0.510000 0.034000 0.160000
1 0.861000 0.385000 0.018000 0.110000
3 0.892000 0.530000 0.016000 0.520000
0 0.932000 0.465000 0.024000 0.230000
0 0.964000 0.505000 0.028000 0.110000
0 0.591000 0.520000 0.098000 0.180000