0 0.036000 0.600000 0.032000 0.342857
2 0.095000 0.525000 0.026000 0.064286
0 0.154000 0.485714 0.032000 0.128571
0 0.209000 0.442857 0.034000 0.242857
3 0.252000 0.442857 0.020000 0.271429
0 0.271000 0.457143 0.018000 0.171429
3 0.298000 0.467857 0.020000 0.307143
2 0.346000 0.503571 0.024000 0.050000
0 0.401000 0.475000 0.030000 0.135714
0 0.442000 0.482143 0.036000 0.592857
1 0.442000 0.878571 0.016000 0.100000
0 0.469000 0.128571 0.026000 0.114286
3 0.603000 0.525000 0.046000 0.592857
1 0.647000 0.346429 0.002000 0.135714
1 0.646000 0.692857 0.032000 0.157143
0 0.715000 0.457143 0.042000 0.214286
0 0.773000 0.453571 0.030000 0.235714
1 0.813000 0.332143 0.022000 0.092857
3 0.854000 0.528571 0.040000 0.614286
0 0.920000 0.485714 0.020000 0.200000
0 0.964000 0.485714 0.028000 0.200000
0 0.521000 0.478571 0.082000 0.171429