0 0.036000 0.584677 0.032000 0.314516
2 0.119000 0.560484 0.038000 0.120968
0 0.208000 0.536290 0.040000 0.169355
0 0.291000 0.475806 0.058000 0.338710
3 0.340000 0.487903 0.020000 0.346774
0 0.368000 0.483871 0.032000 0.258065
3 0.399000 0.479839 0.026000 0.379032
2 0.445000 0.524194 0.026000 0.080645
0 0.504000 0.483871 0.040000 0.161290
0 0.573000 0.145161 0.018000 0.129032
1 0.550000 0.862903 0.016000 0.112903
1 0.730000 0.346774 0.004000 0.145161
3 0.727000 0.504032 0.034000 0.008065
1 0.739000 0.645161 0.026000 0.161290
0 0.771000 0.439516 0.042000 0.201613
0 0.823000 0.439516 0.030000 0.169355
1 0.849000 0.270161 0.026000 0.137097
3 0.869000 0.516129 0.058000 0.677419
0 0.927000 0.491935 0.046000 0.225806
0 0.964000 0.548387 0.024000 0.129032
0 0.521000 0.516129 0.054000 0.661290
3 0.708000 0.495968 0.052000 0.733871
0 0.628000 0.479839 0.088000 0.185484