0 0.040000 0.629630 0.040000 0.407407
2 0.100000 0.555556 0.040000 0.074074
0 0.174000 0.509259 0.044000 0.166667
0 0.227000 0.453704 0.042000 0.259259
3 0.266000 0.467593 0.016000 0.398148
0 0.295000 0.435185 0.030000 0.203704
3 0.323000 0.472222 0.018000 0.462963
2 0.362000 0.500000 0.036000 0.092593
0 0.419000 0.490741 0.042000 0.166667
0 0.464000 0.500000 0.044000 0.666667
0 0.511000 0.189815 0.022000 0.194444
1 0.506000 0.837963 0.020000 0.120370
3 0.651000 0.504630 0.018000 0.601852
1 0.689000 0.305556 0.006000 0.148148
3 0.690000 0.486111 0.052000 0.009259
1 0.696000 0.726852 0.028000 0.194444
0 0.753000 0.449074 0.046000 0.212963
0 0.809000 0.458333 0.038000 0.175926
1 0.844000 0.287037 0.020000 0.148148
3 0.875000 0.486111 0.022000 0.583333
0 0.919000 0.407407 0.038000 0.333333
0 0.961000 0.490741 0.034000 0.185185
0 0.578000 0.439815 0.104000 0.250000