0 0.237000 0.280172 0.058000 0.215517
2 0.336000 0.327586 0.040000 0.068966
0 0.679000 0.150862 0.054000 0.129310
3 0.675000 0.353448 0.522000 0.034483
3 0.694000 0.706897 0.568000 0.413793
0 0.490000 0.775862 0.040000 0.120690
1 0.518000 0.633621 0.024000 0.112069
2 0.580000 0.758621 0.040000 0.189655
0 0.668000 0.732759 0.040000 0.224138
1 0.700000 0.650862 0.024000 0.112069
2 0.785000 0.767241 0.030000 0.155172
0 0.867000 0.775862 0.030000 0.120690
1 0.900000 0.668103 0.020000 0.094828
0 0.082000 0.275862 0.124000 0.189655