0 0.217000 0.398230 0.058000 0.176991
2 0.312000 0.389381 0.040000 0.088496
0 0.688000 0.154867 0.056000 0.132743
3 0.674000 0.362832 0.608000 0.035398
3 0.673000 0.690265 0.578000 0.442478
0 0.486000 0.787611 0.044000 0.123894
1 0.506000 0.654867 0.020000 0.106195
2 0.550000 0.747788 0.024000 0.150442
0 0.641000 0.765487 0.030000 0.256637
1 0.667000 0.650442 0.022000 0.115044
2 0.730000 0.765487 0.036000 0.168142
0 0.828000 0.814159 0.024000 0.123894
1 0.857000 0.650442 0.022000 0.097345
0 0.076000 0.424779 0.112000 0.159292