0 0.273000 0.362832 0.074000 0.265487
2 0.380000 0.384956 0.072000 0.150442
0 0.638000 0.168142 0.068000 0.159292
3 0.710000 0.353982 0.536000 0.053097
0 0.518000 0.663717 0.056000 0.176991
1 0.550000 0.504425 0.024000 0.088496
2 0.604000 0.676991 0.048000 0.150442
0 0.678000 0.654867 0.036000 0.353982
1 0.715000 0.504425 0.030000 0.123894
2 0.772000 0.668142 0.052000 0.203540
0 0.846000 0.637168 0.048000 0.212389
1 0.897000 0.508850 0.026000 0.115044
3 0.686000 0.654867 0.544000 0.513274
0 0.106000 0.442478 0.172000 0.265487