0 0.214000 0.214844 0.084000 0.164062
2 0.301000 0.207031 0.038000 0.117188
0 0.571000 0.187500 0.070000 0.125000
3 0.663000 0.332031 0.630000 0.085938
3 0.652000 0.660156 0.576000 0.507812
0 0.460000 0.761719 0.056000 0.132812
1 0.491000 0.613281 0.042000 0.070312
2 0.552000 0.726562 0.036000 0.125000
0 0.632000 0.687500 0.040000 0.234375
1 0.668000 0.605469 0.036000 0.117188
2 0.725000 0.746094 0.030000 0.117188
0 0.786000 0.734375 0.036000 0.140625
1 0.844000 0.562500 0.068000 0.125000
0 0.087000 0.207031 0.134000 0.257812