0 0.215000 0.333333 0.070000 0.231293
2 0.305000 0.401361 0.038000 0.054422
0 0.506000 0.149660 0.048000 0.163265
3 0.668000 0.380952 0.616000 0.013605
0 0.455000 0.721088 0.034000 0.163265
1 0.488000 0.571429 0.024000 0.081633
2 0.551000 0.731293 0.034000 0.115646
0 0.628000 0.704082 0.028000 0.210884
1 0.658000 0.574830 0.028000 0.102041
2 0.719000 0.731293 0.034000 0.142857
0 0.804000 0.697279 0.032000 0.129252
1 0.845000 0.585034 0.026000 0.068027
3 0.647000 0.707483 0.514000 0.448980
0 0.078000 0.363946 0.116000 0.183673