0 0.314000 0.336134 0.088000 0.201681
2 0.435000 0.378151 0.050000 0.117647
3 0.755000 0.352941 0.446000 0.016807
0 0.737000 0.130252 0.138000 0.092437
3 0.730000 0.714286 0.416000 0.369748
0 0.634000 0.789916 0.040000 0.084034
1 0.683000 0.722689 0.026000 0.117647
2 0.726000 0.785714 0.036000 0.142857
0 0.778000 0.764706 0.028000 0.168067
1 0.821000 0.697479 0.026000 0.100840
0 0.876000 0.781513 0.032000 0.151261
1 0.907000 0.693277 0.026000 0.092437
2 0.814000 0.857143 0.024000 0.117647
0 0.118000 0.365546 0.196000 0.176471