2 0.041000 0.655000 0.042000 0.030000
0 0.123000 0.605000 0.054000 0.190000
1 0.164000 0.780000 0.024000 0.140000
1 0.177000 0.385000 0.026000 0.150000
2 0.222000 0.645000 0.044000 0.010000
0 0.307000 0.580000 0.050000 0.160000
1 0.341000 0.725000 0.002000 0.090000
1 0.351000 0.315000 0.034000 0.170000
2 0.418000 0.590000 0.044000 0.140000
3 0.505000 0.490000 0.102000 0.380000
1 0.557000 0.830000 0.026000 0.140000
0 0.511000 0.145000 0.038000 0.090000
0 0.630000 0.580000 0.056000 0.180000
1 0.673000 0.350000 0.030000 0.160000
2 0.845000 0.620000 0.038000 0.020000
3 0.908000 0.580000 0.044000 0.160000
1 0.960000 0.345000 0.036000 0.170000
0 0.483000 0.810000 0.014000 0.180000
2 0.518000 0.845000 0.024000 0.070000
0 0.674000 0.660000 0.016000 0.220000
2 0.757000 0.615000 0.046000 0.090000