0 0.053000 0.449438 0.066000 0.494382
3 0.265000 0.483146 0.018000 0.516854
0 0.336000 0.612360 0.056000 0.191011
1 0.378000 0.685393 0.004000 0.134831
3 0.425000 0.769663 0.006000 0.213483
0 0.483000 0.595506 0.054000 0.247191
1 0.537000 0.713483 0.034000 0.146067
0 0.851000 0.601124 0.050000 0.168539
0 0.911000 0.719101 0.026000 0.314607
3 0.955000 0.455056 0.042000 0.685393
2 0.172000 0.589888 0.040000 0.168539
3 0.602000 0.764045 0.004000 0.179775
3 0.678000 0.679775 0.048000 0.011236
3 0.772000 0.691011 0.008000 0.235955