1 0.038000 0.455556 0.036000 0.333333
1 0.081000 0.477778 0.022000 0.377778
1 0.132000 0.466667 0.020000 0.400000
3 0.314000 0.500000 0.008000 0.466667
1 0.364000 0.511111 0.024000 0.311111
1 0.401000 0.500000 0.030000 0.333333
1 0.447000 0.533333 0.026000 0.355556
2 0.518000 0.566667 0.044000 0.200000
1 0.640000 0.477778 0.032000 0.377778
3 0.693000 0.477778 0.022000 0.511111
1 0.842000 0.566667 0.032000 0.288889
1 0.920000 0.533333 0.028000 0.355556
1 0.961000 0.533333 0.030000 0.400000
3 0.228000 0.511111 0.048000 0.488889
1 0.592000 0.488889 0.032000 0.400000
2 0.757000 0.600000 0.034000 0.177778
3 0.881000 0.655556 0.006000 0.066667