0 0.040000 0.679487 0.040000 0.384615
3 0.085000 0.544872 0.022000 0.371795
0 0.111000 0.628205 0.042000 0.153846
3 0.141000 0.532051 0.018000 0.397436
0 0.261000 0.602564 0.030000 0.179487
3 0.356000 0.282051 0.016000 0.282051
0 0.378000 0.333333 0.032000 0.128205
3 0.399000 0.282051 0.018000 0.307692
3 0.450000 0.455128 0.028000 0.576923
0 0.491000 0.544872 0.046000 0.192308
3 0.697000 0.519231 0.022000 0.346154
3 0.754000 0.500000 0.020000 0.410256
3 0.890000 0.461538 0.020000 0.410256
0 0.914000 0.570513 0.044000 0.141026
3 0.944000 0.480769 0.024000 0.448718
3 0.965000 0.474359 0.026000 0.461538
2 0.188000 0.589744 0.032000 0.102564
3 0.301000 0.307692 0.054000 0.205128
2 0.550000 0.512821 0.020000 0.256410
3 0.630000 0.564103 0.080000 0.256410
0 0.721000 0.557692 0.046000 0.166667
3 0.820000 0.583333 0.076000 0.217949