1 0.061000 0.474684 0.034000 0.443038
1 0.135000 0.518987 0.046000 0.405063
1 0.185000 0.481013 0.026000 0.455696
2 0.259000 0.708861 0.042000 0.025316
1 0.320000 0.506329 0.036000 0.531646
1 0.365000 0.550633 0.034000 0.417722
1 0.423000 0.556962 0.038000 0.430380
3 0.460000 0.462025 0.020000 0.670886
2 0.533000 0.525316 0.034000 0.645570
1 0.587000 0.544304 0.046000 0.481013
1 0.639000 0.620253 0.042000 0.303797
1 0.706000 0.588608 0.060000 0.417722
1 0.958000 0.518987 0.040000 0.506329
3 0.025000 0.544304 0.010000 0.658228
3 0.838000 0.651899 0.084000 0.443038