1 0.044000 0.429487 0.048000 0.551282
1 0.084000 0.455128 0.048000 0.474359
1 0.406000 0.442308 0.040000 0.576923
1 0.863000 0.532051 0.046000 0.551282
1 0.905000 0.525641 0.078000 0.487179
1 0.942000 0.532051 0.068000 0.500000
1 0.138000 0.391026 0.044000 0.525641
2 0.221000 0.557692 0.034000 0.397436
3 0.322000 0.467949 0.040000 0.679487
1 0.357000 0.487179 0.046000 0.615385
0 0.450000 0.615385 0.036000 0.282051
1 0.523000 0.480769 0.042000 0.602564
1 0.562000 0.487179 0.040000 0.538462
3 0.605000 0.461538 0.034000 0.666667
0 0.713000 0.615385 0.070000 0.410256
1 0.809000 0.525641 0.054000 0.666667