3 0.028000 0.517241 0.016000 0.586207
3 0.050000 0.534483 0.016000 0.517241
1 0.076000 0.482759 0.008000 0.344828
1 0.098000 0.465517 0.016000 0.310345
1 0.130000 0.456897 0.016000 0.396552
2 0.160000 0.543103 0.020000 0.155172
1 0.197000 0.448276 0.006000 0.310345
1 0.224000 0.405172 0.020000 0.293103
1 0.253000 0.465517 0.018000 0.344828
3 0.276000 0.465517 0.012000 0.482759
3 0.371000 0.474138 0.018000 0.568966
1 0.402000 0.456897 0.032000 0.362069
1 0.380000 0.439655 0.004000 0.258621
1 0.440000 0.431034 0.016000 0.275862
1 0.533000 0.405172 0.010000 0.293103
1 0.551000 0.431034 0.014000 0.413793
1 0.587000 0.405172 0.018000 0.327586
3 0.613000 0.448276 0.010000 0.551724
3 0.631000 0.448276 0.010000 0.551724
2 0.674000 0.482759 0.016000 0.172414
1 0.709000 0.413793 0.006000 0.344828
1 0.774000 0.387931 0.028000 0.396552
1 0.894000 0.379310 0.016000 0.413793
1 0.965000 0.422414 0.022000 0.362069
1 0.741000 0.387931 0.022000 0.327586
3 0.823000 0.543103 0.050000 0.568966
1 0.933000 0.405172 0.022000 0.327586
3 0.489000 0.465517 0.042000 0.241379