1 0.035000 0.564815 0.030000 0.277778
1 0.104000 0.361111 0.016000 0.203704
2 0.157000 0.629630 0.014000 0.148148
3 0.200000 0.518519 0.008000 0.407407
1 0.231000 0.555556 0.018000 0.333333
2 0.275000 0.703704 0.022000 0.037037
3 0.343000 0.527778 0.074000 0.500000
1 0.338000 0.638889 0.020000 0.240741
1 0.364000 0.629630 0.016000 0.296296
3 0.402000 0.500000 0.008000 0.555556
1 0.454000 0.287037 0.008000 0.129630
2 0.487000 0.703704 0.026000 0.037037
1 0.578000 0.481481 0.020000 0.333333
2 0.619000 0.629630 0.022000 0.148148
3 0.681000 0.509259 0.054000 0.425926
1 0.677000 0.601852 0.014000 0.203704
1 0.699000 0.592593 0.010000 0.259259
3 0.720000 0.500000 0.008000 0.629630
0 0.757000 0.638889 0.034000 0.166667
2 0.807000 0.648148 0.022000 0.148148
1 0.854000 0.583333 0.032000 0.277778
2 0.880000 0.648148 0.016000 0.148148
3 0.944000 0.537037 0.064000 0.407407
1 0.941000 0.629630 0.014000 0.222222
1 0.967000 0.601852 0.022000 0.314815
0 0.076000 0.648148 0.032000 0.148148
0 0.430000 0.666667 0.024000 0.148148
3 0.538000 0.500000 0.004000 0.481481