0 0.027000 0.486111 0.014000 0.361111
0 0.061000 0.638889 0.018000 0.138889
3 0.264000 0.590278 0.012000 0.486111
1 0.314000 0.625000 0.020000 0.111111
3 0.342000 0.590278 0.008000 0.402778
1 0.368000 0.451389 0.016000 0.152778
2 0.415000 0.611111 0.030000 0.194444
3 0.472000 0.604167 0.016000 0.402778
1 0.489000 0.611111 0.006000 0.250000
1 0.534000 0.631944 0.024000 0.152778
3 0.559000 0.763889 0.006000 0.111111
1 0.591000 0.611111 0.014000 0.222222
3 0.626000 0.590278 0.016000 0.541667
1 0.673000 0.354167 0.018000 0.125000
1 0.843000 0.534722 0.034000 0.319444
1 0.868000 0.625000 0.012000 0.444444
1 0.898000 0.527778 0.012000 0.277778
1 0.962000 0.569444 0.032000 0.305556
2 0.116000 0.638889 0.024000 0.111111
1 0.288000 0.562500 0.016000 0.236111
1 0.509000 0.604167 0.002000 0.236111
2 0.769000 0.666667 0.030000 0.166667
3 0.922000 0.756944 0.004000 0.152778
3 0.437000 0.423611 0.486000 0.569444