1 0.039000 0.554688 0.038000 0.453125
1 0.078000 0.648438 0.020000 0.203125
2 0.162000 0.640625 0.048000 0.375000
3 0.248000 0.523438 0.016000 0.484375
1 0.313000 0.515625 0.030000 0.343750
1 0.356000 0.507812 0.032000 0.359375
1 0.499000 0.476562 0.026000 0.390625
1 0.544000 0.492188 0.028000 0.390625
3 0.594000 0.453125 0.020000 0.593750
1 0.807000 0.343750 0.038000 0.375000
1 0.853000 0.367188 0.022000 0.296875
3 0.885000 0.476562 0.010000 0.046875
1 0.924000 0.414062 0.024000 0.171875
1 0.963000 0.359375 0.030000 0.406250
3 0.438000 0.531250 0.052000 0.312500
2 0.695000 0.468750 0.034000 0.125000