1 0.042000 0.491525 0.044000 0.508475
1 0.103000 0.457627 0.030000 0.440678
3 0.259000 0.474576 0.018000 0.610169
3 0.286000 0.542373 0.016000 0.474576
1 0.333000 0.584746 0.026000 0.389831
1 0.363000 0.567797 0.006000 0.389831
2 0.416000 0.601695 0.048000 0.254237
1 0.461000 0.567797 0.002000 0.389831
1 0.479000 0.567797 0.002000 0.322034
1 0.509000 0.584746 0.026000 0.355932
3 0.549000 0.525424 0.022000 0.576271
0 0.609000 0.686441 0.030000 0.254237
1 0.682000 0.533898 0.004000 0.457627
1 0.713000 0.542373 0.046000 0.372881
1 0.753000 0.559322 0.022000 0.406780
3 0.786000 0.491525 0.016000 0.576271
0 0.855000 0.644068 0.022000 0.203390
1 0.890000 0.500000 0.004000 0.457627
1 0.918000 0.542373 0.028000 0.440678
1 0.960000 0.584746 0.036000 0.322034
0 0.183000 0.449153 0.054000 0.457627