3 0.029000 0.491803 0.018000 0.655738
3 0.062000 0.549180 0.008000 0.573770
1 0.108000 0.401639 0.024000 0.377049
1 0.139000 0.516393 0.042000 0.442623
2 0.197000 0.565574 0.030000 0.278689
1 0.247000 0.540984 0.002000 0.262295
1 0.274000 0.508197 0.024000 0.393443
1 0.315000 0.500000 0.034000 0.344262
3 0.356000 0.565574 0.016000 0.508197
1 0.504000 0.508197 0.036000 0.295082
1 0.545000 0.532787 0.018000 0.245902
3 0.580000 0.491803 0.028000 0.655738
1 0.731000 0.524590 0.026000 0.229508
1 0.763000 0.606557 0.018000 0.295082
1 0.794000 0.581967 0.020000 0.147541
1 0.961000 0.573770 0.034000 0.196721
0 0.898000 0.622951 0.032000 0.393443
0 0.657000 0.598361 0.050000 0.377049
0 0.430000 0.598361 0.072000 0.377049