1 0.033000 0.379310 0.026000 0.310345
1 0.054000 0.379310 0.016000 0.379310
3 0.094000 0.448276 0.012000 0.551724
0 0.120000 0.456897 0.036000 0.189655
1 0.152000 0.301724 0.016000 0.224138
2 0.183000 0.387931 0.018000 0.224138
0 0.229000 0.405172 0.030000 0.224138
1 0.266000 0.301724 0.016000 0.224138
1 0.248000 0.422414 0.008000 0.500000
3 0.285000 0.405172 0.010000 0.465517
1 0.249000 0.448276 0.018000 0.413793
2 0.333000 0.431034 0.030000 0.310345
1 0.389000 0.448276 0.018000 0.310345
1 0.416000 0.448276 0.016000 0.275862
1 0.438000 0.439655 0.016000 0.258621
0 0.480000 0.474138 0.024000 0.189655
0 0.514000 0.465517 0.028000 0.172414
2 0.565000 0.405172 0.018000 0.258621
1 0.601000 0.439655 0.018000 0.327586
1 0.621000 0.456897 0.022000 0.189655
3 0.371000 0.551724 0.010000 0.551724
3 0.645000 0.525862 0.010000 0.465517
3 0.674000 0.517241 0.012000 0.586207
0 0.693000 0.482759 0.034000 0.172414
2 0.740000 0.448276 0.024000 0.275862
0 0.775000 0.482759 0.030000 0.172414
3 0.797000 0.482759 0.018000 0.448276
2 0.838000 0.413793 0.016000 0.241379
1 0.967000 0.431034 0.022000 0.206897
1 0.865000 0.439655 0.022000 0.327586
1 0.899000 0.431034 0.026000 0.275862
2 0.931000 0.474138 0.026000 0.120690