3 0.190000 0.427928 0.028000 0.369369
1 0.520000 0.747748 0.036000 0.234234
2 0.565000 0.837838 0.026000 0.126126
1 0.625000 0.806306 0.034000 0.207207
3 0.566000 0.536036 0.120000 0.045045
1 0.524000 0.198198 0.040000 0.180180
2 0.568000 0.274775 0.028000 0.027027
1 0.622000 0.234234 0.040000 0.234234
2 0.841000 0.463964 0.030000 0.027027
1 0.940000 0.234234 0.024000 0.288288
3 0.947000 0.463964 0.062000 0.027027
1 0.954000 0.707207 0.036000 0.279279
3 0.079000 0.495495 0.118000 0.162162
3 0.263000 0.405405 0.058000 0.234234
3 0.320000 0.387387 0.040000 0.378378
2 0.418000 0.459459 0.024000 0.090090
2 0.742000 0.477477 0.028000 0.108108