0 0.040000 0.473214 0.040000 0.392857
3 0.081000 0.375000 0.030000 0.321429
3 0.175000 0.379464 0.014000 0.330357
0 0.409000 0.803571 0.042000 0.214286
1 0.505000 0.834821 0.026000 0.133929
2 0.424000 0.156250 0.036000 0.133929
1 0.578000 0.379464 0.048000 0.223214
3 0.595000 0.571429 0.070000 0.017857
3 0.779000 0.513393 0.030000 0.312500
0 0.818000 0.513393 0.032000 0.241071
1 0.871000 0.437500 0.030000 0.178571
0 0.908000 0.549107 0.044000 0.116071
3 0.973000 0.468750 0.010000 0.312500
0 0.117000 0.464286 0.034000 0.160714
2 0.268000 0.441964 0.044000 0.098214
3 0.442000 0.473214 0.104000 0.321429
3 0.476000 0.178571 0.040000 0.089286
2 0.462000 0.861607 0.036000 0.080357
0 0.581000 0.741071 0.050000 0.232143
3 0.707000 0.531250 0.090000 0.169643