0 0.034000 0.635294 0.028000 0.282353
3 0.086000 0.488235 0.020000 0.505882
3 0.145000 0.511765 0.014000 0.505882
0 0.348000 0.317647 0.032000 0.094118
2 0.392000 0.511765 0.024000 0.035294
0 0.490000 0.464706 0.064000 0.388235
0 0.485000 0.205882 0.038000 0.082353
0 0.465000 0.788235 0.026000 0.164706
1 0.541000 0.782353 0.026000 0.176471
0 0.596000 0.547059 0.044000 0.176471
0 0.648000 0.635294 0.040000 0.117647
2 0.689000 0.570588 0.030000 0.011765
0 0.734000 0.564706 0.032000 0.352941
0 0.803000 0.447059 0.042000 0.376471
0 0.859000 0.276471 0.042000 0.105882
2 0.907000 0.282353 0.026000 0.023529
0 0.958000 0.229412 0.040000 0.223529
0 0.114000 0.482353 0.036000 0.282353
2 0.199000 0.529412 0.026000 0.117647
0 0.306000 0.476471 0.048000 0.317647
2 0.500000 0.794118 0.024000 0.058824