0 0.068000 0.250000 0.036000 0.261905
0 0.070000 0.744048 0.032000 0.202381
0 0.101000 0.815476 0.018000 0.130952
0 0.183000 0.458333 0.026000 0.154762
0 0.217000 0.517857 0.034000 0.083333
3 0.270000 0.386905 0.016000 0.345238
0 0.322000 0.440476 0.028000 0.380952
3 0.362000 0.535714 0.004000 0.095238
0 0.389000 0.428571 0.022000 0.142857
3 0.427000 0.404762 0.022000 0.333333
0 0.633000 0.285714 0.042000 0.119048
0 0.644000 0.660714 0.028000 0.154762
0 0.733000 0.410714 0.030000 0.130952
0 0.770000 0.428571 0.036000 0.071429
3 0.824000 0.357143 0.024000 0.309524
0 0.878000 0.375000 0.040000 0.369048
0 0.941000 0.386905 0.018000 0.130952
3 0.967000 0.380952 0.022000 0.357143
3 0.084000 0.535714 0.128000 0.023810
2 0.532000 0.434524 0.032000 0.107143
3 0.643000 0.482143 0.094000 0.011905
3 0.911000 0.476190 0.006000 0.119048