1 0.237000 0.479167 0.002000 0.416667
1 0.280000 0.489583 0.044000 0.520833
1 0.328000 0.479167 0.032000 0.541667
2 0.404000 0.510417 0.036000 0.437500
1 0.463000 0.489583 0.030000 0.395833
1 0.524000 0.479167 0.032000 0.458333
1 0.649000 0.447917 0.038000 0.437500
1 0.706000 0.437500 0.004000 0.458333
2 0.776000 0.427083 0.036000 0.395833
1 0.835000 0.447917 0.006000 0.437500
1 0.884000 0.458333 0.044000 0.500000
1 0.955000 0.510417 0.046000 0.479167
1 0.022000 0.437500 0.004000 0.458333
1 0.057000 0.447917 0.026000 0.437500
0 0.151000 0.489583 0.062000 0.562500