1 0.102000 0.778626 0.040000 0.152672
1 0.479000 0.412214 0.030000 0.213740
1 0.483000 0.820611 0.026000 0.160305
3 0.669000 0.492366 0.618000 0.832061
3 0.035000 0.561069 0.030000 0.618321
3 0.436000 0.599237 0.020000 0.633588
3 0.798000 0.469466 0.020000 0.328244
3 0.225000 0.572519 0.026000 0.519084
3 0.672000 0.530534 0.020000 0.389313
3 0.918000 0.477099 0.024000 0.282443
1 0.092000 0.393130 0.028000 0.312977
3 0.095000 0.633588 0.058000 0.045802
3 0.486000 0.618321 0.060000 0.015267
0 0.189000 0.603053 0.042000 0.091603
0 0.582000 0.580153 0.048000 0.091603
0 0.637000 0.553435 0.046000 0.099237
0 0.828000 0.477099 0.024000 0.190840
0 0.870000 0.477099 0.036000 0.251908
2 0.337000 0.580153 0.046000 0.167939
2 0.738000 0.538168 0.048000 0.129771