1 0.039000 0.588235 0.038000 0.323529
1 0.075000 0.573529 0.006000 0.382353
2 0.130000 0.580882 0.024000 0.014706
1 0.191000 0.595588 0.030000 0.308824
1 0.282000 0.610294 0.036000 0.279412
1 0.308000 0.602941 0.004000 0.264706
2 0.384000 0.573529 0.032000 0.205882
3 0.434000 0.551471 0.012000 0.573529
1 0.464000 0.595588 0.024000 0.250000
1 0.508000 0.551471 0.028000 0.308824
1 0.585000 0.536765 0.026000 0.250000
1 0.842000 0.507353 0.028000 0.308824
3 0.904000 0.477941 0.016000 0.661765
3 0.280000 0.514706 0.108000 0.411765
3 0.571000 0.477941 0.066000 0.455882
0 0.958000 0.639706 0.036000 0.132353
1 0.710000 0.514706 0.036000 0.323529
2 0.643000 0.580882 0.022000 0.044118
1 0.736000 0.522059 0.004000 0.308824
3 0.821000 0.455882 0.118000 0.500000