1 0.033000 0.508772 0.026000 0.350877
1 0.109000 0.500000 0.022000 0.368421
3 0.228000 0.508772 0.012000 0.526316
1 0.275000 0.526316 0.022000 0.350877
1 0.309000 0.543860 0.026000 0.385965
0 0.362000 0.587719 0.020000 0.228070
1 0.406000 0.561404 0.024000 0.350877
1 0.439000 0.473684 0.022000 0.350877
3 0.469000 0.500000 0.010000 0.649123
2 0.523000 0.596491 0.022000 0.210526
3 0.565000 0.464912 0.018000 0.508772
1 0.595000 0.473684 0.030000 0.421053
2 0.632000 0.719298 0.024000 0.035088
1 0.677000 0.491228 0.022000 0.421053
1 0.715000 0.552632 0.026000 0.368421
1 0.745000 0.543860 0.022000 0.350877
3 0.798000 0.526316 0.012000 0.561404
0 0.844000 0.622807 0.016000 0.192982
1 0.914000 0.543860 0.024000 0.315789
1 0.071000 0.543860 0.042000 0.350877
0 0.166000 0.570175 0.036000 0.263158
3 0.211000 0.482456 0.006000 0.508772
1 0.245000 0.482456 0.014000 0.368421
3 0.770000 0.500000 0.012000 0.508772
1 0.877000 0.526316 0.018000 0.421053
1 0.956000 0.587719 0.040000 0.333333