1 0.032000 0.532609 0.024000 0.413043
1 0.071000 0.565217 0.018000 0.391304
1 0.281000 0.554348 0.022000 0.413043
1 0.309000 0.543478 0.014000 0.391304
1 0.421000 0.543478 0.014000 0.347826
1 0.547000 0.489130 0.026000 0.456522
1 0.576000 0.554348 0.024000 0.456522
1 0.605000 0.543478 0.018000 0.434783
1 0.796000 0.489130 0.024000 0.369565
1 0.835000 0.554348 0.022000 0.413043
1 0.876000 0.500000 0.024000 0.304348
1 0.902000 0.532609 0.028000 0.282609
1 0.938000 0.532609 0.016000 0.369565
1 0.968000 0.576087 0.020000 0.326087
1 0.112000 0.532609 0.024000 0.413043
1 0.384000 0.576087 0.024000 0.369565
3 0.166000 0.641304 0.016000 0.239130
3 0.347000 0.663043 0.018000 0.195652
2 0.494000 0.652174 0.024000 0.217391
3 0.712000 0.576087 0.032000 0.413043
3 0.227000 0.489130 0.014000 0.543478
3 0.253000 0.489130 0.014000 0.456522
3 0.447000 0.467391 0.010000 0.500000
3 0.632000 0.500000 0.012000 0.565217