0 0.048000 0.529630 0.056000 0.140741
1 0.471000 0.385185 0.034000 0.177778
3 0.494000 0.544444 0.056000 0.022222
0 0.503000 0.781481 0.034000 0.170370
3 0.631000 0.470370 0.078000 0.288889
0 0.612000 0.148148 0.024000 0.148148
1 0.702000 0.792593 0.020000 0.148148
0 0.769000 0.525926 0.062000 0.148148
0 0.897000 0.537037 0.038000 0.170370
0 0.097000 0.629630 0.006000 0.162963
0 0.122000 0.714815 0.024000 0.200000
2 0.254000 0.551852 0.036000 0.111111
0 0.633000 0.800000 0.046000 0.251852
2 0.669000 0.840741 0.022000 0.081481
0 0.828000 0.329630 0.028000 0.155556
0 0.828000 0.648148 0.004000 0.170370
0 0.955000 0.292593 0.030000 0.200000
0 0.957000 0.707407 0.042000 0.244444