1 0.109000 0.523810 0.026000 0.317460
2 0.177000 0.539683 0.026000 0.444444
1 0.215000 0.555556 0.018000 0.285714
1 0.247000 0.515873 0.018000 0.301587
3 0.032000 0.492063 0.024000 0.666667
3 0.283000 0.484127 0.022000 0.587302
3 0.353000 0.595238 0.026000 0.238095
1 0.459000 0.396825 0.030000 0.476190
1 0.502000 0.468254 0.036000 0.555556
1 0.563000 0.484127 0.042000 0.365079
2 0.799000 0.619048 0.034000 0.063492
1 0.864000 0.412698 0.028000 0.412698
1 0.907000 0.507937 0.034000 0.317460
1 0.958000 0.515873 0.040000 0.365079
1 0.062000 0.547619 0.040000 0.365079
3 0.676000 0.587302 0.044000 0.349206