3 0.023000 0.436364 0.006000 0.400000
1 0.065000 0.472727 0.018000 0.218182
1 0.114000 0.463636 0.016000 0.127273
1 0.169000 0.500000 0.018000 0.236364
1 0.197000 0.481818 0.014000 0.236364
1 0.214000 0.472727 0.012000 0.218182
3 0.230000 0.500000 0.012000 0.527273
3 0.316000 0.500000 0.020000 0.563636
1 0.445000 0.436364 0.014000 0.290909
1 0.458000 0.481818 0.012000 0.127273
1 0.479000 0.490909 0.014000 0.109091
3 0.491000 0.500000 0.014000 0.490909
3 0.508000 0.518182 0.016000 0.563636
3 0.592000 0.445455 0.008000 0.454545
1 0.641000 0.454545 0.018000 0.290909
3 0.711000 0.436364 0.010000 0.400000
1 0.759000 0.400000 0.014000 0.218182
3 0.852000 0.463636 0.016000 0.490909
3 0.863000 0.454545 0.018000 0.545455
1 0.968000 0.472727 0.020000 0.181818
1 0.091000 0.481818 0.018000 0.200000
3 0.045000 0.490909 0.018000 0.363636
0 0.144000 0.545455 0.004000 0.109091
0 0.271000 0.518182 0.018000 0.200000
1 0.334000 0.445455 0.024000 0.309091
1 0.359000 0.454545 0.018000 0.290909
1 0.379000 0.418182 0.026000 0.363636
2 0.413000 0.490909 0.014000 0.072727
0 0.547000 0.563636 0.002000 0.181818
2 0.674000 0.500000 0.016000 0.200000
1 0.735000 0.454545 0.022000 0.290909
0 0.791000 0.490909 0.018000 0.181818
1 0.820000 0.454545 0.016000 0.254545
1 0.840000 0.445455 0.020000 0.236364
0 0.916000 0.436364 0.024000 0.327273
1 0.615000 0.427273 0.014000 0.272727