1 0.035000 0.482143 0.030000 0.607143
1 0.087000 0.482143 0.034000 0.607143
1 0.228000 0.473214 0.028000 0.553571
2 0.301000 0.642857 0.038000 0.250000
1 0.356000 0.508929 0.028000 0.517857
1 0.402000 0.526786 0.036000 0.482143
2 0.468000 0.571429 0.040000 0.392857
1 0.527000 0.562500 0.046000 0.482143
1 0.623000 0.535714 0.026000 0.500000
2 0.682000 0.589286 0.032000 0.428571
1 0.737000 0.544643 0.054000 0.482143
1 0.792000 0.553571 0.044000 0.500000
2 0.853000 0.562500 0.034000 0.017857
1 0.898000 0.526786 0.044000 0.446429
1 0.952000 0.580357 0.052000 0.410714
0 0.158000 0.562500 0.044000 0.446429
1 0.578000 0.562500 0.036000 0.446429