0 0.050000 0.561404 0.060000 0.122807
0 0.092000 0.381579 0.032000 0.114035
3 0.369000 0.473684 0.094000 0.333333
0 0.332000 0.206140 0.036000 0.061404
2 0.377000 0.206140 0.022000 0.008772
1 0.402000 0.131579 0.020000 0.087719
1 0.393000 0.846491 0.022000 0.114035
3 0.468000 0.478070 0.036000 0.412281
2 0.505000 0.495614 0.022000 0.026316
1 0.548000 0.491228 0.024000 0.140351
3 0.579000 0.495614 0.022000 0.394737
3 0.667000 0.587719 0.050000 0.315789
0 0.713000 0.403509 0.030000 0.105263
2 0.754000 0.385965 0.024000 0.017544
1 0.792000 0.372807 0.020000 0.131579
2 0.830000 0.364035 0.020000 0.008772
2 0.239000 0.570175 0.030000 0.105263
0 0.323000 0.807018 0.022000 0.175439
2 0.361000 0.850877 0.026000 0.087719
0 0.614000 0.236842 0.016000 0.175439
0 0.868000 0.285088 0.020000 0.219298
3 0.921000 0.434211 0.046000 0.324561
0 0.967000 0.293860 0.022000 0.184211