0 0.305000 0.273504 0.030000 0.188034
1 0.310000 0.688034 0.020000 0.162393
0 0.348000 0.799145 0.032000 0.213675
3 0.336000 0.495726 0.112000 0.034188
0 0.648000 0.290598 0.040000 0.188034
3 0.710000 0.303419 0.064000 0.196581
3 0.715000 0.521368 0.526000 0.051282
3 0.598000 0.752137 0.068000 0.119658
3 0.672000 0.692308 0.044000 0.170940
2 0.737000 0.739316 0.026000 0.008547
3 0.826000 0.739316 0.064000 0.111111
3 0.891000 0.679487 0.034000 0.162393
1 0.911000 0.764957 0.022000 0.076923
3 0.317000 0.423077 0.226000 0.675214
0 0.053000 0.410256 0.066000 0.205128
0 0.073000 0.388889 0.022000 0.008547
2 0.138000 0.465812 0.028000 0.076923
3 0.729000 0.739316 0.486000 0.316239