3 0.029000 0.509259 0.018000 0.462963
1 0.050000 0.481481 0.012000 0.222222
3 0.097000 0.435185 0.050000 0.277778
1 0.099000 0.509259 0.014000 0.203704
2 0.150000 0.537037 0.028000 0.037037
1 0.183000 0.527778 0.018000 0.314815
3 0.205000 0.518519 0.022000 0.592593
0 0.248000 0.527778 0.024000 0.166667
1 0.273000 0.296296 0.022000 0.148148
0 0.338000 0.481481 0.028000 0.185185
1 0.420000 0.490741 0.012000 0.277778
3 0.473000 0.435185 0.062000 0.314815
1 0.473000 0.481481 0.022000 0.185185
1 0.487000 0.509259 0.002000 0.166667
2 0.522000 0.490741 0.032000 0.018519
1 0.555000 0.453704 0.002000 0.203704
1 0.570000 0.462963 0.016000 0.259259
2 0.603000 0.472222 0.022000 0.018519
3 0.635000 0.472222 0.022000 0.462963
1 0.665000 0.453704 0.030000 0.203704
3 0.706000 0.379630 0.044000 0.277778
2 0.750000 0.481481 0.020000 0.037037
3 0.827000 0.379630 0.050000 0.314815
1 0.829000 0.435185 0.018000 0.203704
3 0.849000 0.444444 0.018000 0.518519
1 0.968000 0.462963 0.020000 0.148148
2 0.922000 0.518519 0.028000 0.074074
0 0.881000 0.398148 0.030000 0.314815
1 0.785000 0.407407 0.030000 0.222222
1 0.712000 0.416667 0.016000 0.240741
2 0.380000 0.509259 0.020000 0.166667
2 0.298000 0.500000 0.016000 0.148148
1 0.115000 0.509259 0.002000 0.203704