0 0.045000 0.556452 0.050000 0.241935
1 0.088000 0.677419 0.024000 0.129032
1 0.275000 0.459677 0.042000 0.467742
1 0.322000 0.500000 0.028000 0.387097
3 0.360000 0.709677 0.008000 0.225806
1 0.402000 0.524194 0.036000 0.435484
1 0.450000 0.532258 0.004000 0.387097
1 0.496000 0.516129 0.048000 0.419355
1 0.558000 0.500000 0.044000 0.451613
1 0.613000 0.516129 0.026000 0.419355
1 0.665000 0.548387 0.042000 0.322581
1 0.723000 0.516129 0.038000 0.322581
1 0.774000 0.540323 0.032000 0.370968
1 0.816000 0.540323 0.032000 0.403226
3 0.865000 0.491935 0.010000 0.661290
1 0.895000 0.475806 0.026000 0.338710
1 0.935000 0.500000 0.026000 0.322581
3 0.968000 0.500000 0.020000 0.677419
2 0.167000 0.516129 0.026000 0.129032