1 0.027000 0.411765 0.014000 0.352941
1 0.048000 0.392157 0.016000 0.392157
0 0.075000 0.539216 0.014000 0.137255
1 0.091000 0.686275 0.006000 0.156863
0 0.111000 0.558824 0.014000 0.137255
1 0.127000 0.313725 0.010000 0.156863
1 0.127000 0.686275 0.010000 0.117647
2 0.176000 0.460784 0.020000 0.019608
1 0.212000 0.401961 0.016000 0.333333
1 0.238000 0.421569 0.012000 0.372549
1 0.285000 0.705882 0.006000 0.156863
0 0.304000 0.529412 0.012000 0.196078
1 0.324000 0.647059 0.008000 0.196078
0 0.349000 0.519608 0.014000 0.176471
1 0.364000 0.647059 0.012000 0.156863
2 0.402000 0.480392 0.016000 0.176471
1 0.444000 0.421569 0.016000 0.372549
0 0.466000 0.519608 0.016000 0.137255
1 0.483000 0.637255 0.010000 0.176471
1 0.485000 0.294118 0.010000 0.196078
2 0.524000 0.500000 0.016000 0.019608
1 0.569000 0.401961 0.018000 0.372549
0 0.599000 0.578431 0.018000 0.176471
1 0.615000 0.676471 0.010000 0.176471
0 0.637000 0.529412 0.014000 0.156863
1 0.654000 0.617647 0.008000 0.176471
0 0.679000 0.519608 0.014000 0.176471
1 0.693000 0.647059 0.010000 0.117647
2 0.726000 0.549020 0.012000 0.156863
1 0.766000 0.411765 0.016000 0.352941
1 0.792000 0.421569 0.020000 0.333333
0 0.814000 0.549020 0.016000 0.117647
1 0.833000 0.637255 0.010000 0.137255
1 0.833000 0.284314 0.010000 0.176471
1 0.878000 0.656863 0.012000 0.137255
1 0.965000 0.421569 0.022000 0.254902
0 0.267000 0.568627 0.014000 0.235294
0 0.861000 0.539216 0.014000 0.215686
2 0.921000 0.539216 0.022000 0.098039