1 0.112000 0.399194 0.040000 0.233871
3 0.117000 0.596774 0.170000 0.048387
1 0.034000 0.826613 0.028000 0.137097
2 0.082000 0.830645 0.024000 0.016129
1 0.459000 0.737903 0.030000 0.120968
0 0.437000 0.112903 0.026000 0.064516
2 0.662000 0.467742 0.024000 0.096774
0 0.806000 0.399194 0.040000 0.104839
0 0.859000 0.233871 0.022000 0.096774
2 0.888000 0.221774 0.020000 0.088710
3 0.862000 0.572581 0.228000 0.032258
1 0.789000 0.814516 0.030000 0.145161
2 0.839000 0.814516 0.034000 0.016129
0 0.906000 0.794355 0.048000 0.137097
0 0.147000 0.846774 0.054000 0.129032
2 0.312000 0.540323 0.024000 0.129032
0 0.444000 0.395161 0.084000 0.403226
0 0.389000 0.689516 0.022000 0.153226
2 0.425000 0.741935 0.014000 0.064516
0 0.538000 0.479839 0.036000 0.104839
0 0.571000 0.286290 0.026000 0.217742
1 0.927000 0.169355 0.022000 0.129032