0 0.044000 0.500000 0.048000 0.700000
1 0.107000 0.806250 0.026000 0.137500
1 0.137000 0.787500 0.026000 0.125000
3 0.214000 0.500000 0.020000 0.425000
0 0.251000 0.518750 0.018000 0.312500
3 0.283000 0.487500 0.042000 0.450000
1 0.527000 0.418750 0.042000 0.462500
0 0.574000 0.456250 0.032000 0.362500
1 0.613000 0.231250 0.030000 0.212500
2 0.680000 0.550000 0.016000 0.025000
1 0.743000 0.418750 0.038000 0.362500
0 0.783000 0.406250 0.022000 0.337500
1 0.821000 0.237500 0.034000 0.200000
2 0.878000 0.537500 0.028000 0.150000
1 0.958000 0.425000 0.040000 0.350000
2 0.406000 0.606250 0.028000 0.162500