1 0.124000 0.259542 0.004000 0.198473
0 0.121000 0.717557 0.026000 0.274809
2 0.205000 0.507634 0.046000 0.145038
1 0.380000 0.267176 0.056000 0.213740
2 0.376000 0.652672 0.028000 0.022901
0 0.431000 0.732824 0.034000 0.274809
0 0.549000 0.366412 0.046000 0.244275
0 0.599000 0.519084 0.034000 0.259542
0 0.847000 0.545802 0.078000 0.755725
0 0.890000 0.419847 0.048000 0.244275
0 0.953000 0.480916 0.050000 0.091603
2 0.729000 0.431298 0.034000 0.099237
1 0.303000 0.679389 0.030000 0.167939
0 0.061000 0.461832 0.082000 0.770992
3 0.123000 0.500000 0.066000 0.038168
3 0.393000 0.450382 0.226000 0.061069