3 0.030000 0.457746 0.020000 0.633803
1 0.085000 0.408451 0.042000 0.422535
1 0.171000 0.563380 0.030000 0.366197
2 0.236000 0.535211 0.024000 0.056338
1 0.294000 0.443662 0.036000 0.352113
1 0.344000 0.492958 0.024000 0.338028
1 0.376000 0.514085 0.036000 0.295775
2 0.428000 0.521127 0.024000 0.028169
1 0.484000 0.471831 0.032000 0.295775
1 0.520000 0.535211 0.020000 0.309859
1 0.555000 0.500000 0.030000 0.295775
3 0.599000 0.542254 0.010000 0.549296
1 0.693000 0.542254 0.026000 0.295775
1 0.732000 0.584507 0.024000 0.352113
1 0.129000 0.464789 0.014000 0.450704
3 0.844000 0.598592 0.048000 0.521127
1 0.942000 0.500000 0.072000 0.352113
2 0.659000 0.542254 0.014000 0.492958