1 0.047000 0.480769 0.054000 0.448718
1 0.105000 0.500000 0.034000 0.256410
0 0.214000 0.525641 0.032000 0.256410
3 0.314000 0.493590 0.028000 0.500000
1 0.345000 0.474359 0.042000 0.333333
1 0.595000 0.397436 0.042000 0.384615
3 0.647000 0.500000 0.034000 0.743590
1 0.877000 0.403846 0.046000 0.294872
1 0.923000 0.429487 0.030000 0.269231
1 0.962000 0.461538 0.032000 0.307692
0 0.773000 0.500000 0.066000 0.333333
1 0.622000 0.461538 0.008000 0.230769
0 0.510000 0.506410 0.036000 0.243590
1 0.428000 0.474359 0.036000 0.333333
1 0.397000 0.442308 0.026000 0.320513
1 0.141000 0.403846 0.038000 0.346154