3 0.207000 0.216146 0.050000 0.286458
0 0.304000 0.270833 0.060000 0.187500
2 0.434000 0.270833 0.068000 0.020833
0 0.537000 0.309896 0.070000 0.161458
3 0.621000 0.242188 0.030000 0.348958
0 0.696000 0.104167 0.064000 0.104167
3 0.439000 0.445312 0.658000 0.026042
3 0.039000 0.666667 0.038000 0.281250
3 0.243000 0.677083 0.034000 0.250000
3 0.410000 0.651042 0.028000 0.281250
2 0.509000 0.695312 0.050000 0.015625
0 0.626000 0.705729 0.060000 0.151042
3 0.712000 0.640625 0.028000 0.281250
0 0.785000 0.559896 0.050000 0.088542
2 0.863000 0.562500 0.034000 0.145833
3 0.326000 0.677083 0.060000 0.197917
1 0.951000 0.562500 0.054000 0.187500
3 0.108000 0.789062 0.036000 0.307292