0 0.033000 0.648148 0.026000 0.185185
3 0.114000 0.379630 0.016000 0.314815
0 0.148000 0.407407 0.024000 0.074074
3 0.245000 0.370370 0.014000 0.333333
0 0.290000 0.407407 0.032000 0.148148
0 0.358000 0.694444 0.028000 0.166667
2 0.390000 0.509259 0.016000 0.018519
0 0.489000 0.416667 0.030000 0.129630
0 0.676000 0.666667 0.032000 0.148148
3 0.766000 0.351852 0.020000 0.259259
0 0.800000 0.425926 0.028000 0.111111
2 0.826000 0.435185 0.012000 0.018519
1 0.858000 0.361111 0.024000 0.203704
3 0.922000 0.333333 0.020000 0.296296
0 0.083000 0.398148 0.022000 0.203704
0 0.212000 0.351852 0.032000 0.259259
0 0.422000 0.370370 0.028000 0.222222
0 0.456000 0.379630 0.024000 0.240741
2 0.581000 0.722222 0.030000 0.148148
0 0.725000 0.416667 0.034000 0.240741
0 0.893000 0.370370 0.034000 0.222222
0 0.964000 0.388889 0.028000 0.148148