3 0.106000 0.500000 0.020000 0.384615
0 0.217000 0.478022 0.022000 0.406593
2 0.322000 0.412088 0.016000 0.032967
1 0.356000 0.379121 0.012000 0.252747
3 0.380000 0.467033 0.036000 0.714286
0 0.556000 0.593407 0.068000 0.593407
3 0.621000 0.549451 0.034000 0.395604
0 0.637000 0.675824 0.042000 0.186813
3 0.679000 0.576923 0.026000 0.494505
0 0.754000 0.615385 0.052000 0.483516
3 0.821000 0.565934 0.038000 0.516484
2 0.910000 0.445055 0.028000 0.032967
3 0.955000 0.500000 0.046000 0.626374
0 0.049000 0.543956 0.058000 0.604396
0 0.160000 0.576923 0.060000 0.186813
0 0.267000 0.620879 0.050000 0.186813
2 0.451000 0.642857 0.038000 0.142857
0 0.858000 0.637363 0.056000 0.197802
1 0.936000 0.401099 0.012000 0.230769