0 0.090000 0.585938 0.060000 0.640625
3 0.160000 0.500000 0.028000 0.390625
0 0.194000 0.578125 0.048000 0.187500
3 0.236000 0.503906 0.028000 0.398438
3 0.275000 0.742188 0.014000 0.140625
0 0.345000 0.613281 0.066000 0.601562
3 0.409000 0.304688 0.022000 0.218750
0 0.437000 0.378906 0.022000 0.273438
3 0.460000 0.292969 0.020000 0.242188
3 0.490000 0.531250 0.040000 0.375000
0 0.536000 0.585938 0.056000 0.171875
3 0.567000 0.539062 0.030000 0.437500
3 0.614000 0.734375 0.016000 0.171875
0 0.684000 0.593750 0.064000 0.546875
3 0.756000 0.273438 0.016000 0.171875
0 0.777000 0.351562 0.030000 0.265625
3 0.808000 0.273438 0.012000 0.218750
3 0.842000 0.503906 0.040000 0.382812
0 0.873000 0.570312 0.046000 0.187500
3 0.904000 0.527344 0.024000 0.398438
3 0.048000 0.511719 0.056000 0.710938
3 0.952000 0.500000 0.052000 0.843750