0 0.045000 0.638158 0.050000 0.460526
3 0.103000 0.447368 0.010000 0.315789
0 0.140000 0.513158 0.032000 0.131579
2 0.211000 0.532895 0.018000 0.276316
0 0.283000 0.427632 0.038000 0.407895
0 0.326000 0.539474 0.028000 0.368421
3 0.349000 0.434211 0.014000 0.394737
3 0.539000 0.421053 0.018000 0.421053
2 0.647000 0.506579 0.018000 0.223684
0 0.742000 0.434211 0.044000 0.368421
0 0.785000 0.532895 0.018000 0.302632
3 0.803000 0.427632 0.014000 0.486842
1 0.824000 0.197368 0.016000 0.131579
2 0.901000 0.486842 0.030000 0.052632
0 0.957000 0.500000 0.042000 0.157895
2 0.451000 0.493421 0.026000 0.118421
0 0.585000 0.500000 0.034000 0.184211