3 0.024000 0.416667 0.008000 0.416667
3 0.049000 0.437500 0.010000 0.375000
1 0.072000 0.489583 0.020000 0.270833
1 0.130000 0.510417 0.016000 0.270833
1 0.148000 0.510417 0.012000 0.229167
1 0.170000 0.562500 0.020000 0.166667
3 0.192000 0.447917 0.008000 0.437500
3 0.259000 0.416667 0.010000 0.416667
1 0.274000 0.489583 0.020000 0.270833
1 0.295000 0.520833 0.014000 0.208333
1 0.320000 0.531250 0.020000 0.187500
1 0.363000 0.489583 0.010000 0.229167
1 0.379000 0.489583 0.014000 0.187500
3 0.394000 0.500000 0.004000 0.375000
3 0.400000 0.437500 0.008000 0.458333
3 0.447000 0.427083 0.010000 0.437500
3 0.455000 0.468750 0.010000 0.354167
1 0.474000 0.500000 0.016000 0.250000
1 0.491000 0.479167 0.014000 0.250000
2 0.510000 0.552083 0.008000 0.145833
1 0.529000 0.468750 0.014000 0.270833
1 0.543000 0.500000 0.010000 0.208333
1 0.560000 0.500000 0.016000 0.208333
3 0.571000 0.458333 0.006000 0.375000
2 0.591000 0.572917 0.014000 0.020833
1 0.619000 0.500000 0.014000 0.250000
1 0.636000 0.489583 0.008000 0.229167
3 0.609000 0.500000 0.014000 0.500000
1 0.683000 0.541667 0.018000 0.166667
3 0.697000 0.479167 0.006000 0.333333
3 0.706000 0.447917 0.008000 0.437500
1 0.782000 0.541667 0.020000 0.250000
1 0.803000 0.510417 0.014000 0.229167
1 0.840000 0.541667 0.016000 0.250000
1 0.884000 0.552083 0.012000 0.229167
1 0.903000 0.541667 0.018000 0.208333
1 0.929000 0.520833 0.010000 0.208333
1 0.945000 0.520833 0.010000 0.208333
1 0.967000 0.531250 0.022000 0.187500
3 0.100000 0.520833 0.016000 0.250000
3 0.226000 0.489583 0.020000 0.270833
3 0.348000 0.541667 0.012000 0.166667
3 0.421000 0.541667 0.010000 0.208333
3 0.657000 0.541667 0.014000 0.208333
3 0.742000 0.625000 0.024000 0.333333
1 0.821000 0.541667 0.010000 0.208333
1 0.868000 0.531250 0.008000 0.270833