1 0.059000 0.457627 0.026000 0.406780
1 0.095000 0.466102 0.026000 0.423729
2 0.152000 0.474576 0.020000 0.067797
3 0.212000 0.500000 0.012000 0.661017
1 0.246000 0.483051 0.032000 0.423729
1 0.287000 0.491525 0.034000 0.406780
1 0.461000 0.508475 0.030000 0.406780
1 0.501000 0.474576 0.022000 0.406780
1 0.542000 0.440678 0.028000 0.406780
3 0.582000 0.466102 0.020000 0.593220
1 0.736000 0.550847 0.032000 0.423729
1 0.781000 0.500000 0.030000 0.389831
1 0.827000 0.491525 0.038000 0.406780
3 0.871000 0.644068 0.006000 0.067797
1 0.914000 0.533898 0.032000 0.423729
1 0.965000 0.508475 0.026000 0.406780
1 0.333000 0.483051 0.026000 0.423729
3 0.397000 0.466102 0.046000 0.322034
2 0.650000 0.508475 0.032000 0.135593
1 0.025000 0.449153 0.010000 0.491525