1 0.175000 0.448529 0.006000 0.220588
1 0.975000 0.426471 0.006000 0.294118
1 0.796000 0.477941 0.028000 0.338235
1 0.931000 0.455882 0.030000 0.323529
1 0.053000 0.492647 0.018000 0.455882
1 0.835000 0.566176 0.022000 0.485294
1 0.207000 0.455882 0.030000 0.323529
1 0.486000 0.463235 0.024000 0.397059
1 0.886000 0.426471 0.032000 0.294118
1 0.438000 0.455882 0.028000 0.352941
1 0.257000 0.470588 0.022000 0.323529
3 0.031000 0.485294 0.022000 0.647059
3 0.308000 0.500000 0.016000 0.705882
3 0.114000 0.500000 0.036000 0.264706
3 0.367000 0.610294 0.026000 0.220588
3 0.657000 0.632353 0.038000 0.411765