2 0.146000 0.530000 0.008000 0.020000
1 0.170000 0.410000 0.016000 0.300000
1 0.192000 0.440000 0.012000 0.320000
0 0.278000 0.470000 0.012000 0.140000
1 0.370000 0.430000 0.024000 0.260000
3 0.387000 0.430000 0.022000 0.460000
0 0.429000 0.540000 0.014000 0.160000
3 0.476000 0.420000 0.012000 0.360000
2 0.557000 0.560000 0.018000 0.120000
1 0.641000 0.460000 0.014000 0.240000
3 0.660000 0.440000 0.024000 0.400000
2 0.776000 0.480000 0.012000 0.040000
1 0.836000 0.490000 0.012000 0.340000
1 0.858000 0.470000 0.020000 0.300000
1 0.884000 0.460000 0.020000 0.240000
1 0.938000 0.430000 0.016000 0.340000
1 0.966000 0.410000 0.024000 0.260000
3 0.025000 0.430000 0.010000 0.460000
1 0.059000 0.430000 0.018000 0.300000
1 0.085000 0.460000 0.022000 0.280000
1 0.113000 0.440000 0.022000 0.360000
1 0.212000 0.430000 0.024000 0.300000
1 0.318000 0.360000 0.020000 0.240000
1 0.339000 0.410000 0.022000 0.300000
1 0.497000 0.480000 0.022000 0.320000
1 0.521000 0.500000 0.022000 0.240000
1 0.594000 0.480000 0.020000 0.240000
1 0.619000 0.520000 0.018000 0.200000
0 0.721000 0.560000 0.034000 0.440000
1 0.808000 0.450000 0.020000 0.380000
1 0.911000 0.450000 0.018000 0.300000
3 0.035000 0.480000 0.006000 0.440000
3 0.248000 0.410000 0.020000 0.380000