3 0.027000 0.480392 0.014000 0.568627
1 0.048000 0.539216 0.016000 0.333333
1 0.081000 0.519608 0.018000 0.333333
1 0.102000 0.500000 0.020000 0.333333
2 0.142000 0.588235 0.016000 0.235294
3 0.194000 0.460784 0.008000 0.450980
1 0.218000 0.450980 0.020000 0.313725
1 0.273000 0.588235 0.018000 0.235294
3 0.383000 0.539216 0.010000 0.490196
0 0.433000 0.578431 0.018000 0.215686
3 0.481000 0.441176 0.014000 0.450980
1 0.503000 0.421569 0.018000 0.254902
1 0.547000 0.509804 0.014000 0.313725
1 0.614000 0.519608 0.016000 0.294118
3 0.666000 0.480392 0.020000 0.529412
1 0.776000 0.509804 0.028000 0.352941
1 0.821000 0.480392 0.022000 0.333333
1 0.845000 0.500000 0.026000 0.294118
1 0.910000 0.480392 0.016000 0.254902
1 0.937000 0.500000 0.018000 0.333333
1 0.966000 0.578431 0.024000 0.176471
1 0.251000 0.558824 0.026000 0.333333
0 0.313000 0.627451 0.014000 0.156863
1 0.524000 0.549020 0.012000 0.313725
0 0.584000 0.598039 0.016000 0.176471
1 0.644000 0.509804 0.020000 0.274510
0 0.724000 0.529412 0.028000 0.352941
1 0.882000 0.441176 0.020000 0.333333
1 0.346000 0.568627 0.024000 0.235294
3 0.397000 0.500000 0.014000 0.529412