1 0.036000 0.578947 0.032000 0.456140
3 0.268000 0.552632 0.012000 0.438596
1 0.650000 0.315789 0.020000 0.280702
1 0.830000 0.517544 0.028000 0.333333
1 0.958000 0.500000 0.040000 0.403509
0 0.095000 0.614035 0.026000 0.280702
3 0.183000 0.587719 0.082000 0.368421
3 0.310000 0.570175 0.036000 0.298246
0 0.406000 0.692982 0.036000 0.228070
0 0.427000 0.333333 0.018000 0.280702
3 0.459000 0.350877 0.022000 0.140351
2 0.519000 0.614035 0.018000 0.035088
0 0.603000 0.657895 0.046000 0.228070
0 0.670000 0.333333 0.004000 0.245614
3 0.700000 0.333333 0.024000 0.175439
2 0.772000 0.666667 0.024000 0.175439
2 0.901000 0.614035 0.014000 0.140351
3 0.348000 0.552632 0.028000 0.508772