1 0.048000 0.392857 0.020000 0.428571
1 0.029000 0.392857 0.018000 0.392857
0 0.118000 0.482143 0.024000 0.250000
3 0.195000 0.491071 0.010000 0.517857
3 0.215000 0.446429 0.014000 0.535714
1 0.241000 0.419643 0.030000 0.339286
0 0.351000 0.491071 0.018000 0.232143
1 0.407000 0.446429 0.034000 0.357143
1 0.436000 0.455357 0.032000 0.303571
3 0.472000 0.482143 0.012000 0.535714
1 0.572000 0.419643 0.024000 0.375000
1 0.600000 0.428571 0.016000 0.357143
1 0.631000 0.428571 0.030000 0.321429
3 0.653000 0.500000 0.014000 0.642857
1 0.860000 0.392857 0.024000 0.428571
1 0.893000 0.410714 0.026000 0.392857
1 0.961000 0.392857 0.034000 0.357143
1 0.278000 0.401786 0.028000 0.339286
1 0.306000 0.428571 0.028000 0.357143
0 0.522000 0.419643 0.024000 0.303571
0 0.748000 0.517857 0.032000 0.464286
2 0.823000 0.392857 0.018000 0.035714
1 0.927000 0.392857 0.026000 0.428571