1 0.036000 0.605263 0.032000 0.403509
1 0.112000 0.614035 0.024000 0.315789
1 0.221000 0.535088 0.034000 0.403509
1 0.263000 0.587719 0.034000 0.298246
2 0.356000 0.605263 0.024000 0.263158
3 0.415000 0.473684 0.018000 0.561404
3 0.439000 0.535088 0.014000 0.403509
1 0.467000 0.570175 0.026000 0.333333
1 0.500000 0.578947 0.024000 0.385965
2 0.550000 0.622807 0.020000 0.263158
1 0.587000 0.570175 0.034000 0.298246
1 0.626000 0.578947 0.028000 0.280702
3 0.653000 0.491228 0.010000 0.456140
3 0.728000 0.526316 0.020000 0.526316
1 0.760000 0.596491 0.024000 0.350877
2 0.801000 0.657895 0.022000 0.017544
1 0.840000 0.552632 0.024000 0.403509
1 0.872000 0.552632 0.024000 0.368421
1 0.906000 0.570175 0.032000 0.298246
3 0.942000 0.526316 0.012000 0.456140
3 0.971000 0.491228 0.014000 0.631579
1 0.076000 0.605263 0.020000 0.333333
3 0.159000 0.561404 0.030000 0.421053
2 0.688000 0.517544 0.016000 0.473684