3 0.025000 0.519231 0.010000 0.461538
1 0.051000 0.567308 0.018000 0.326923
1 0.077000 0.557692 0.022000 0.384615
2 0.131000 0.567308 0.018000 0.019231
3 0.170000 0.557692 0.008000 0.423077
1 0.195000 0.557692 0.026000 0.384615
1 0.222000 0.538462 0.016000 0.346154
3 0.259000 0.586538 0.018000 0.211538
3 0.325000 0.538462 0.010000 0.500000
3 0.348000 0.500000 0.012000 0.615385
3 0.423000 0.528846 0.014000 0.442308
3 0.441000 0.538462 0.010000 0.346154
1 0.467000 0.490385 0.026000 0.365385
1 0.494000 0.538462 0.020000 0.384615
1 0.519000 0.528846 0.018000 0.288462
1 0.570000 0.500000 0.020000 0.269231
1 0.600000 0.528846 0.016000 0.326923
1 0.622000 0.567308 0.020000 0.326923
3 0.646000 0.500000 0.012000 0.538462
2 0.674000 0.596154 0.012000 0.230769
1 0.706000 0.557692 0.020000 0.269231
1 0.732000 0.567308 0.020000 0.288462
1 0.758000 0.557692 0.024000 0.307692
3 0.787000 0.471154 0.014000 0.557692
1 0.961000 0.538462 0.034000 0.346154
1 0.297000 0.586538 0.014000 0.326923
2 0.396000 0.480769 0.012000 0.538462
2 0.551000 0.528846 0.006000 0.403846
3 0.854000 0.528846 0.040000 0.480769