3 0.033000 0.533333 0.026000 0.466667
1 0.044000 0.466667 0.024000 0.233333
1 0.071000 0.458333 0.010000 0.316667
1 0.091000 0.500000 0.018000 0.200000
2 0.125000 0.516667 0.026000 0.533333
1 0.153000 0.500000 0.022000 0.266667
1 0.171000 0.500000 0.022000 0.200000
2 0.204000 0.508333 0.020000 0.383333
3 0.148000 0.466667 0.020000 0.500000
1 0.225000 0.483333 0.022000 0.233333
1 0.254000 0.466667 0.028000 0.233333
3 0.291000 0.450000 0.026000 0.466667
3 0.310000 0.483333 0.016000 0.633333
3 0.360000 0.491667 0.028000 0.216667
3 0.401000 0.508333 0.010000 0.583333
1 0.425000 0.425000 0.030000 0.316667
1 0.449000 0.416667 0.018000 0.300000
1 0.482000 0.458333 0.032000 0.316667
2 0.518000 0.533333 0.020000 0.033333
1 0.554000 0.508333 0.024000 0.283333
1 0.590000 0.508333 0.016000 0.383333
1 0.620000 0.491667 0.020000 0.316667
3 0.632000 0.516667 0.016000 0.600000
1 0.762000 0.516667 0.028000 0.300000
1 0.802000 0.525000 0.024000 0.250000
1 0.837000 0.483333 0.030000 0.233333
1 0.868000 0.491667 0.028000 0.283333
1 0.924000 0.516667 0.036000 0.233333
1 0.960000 0.525000 0.036000 0.283333
1 0.276000 0.475000 0.024000 0.350000
2 0.709000 0.558333 0.030000 0.116667
3 0.892000 0.683333 0.016000 0.166667