1 0.023000 0.458904 0.006000 0.287671
1 0.064000 0.500000 0.032000 0.232877
1 0.118000 0.493151 0.044000 0.383562
2 0.197000 0.630137 0.030000 0.246575
3 0.281000 0.554795 0.026000 0.506849
1 0.337000 0.534247 0.026000 0.356164
1 0.393000 0.534247 0.038000 0.328767
1 0.515000 0.445205 0.006000 0.315068
1 0.559000 0.486301 0.034000 0.232877
1 0.600000 0.472603 0.028000 0.397260
3 0.641000 0.424658 0.030000 0.575342
2 0.838000 0.547945 0.032000 0.027397
1 0.898000 0.479452 0.036000 0.410959
1 0.959000 0.506849 0.038000 0.246575
0 0.455000 0.643836 0.042000 0.383562
0 0.732000 0.623288 0.056000 0.479452