1 0.040000 0.544118 0.040000 0.382353
1 0.086000 0.558824 0.028000 0.352941
1 0.358000 0.536765 0.028000 0.367647
1 0.398000 0.558824 0.036000 0.294118
1 0.442000 0.551471 0.032000 0.367647
3 0.681000 0.536765 0.022000 0.632353
1 0.948000 0.551471 0.060000 0.308824
1 0.135000 0.610294 0.026000 0.397059
0 0.239000 0.529412 0.062000 0.323529
3 0.333000 0.441176 0.014000 0.588235
0 0.503000 0.602941 0.026000 0.235294
1 0.563000 0.566176 0.026000 0.367647
1 0.618000 0.580882 0.048000 0.426471
0 0.809000 0.492647 0.098000 0.661765