1 0.088000 0.537500 0.032000 0.300000
1 0.149000 0.593750 0.034000 0.462500
1 0.229000 0.556250 0.046000 0.437500
2 0.294000 0.706250 0.036000 0.212500
1 0.397000 0.581250 0.034000 0.412500
1 0.438000 0.531250 0.032000 0.387500
3 0.475000 0.500000 0.030000 0.575000
2 0.552000 0.506250 0.032000 0.462500
1 0.627000 0.556250 0.038000 0.237500
1 0.696000 0.581250 0.040000 0.362500
1 0.750000 0.506250 0.020000 0.412500
1 0.956000 0.643750 0.044000 0.437500
3 0.027000 0.500000 0.014000 0.750000
3 0.870000 0.637500 0.048000 0.475000