0 0.048000 0.370690 0.056000 0.224138
1 0.122000 0.512931 0.008000 0.181034
0 0.475000 0.189655 0.034000 0.206897
1 0.507000 0.250000 0.006000 0.103448
3 0.634000 0.465517 0.484000 0.034483
3 0.401000 0.724138 0.026000 0.310345
2 0.514000 0.741379 0.020000 0.017241
3 0.654000 0.741379 0.016000 0.293103
3 0.708000 0.741379 0.028000 0.293103
1 0.782000 0.831897 0.004000 0.077586
2 0.817000 0.724138 0.026000 0.017241
0 0.898000 0.698276 0.028000 0.137931
1 0.922000 0.814655 0.016000 0.129310
3 0.968000 0.754310 0.020000 0.318966
2 0.197000 0.387931 0.034000 0.103448
1 0.482000 0.750000 0.008000 0.275862
0 0.445000 0.728448 0.038000 0.163793
0 0.568000 0.732759 0.032000 0.155172
1 0.608000 0.797414 0.024000 0.094828
0 0.743000 0.728448 0.030000 0.112069