3 0.025000 0.487500 0.010000 0.475000
3 0.063000 0.462500 0.018000 0.425000
1 0.105000 0.500000 0.022000 0.300000
2 0.182000 0.537500 0.020000 0.025000
1 0.216000 0.475000 0.020000 0.300000
1 0.244000 0.487500 0.016000 0.375000
3 0.281000 0.500000 0.014000 0.500000
0 0.328000 0.600000 0.020000 0.250000
1 0.369000 0.500000 0.022000 0.300000
3 0.439000 0.437500 0.010000 0.375000
0 0.501000 0.512500 0.022000 0.275000
1 0.592000 0.487500 0.024000 0.275000
2 0.795000 0.512500 0.026000 0.025000
1 0.832000 0.450000 0.024000 0.250000
1 0.897000 0.437500 0.018000 0.275000
1 0.964000 0.462500 0.024000 0.375000
1 0.138000 0.450000 0.020000 0.300000
1 0.402000 0.475000 0.020000 0.300000
1 0.559000 0.475000 0.022000 0.250000
1 0.622000 0.462500 0.020000 0.325000
0 0.709000 0.562500 0.030000 0.375000
1 0.864000 0.437500 0.024000 0.275000
1 0.928000 0.462500 0.028000 0.275000