0 0.054000 0.532051 0.068000 0.487179
3 0.124000 0.519231 0.040000 0.371795
0 0.170000 0.535256 0.048000 0.173077
3 0.214000 0.516026 0.040000 0.493590
3 0.570000 0.467949 0.144000 0.320513
0 0.536000 0.830128 0.088000 0.108974
1 0.691000 0.807692 0.050000 0.153846
3 0.573000 0.147436 0.114000 0.166667
0 0.833000 0.384615 0.062000 0.102564
0 0.908000 0.477564 0.076000 0.070513
3 0.868000 0.637821 0.220000 0.032051
0 0.849000 0.862179 0.082000 0.134615
0 0.919000 0.759615 0.038000 0.121795
2 0.347000 0.576923 0.082000 0.089744
2 0.622000 0.810897 0.040000 0.070513