1 0.046000 0.542373 0.052000 0.474576
3 0.142000 0.661017 0.028000 0.271186
1 0.204000 0.593220 0.048000 0.474576
3 0.303000 0.661017 0.034000 0.271186
1 0.387000 0.508475 0.046000 0.440678
1 0.423000 0.559322 0.030000 0.440678
3 0.495000 0.635593 0.034000 0.288136
1 0.583000 0.466102 0.042000 0.457627
1 0.612000 0.550847 0.036000 0.491525
1 0.824000 0.449153 0.060000 0.559322
1 0.876000 0.483051 0.032000 0.525424
1 0.909000 0.525424 0.034000 0.406780
1 0.960000 0.567797 0.036000 0.491525
2 0.728000 0.627119 0.036000 0.101695