1 0.048000 0.441667 0.056000 0.233333
1 0.091000 0.825000 0.058000 0.183333
0 0.202000 0.620833 0.048000 0.108333
2 0.346000 0.679167 0.056000 0.191667
1 0.544000 0.450000 0.040000 0.166667
1 0.582000 0.737500 0.032000 0.158333
0 0.685000 0.616667 0.058000 0.116667
0 0.736000 0.616667 0.044000 0.100000
2 0.825000 0.612500 0.046000 0.108333
0 0.949000 0.562500 0.046000 0.208333
3 0.701000 0.441667 0.554000 0.716667
0 0.903000 0.545833 0.046000 0.208333
3 0.082000 0.633333 0.104000 0.016667
3 0.553000 0.633333 0.050000 0.200000