0 0.062000 0.770408 0.076000 0.163265
3 0.163000 0.844388 0.122000 0.117347
0 0.304000 0.831633 0.064000 0.142857
0 0.421000 0.239796 0.090000 0.377551
3 0.491000 0.298469 0.050000 0.280612
0 0.574000 0.346939 0.100000 0.122449
3 0.633000 0.308673 0.042000 0.321429
3 0.518000 0.502551 0.376000 0.025510
0 0.469000 0.767857 0.074000 0.290816
3 0.547000 0.755102 0.046000 0.224490
0 0.632000 0.780612 0.076000 0.132653
3 0.694000 0.790816 0.040000 0.306122
1 0.975000 0.385204 0.006000 0.331633
3 0.137000 0.349490 0.234000 0.464286
2 0.828000 0.471939 0.100000 0.096939