1 0.062000 0.255682 0.028000 0.193182
1 0.033000 0.778409 0.026000 0.193182
1 0.071000 0.772727 0.026000 0.181818
1 0.234000 0.340909 0.040000 0.227273
1 0.405000 0.261364 0.022000 0.272727
1 0.381000 0.681818 0.022000 0.159091
1 0.419000 0.670455 0.022000 0.159091
1 0.642000 0.289773 0.028000 0.170455
1 0.729000 0.250000 0.034000 0.204545
1 0.645000 0.715909 0.026000 0.181818
1 0.692000 0.715909 0.036000 0.204545
1 0.939000 0.238636 0.026000 0.250000
1 0.914000 0.664773 0.028000 0.125000
1 0.957000 0.642045 0.022000 0.147727
3 0.063000 0.528409 0.062000 0.011364
3 0.404000 0.488636 0.072000 0.022727
3 0.679000 0.500000 0.130000 0.045455
3 0.940000 0.477273 0.076000 0.045455
3 0.150000 0.528409 0.028000 0.147727
3 0.304000 0.505682 0.028000 0.193182
3 0.686000 0.295455 0.020000 0.159091
3 0.821000 0.488636 0.026000 0.204545
2 0.546000 0.500000 0.040000 0.136364