0 0.032000 0.447368 0.024000 0.289474
1 0.282000 0.467105 0.052000 0.355263
3 0.316000 0.717105 0.012000 0.276316
1 0.360000 0.335526 0.032000 0.407895
2 0.494000 0.375000 0.036000 0.434211
1 0.575000 0.388158 0.046000 0.355263
3 0.606000 0.664474 0.004000 0.118421
1 0.654000 0.401316 0.044000 0.355263
3 0.761000 0.500000 0.034000 0.263158
1 0.841000 0.427632 0.042000 0.460526
0 0.883000 0.223684 0.030000 0.184211
2 0.918000 0.250000 0.016000 0.026316
1 0.965000 0.197368 0.026000 0.131579
2 0.152000 0.480263 0.048000 0.171053