1 0.095000 0.575000 0.030000 0.350000
2 0.290000 0.458333 0.044000 0.016667
0 0.356000 0.400000 0.048000 0.333333
1 0.398000 0.583333 0.032000 0.233333
2 0.463000 0.550000 0.034000 0.033333
1 0.595000 0.541667 0.022000 0.350000
2 0.646000 0.491667 0.024000 0.016667
1 0.773000 0.558333 0.038000 0.283333
2 0.835000 0.525000 0.042000 0.016667
0 0.912000 0.375000 0.040000 0.316667
1 0.959000 0.591667 0.038000 0.483333
0 0.046000 0.383333 0.052000 0.433333
2 0.179000 0.450000 0.046000 0.200000
0 0.536000 0.383333 0.052000 0.333333
0 0.717000 0.366667 0.038000 0.333333