3 0.023000 0.465116 0.006000 0.465116
1 0.043000 0.441860 0.018000 0.325581
1 0.066000 0.453488 0.016000 0.348837
2 0.092000 0.523256 0.016000 0.069767
1 0.139000 0.476744 0.002000 0.302326
1 0.163000 0.465116 0.018000 0.325581
2 0.196000 0.500000 0.012000 0.023256
1 0.233000 0.488372 0.030000 0.279070
1 0.322000 0.465116 0.028000 0.279070
1 0.350000 0.465116 0.004000 0.232558
3 0.381000 0.511628 0.010000 0.465116
3 0.418000 0.546512 0.020000 0.302326
3 0.456000 0.558140 0.008000 0.418605
3 0.477000 0.534884 0.006000 0.418605
1 0.505000 0.453488 0.018000 0.302326
1 0.532000 0.453488 0.016000 0.302326
1 0.585000 0.488372 0.002000 0.325581
1 0.606000 0.500000 0.020000 0.302326
1 0.639000 0.488372 0.014000 0.279070
3 0.657000 0.523256 0.010000 0.441860
2 0.688000 0.546512 0.024000 0.302326
1 0.715000 0.488372 0.014000 0.279070
1 0.740000 0.453488 0.020000 0.302326
3 0.766000 0.476744 0.008000 0.441860
1 0.859000 0.453488 0.018000 0.348837
1 0.893000 0.476744 0.014000 0.302326
1 0.923000 0.453488 0.026000 0.302326
1 0.961000 0.418605 0.034000 0.325581
2 0.563000 0.465116 0.010000 0.372093
3 0.804000 0.476744 0.036000 0.488372