0 0.025000 0.510204 0.010000 0.163265
3 0.045000 0.428571 0.010000 0.285714
3 0.132000 0.397959 0.008000 0.387755
2 0.162000 0.479592 0.016000 0.142857
0 0.197000 0.428571 0.022000 0.408163
3 0.231000 0.397959 0.014000 0.346939
0 0.249000 0.581633 0.022000 0.265306
2 0.281000 0.459184 0.014000 0.142857
0 0.303000 0.500000 0.014000 0.142857
3 0.320000 0.387755 0.008000 0.367347
2 0.355000 0.469388 0.022000 0.204082
0 0.388000 0.520408 0.020000 0.183673
0 0.467000 0.489796 0.018000 0.122449
2 0.537000 0.510204 0.014000 0.040816
0 0.573000 0.418367 0.026000 0.346939
0 0.605000 0.520408 0.014000 0.102041
2 0.643000 0.510204 0.018000 0.204082
0 0.679000 0.428571 0.022000 0.367347
0 0.706000 0.530612 0.016000 0.122449
2 0.737000 0.510204 0.014000 0.204082
0 0.782000 0.408163 0.028000 0.367347
0 0.812000 0.622449 0.024000 0.306122
2 0.852000 0.520408 0.016000 0.183673
0 0.883000 0.530612 0.018000 0.163265
1 0.967000 0.448980 0.022000 0.285714
0 0.061000 0.500000 0.018000 0.102041
2 0.424000 0.500000 0.020000 0.102041
0 0.502000 0.510204 0.024000 0.122449
2 0.928000 0.520408 0.024000 0.102041
0 0.112000 0.438776 0.016000 0.306122