3 0.024000 0.500000 0.008000 0.488372
3 0.035000 0.511628 0.010000 0.465116
1 0.053000 0.500000 0.014000 0.348837
1 0.065000 0.500000 0.018000 0.348837
2 0.086000 0.500000 0.012000 0.023256
1 0.110000 0.476744 0.020000 0.395349
1 0.129000 0.476744 0.018000 0.348837
1 0.147000 0.476744 0.018000 0.302326
3 0.162000 0.465116 0.012000 0.465116
1 0.229000 0.476744 0.018000 0.348837
1 0.245000 0.476744 0.022000 0.302326
1 0.258000 0.488372 0.016000 0.325581
3 0.281000 0.558140 0.010000 0.186047
1 0.311000 0.488372 0.018000 0.372093
1 0.325000 0.511628 0.018000 0.372093
1 0.344000 0.500000 0.020000 0.348837
3 0.359000 0.488372 0.010000 0.465116
3 0.372000 0.488372 0.012000 0.511628
3 0.436000 0.511628 0.012000 0.465116
3 0.446000 0.511628 0.012000 0.418605
1 0.462000 0.511628 0.020000 0.372093
1 0.478000 0.534884 0.020000 0.325581
1 0.495000 0.476744 0.018000 0.395349
1 0.549000 0.511628 0.018000 0.372093
1 0.563000 0.534884 0.022000 0.325581
3 0.629000 0.593023 0.018000 0.209302
3 0.659000 0.476744 0.014000 0.441860
1 0.676000 0.488372 0.020000 0.372093
1 0.699000 0.511628 0.018000 0.372093
1 0.718000 0.488372 0.020000 0.325581
2 0.738000 0.546512 0.012000 0.023256
1 0.764000 0.476744 0.020000 0.348837
1 0.785000 0.511628 0.022000 0.372093
1 0.806000 0.500000 0.024000 0.348837
3 0.821000 0.488372 0.014000 0.418605
3 0.836000 0.465116 0.016000 0.465116
1 0.895000 0.488372 0.022000 0.325581
1 0.910000 0.476744 0.020000 0.348837
1 0.921000 0.465116 0.022000 0.372093
1 0.946000 0.500000 0.020000 0.302326
1 0.965000 0.488372 0.026000 0.325581
2 0.183000 0.569767 0.010000 0.255814
3 0.404000 0.546512 0.024000 0.302326
2 0.519000 0.546512 0.014000 0.209302
1 0.587000 0.488372 0.018000 0.372093
2 0.855000 0.569767 0.014000 0.116279
3 0.928000 0.593023 0.004000 0.069767
3 0.214000 0.476744 0.008000 0.441860
3 0.601000 0.500000 0.014000 0.534884