0 0.120000 0.836207 0.032000 0.143678
1 0.330000 0.362069 0.052000 0.229885
3 0.355000 0.554598 0.082000 0.074713
0 0.361000 0.775862 0.050000 0.206897
3 0.534000 0.485632 0.076000 0.270115
0 0.498000 0.201149 0.028000 0.126437
2 0.537000 0.209770 0.022000 0.005747
1 0.583000 0.135057 0.038000 0.155172
1 0.634000 0.853448 0.040000 0.178161
0 0.689000 0.531609 0.046000 0.465517
0 0.823000 0.405172 0.054000 0.212644
3 0.962000 0.431034 0.032000 0.482759
0 0.108000 0.485632 0.176000 0.327586
0 0.530000 0.856322 0.032000 0.149425
2 0.571000 0.873563 0.030000 0.057471
3 0.754000 0.468391 0.016000 0.419540
0 0.909000 0.422414 0.050000 0.235632