3 0.084000 0.500000 0.012000 0.527273
3 0.169000 0.518182 0.010000 0.454545
3 0.267000 0.463636 0.006000 0.309091
3 0.287000 0.490909 0.010000 0.618182
3 0.403000 0.490909 0.010000 0.509091
3 0.462000 0.527273 0.012000 0.400000
0 0.527000 0.572727 0.026000 0.200000
3 0.553000 0.536364 0.010000 0.418182
3 0.571000 0.518182 0.014000 0.563636
0 0.604000 0.572727 0.028000 0.163636
3 0.751000 0.536364 0.014000 0.381818
3 0.859000 0.545455 0.014000 0.400000
3 0.889000 0.563636 0.018000 0.472727
3 0.971000 0.590909 0.014000 0.454545
0 0.036000 0.563636 0.032000 0.181818
0 0.123000 0.500000 0.030000 0.163636
0 0.197000 0.518182 0.034000 0.200000
0 0.242000 0.490909 0.028000 0.145455
2 0.357000 0.490909 0.038000 0.145455
0 0.432000 0.527273 0.024000 0.181818
0 0.482000 0.554545 0.024000 0.163636
2 0.692000 0.590909 0.032000 0.163636
0 0.781000 0.554545 0.030000 0.200000
0 0.833000 0.563636 0.030000 0.145455
0 0.913000 0.618182 0.026000 0.145455
0 0.947000 0.600000 0.022000 0.145455