2 0.131000 0.650794 0.030000 0.031746
1 0.191000 0.547619 0.026000 0.301587
3 0.463000 0.531746 0.018000 0.428571
2 0.558000 0.579365 0.028000 0.015873
3 0.621000 0.539683 0.010000 0.317460
1 0.932000 0.531746 0.024000 0.206349
3 0.963000 0.476190 0.030000 0.412698
3 0.786000 0.507937 0.020000 0.507937
0 0.036000 0.555556 0.032000 0.317460
1 0.079000 0.325397 0.014000 0.238095
2 0.267000 0.539683 0.034000 0.158730
0 0.355000 0.484127 0.026000 0.333333
2 0.407000 0.547619 0.022000 0.174603
0 0.439000 0.523810 0.010000 0.317460
3 0.321000 0.523810 0.018000 0.444444
0 0.522000 0.500000 0.028000 0.333333
0 0.592000 0.500000 0.012000 0.333333
3 0.493000 0.507937 0.014000 0.444444
3 0.648000 0.500000 0.016000 0.682540
0 0.677000 0.523810 0.026000 0.317460
1 0.754000 0.492063 0.032000 0.253968
3 0.813000 0.484127 0.010000 0.428571
0 0.835000 0.515873 0.030000 0.301587
2 0.894000 0.547619 0.020000 0.206349