3 0.024000 0.468750 0.008000 0.531250
1 0.055000 0.500000 0.030000 0.343750
1 0.094000 0.500000 0.024000 0.312500
1 0.123000 0.484375 0.026000 0.343750
2 0.180000 0.523438 0.032000 0.171875
1 0.233000 0.468750 0.026000 0.312500
1 0.269000 0.492188 0.026000 0.359375
1 0.312000 0.484375 0.024000 0.375000
2 0.367000 0.507812 0.026000 0.015625
1 0.423000 0.476562 0.034000 0.328125
1 0.469000 0.492188 0.038000 0.359375
3 0.522000 0.468750 0.016000 0.531250
2 0.575000 0.445312 0.038000 0.578125
1 0.600000 0.492188 0.032000 0.328125
1 0.645000 0.523438 0.034000 0.359375
1 0.685000 0.507812 0.026000 0.328125
1 0.955000 0.476562 0.046000 0.453125
3 0.847000 0.492188 0.082000 0.671875