3 0.105000 0.545455 0.018000 0.454545
1 0.133000 0.500000 0.010000 0.363636
0 0.160000 0.598485 0.024000 0.196970
3 0.182000 0.583333 0.008000 0.500000
1 0.343000 0.492424 0.022000 0.409091
1 0.459000 0.280303 0.014000 0.257576
3 0.488000 0.477273 0.016000 0.469697
0 0.518000 0.560606 0.028000 0.212121
2 0.585000 0.500000 0.022000 0.030303
1 0.649000 0.424242 0.022000 0.363636
1 0.758000 0.303030 0.016000 0.181818
3 0.793000 0.522727 0.018000 0.500000
0 0.821000 0.575758 0.026000 0.151515
2 0.896000 0.568182 0.020000 0.227273
1 0.961000 0.462121 0.034000 0.409091
0 0.051000 0.545455 0.062000 0.242424
2 0.251000 0.560606 0.026000 0.151515
0 0.408000 0.575758 0.064000 0.212121
3 0.539000 0.553030 0.006000 0.439394
0 0.709000 0.522727 0.062000 0.257576
3 0.848000 0.530303 0.004000 0.454545