1 0.093000 0.327273 0.030000 0.290909
1 0.216000 0.481818 0.028000 0.454545
2 0.339000 0.481818 0.030000 0.454545
2 0.492000 0.527273 0.024000 0.400000
1 0.564000 0.518182 0.036000 0.454545
1 0.830000 0.581818 0.032000 0.472727
2 0.134000 0.554545 0.020000 0.018182
2 0.891000 0.600000 0.018000 0.036364
0 0.041000 0.609091 0.042000 0.345455
0 0.261000 0.563636 0.038000 0.254545
1 0.405000 0.500000 0.030000 0.418182
1 0.678000 0.536364 0.032000 0.454545
1 0.958000 0.563636 0.040000 0.400000
2 0.750000 0.645455 0.040000 0.200000