1 0.033000 0.500000 0.026000 0.333333
1 0.092000 0.527778 0.024000 0.240741
2 0.159000 0.527778 0.022000 0.018519
3 0.233000 0.462963 0.010000 0.518519
3 0.259000 0.444444 0.010000 0.481481
1 0.305000 0.444444 0.018000 0.407407
1 0.329000 0.444444 0.022000 0.370370
2 0.366000 0.509259 0.032000 0.500000
1 0.404000 0.472222 0.032000 0.314815
1 0.436000 0.490741 0.028000 0.351852
3 0.465000 0.490741 0.014000 0.611111
2 0.501000 0.481481 0.018000 0.555556
1 0.535000 0.453704 0.022000 0.314815
1 0.559000 0.435185 0.022000 0.351852
3 0.595000 0.462963 0.014000 0.555556
2 0.839000 0.537037 0.026000 0.037037
1 0.889000 0.509259 0.030000 0.351852
1 0.914000 0.537037 0.020000 0.296296
1 0.962000 0.555556 0.032000 0.370370
1 0.067000 0.509259 0.022000 0.351852
3 0.730000 0.564815 0.048000 0.500000