1 0.028000 0.435897 0.016000 0.358974
1 0.055000 0.448718 0.018000 0.282051
1 0.080000 0.435897 0.020000 0.358974
0 0.101000 0.551282 0.014000 0.179487
0 0.157000 0.538462 0.014000 0.205128
1 0.178000 0.615385 0.012000 0.153846
1 0.182000 0.333333 0.016000 0.153846
2 0.215000 0.500000 0.014000 0.025641
1 0.246000 0.461538 0.016000 0.256410
1 0.268000 0.435897 0.016000 0.307692
1 0.289000 0.423077 0.018000 0.333333
0 0.311000 0.551282 0.014000 0.179487
1 0.330000 0.589744 0.016000 0.256410
0 0.356000 0.551282 0.016000 0.179487
1 0.375000 0.602564 0.010000 0.179487
0 0.397000 0.538462 0.014000 0.205128
1 0.419000 0.589744 0.006000 0.153846
2 0.451000 0.551282 0.018000 0.282051
1 0.486000 0.448718 0.020000 0.333333
1 0.506000 0.474359 0.016000 0.333333
0 0.531000 0.551282 0.014000 0.128205
1 0.551000 0.641026 0.010000 0.153846
1 0.548000 0.346154 0.008000 0.179487
2 0.584000 0.512821 0.016000 0.051282
1 0.612000 0.474359 0.016000 0.282051
1 0.628000 0.474359 0.016000 0.230769
0 0.654000 0.564103 0.016000 0.153846
1 0.672000 0.641026 0.008000 0.153846
0 0.696000 0.564103 0.016000 0.153846
1 0.715000 0.628205 0.006000 0.128205
0 0.732000 0.564103 0.012000 0.153846
1 0.752000 0.628205 0.012000 0.128205
2 0.784000 0.564103 0.012000 0.205128
1 0.812000 0.474359 0.012000 0.282051
1 0.829000 0.512821 0.014000 0.256410
0 0.865000 0.551282 0.014000 0.179487
1 0.885000 0.641026 0.010000 0.205128
1 0.889000 0.333333 0.010000 0.153846
0 0.910000 0.551282 0.016000 0.179487
1 0.930000 0.615385 0.008000 0.153846
1 0.970000 0.551282 0.016000 0.230769
1 0.121000 0.576923 0.014000 0.230769
1 0.848000 0.461538 0.024000 0.307692
2 0.952000 0.551282 0.012000 0.076923