0 0.033000 0.509804 0.026000 0.235294
0 0.180000 0.549020 0.024000 0.196078
0 0.487000 0.568627 0.030000 0.196078
0 0.155000 0.500000 0.014000 0.215686
0 0.321000 0.558824 0.014000 0.176471
0 0.597000 0.578431 0.018000 0.176471
0 0.699000 0.558824 0.022000 0.215686
0 0.417000 0.490196 0.018000 0.313725
0 0.620000 0.519608 0.016000 0.294118
0 0.790000 0.490196 0.020000 0.352941
0 0.433000 0.578431 0.014000 0.176471
0 0.639000 0.617647 0.018000 0.137255
0 0.867000 0.568627 0.022000 0.196078
1 0.063000 0.323529 0.018000 0.254902
1 0.126000 0.421569 0.020000 0.333333
1 0.301000 0.490196 0.014000 0.313725
1 0.393000 0.480392 0.022000 0.294118
1 0.571000 0.509804 0.018000 0.313725
1 0.726000 0.382353 0.008000 0.215686
1 0.813000 0.392157 0.010000 0.235294
1 0.892000 0.382353 0.012000 0.215686
1 0.206000 0.323529 0.012000 0.176471
1 0.342000 0.382353 0.016000 0.176471
1 0.965000 0.558824 0.022000 0.176471
2 0.667000 0.509804 0.014000 0.039216
2 0.755000 0.539216 0.014000 0.019608
2 0.932000 0.578431 0.024000 0.137255
2 0.245000 0.490196 0.026000 0.313725
2 0.535000 0.519608 0.018000 0.294118
3 0.281000 0.539216 0.014000 0.490196
3 0.452000 0.539216 0.012000 0.490196