0 0.047000 0.560748 0.054000 0.186916
3 0.126000 0.434579 0.024000 0.570093
0 0.175000 0.420561 0.046000 0.355140
3 0.237000 0.429907 0.026000 0.579439
3 0.435000 0.471963 0.018000 0.626168
0 0.502000 0.579439 0.052000 0.130841
3 0.570000 0.481308 0.020000 0.457944
0 0.623000 0.434579 0.050000 0.327103
3 0.663000 0.448598 0.034000 0.523364
3 0.709000 0.691589 0.018000 0.112150
0 0.785000 0.719626 0.034000 0.355140
3 0.851000 0.490654 0.026000 0.439252
0 0.897000 0.467290 0.054000 0.355140
3 0.936000 0.481308 0.032000 0.551402
3 0.954000 0.457944 0.048000 0.728972
2 0.340000 0.565421 0.040000 0.102804