0 0.044000 0.467213 0.048000 0.245902
2 0.195000 0.491803 0.038000 0.229508
0 0.261000 0.475410 0.026000 0.163934
0 0.308000 0.475410 0.036000 0.196721
1 0.356000 0.319672 0.028000 0.245902
2 0.448000 0.500000 0.044000 0.213115
0 0.525000 0.426230 0.026000 0.295082
0 0.575000 0.500000 0.046000 0.180328
1 0.618000 0.327869 0.016000 0.229508
2 0.691000 0.483607 0.038000 0.180328
0 0.759000 0.467213 0.038000 0.180328
0 0.800000 0.459016 0.040000 0.163934
2 0.891000 0.516393 0.038000 0.147541
0 0.958000 0.491803 0.040000 0.655738
1 0.105000 0.368852 0.022000 0.245902