1 0.396000 0.280255 0.052000 0.280255
3 0.419000 0.601911 0.222000 0.031847
0 0.344000 0.850318 0.032000 0.171975
1 0.479000 0.818471 0.026000 0.171975
2 0.658000 0.528662 0.056000 0.012739
1 0.832000 0.388535 0.048000 0.267516
3 0.856000 0.560510 0.144000 0.050955
0 0.845000 0.815287 0.034000 0.140127
0 0.079000 0.121019 0.082000 0.114650
0 0.080000 0.471338 0.120000 0.369427
0 0.042000 0.831210 0.024000 0.121019
2 0.085000 0.837580 0.042000 0.095541
1 0.145000 0.818471 0.042000 0.171975
3 0.277000 0.468153 0.062000 0.605096
3 0.963000 0.640127 0.030000 0.452229
2 0.413000 0.828025 0.066000 0.140127