3 0.030000 0.552632 0.020000 0.543860
1 0.047000 0.535088 0.014000 0.228070
1 0.070000 0.543860 0.020000 0.210526
2 0.108000 0.587719 0.016000 0.017544
1 0.140000 0.491228 0.020000 0.175439
1 0.170000 0.482456 0.012000 0.192982
1 0.198000 0.508772 0.016000 0.175439
1 0.260000 0.517544 0.020000 0.228070
1 0.285000 0.500000 0.022000 0.228070
3 0.317000 0.552632 0.014000 0.473684
3 0.350000 0.526316 0.016000 0.175439
3 0.384000 0.482456 0.020000 0.614035
3 0.391000 0.517544 0.014000 0.438596
1 0.416000 0.508772 0.020000 0.210526
1 0.442000 0.464912 0.020000 0.263158
1 0.512000 0.500000 0.024000 0.333333
1 0.537000 0.508772 0.018000 0.280702
2 0.578000 0.570175 0.016000 0.017544
3 0.609000 0.508772 0.018000 0.526316
1 0.625000 0.517544 0.018000 0.157895
1 0.644000 0.517544 0.016000 0.157895
1 0.660000 0.526316 0.012000 0.175439
1 0.711000 0.508772 0.022000 0.245614
1 0.727000 0.517544 0.014000 0.192982
3 0.752000 0.561404 0.016000 0.491228
1 0.845000 0.508772 0.018000 0.210526
1 0.863000 0.526316 0.014000 0.175439
1 0.886000 0.482456 0.024000 0.263158
1 0.905000 0.535088 0.014000 0.263158
1 0.938000 0.473684 0.016000 0.245614
1 0.968000 0.456140 0.020000 0.210526
1 0.303000 0.517544 0.022000 0.228070
3 0.475000 0.587719 0.034000 0.228070
3 0.557000 0.508772 0.010000 0.421053
3 0.690000 0.491228 0.016000 0.175439
3 0.742000 0.517544 0.012000 0.403509
3 0.783000 0.561404 0.022000 0.385965