3 0.034000 0.535088 0.028000 0.473684
3 0.057000 0.543860 0.022000 0.385965
1 0.089000 0.482456 0.022000 0.263158
1 0.115000 0.543860 0.018000 0.456140
3 0.162000 0.526316 0.024000 0.175439
1 0.203000 0.464912 0.022000 0.228070
1 0.236000 0.491228 0.024000 0.245614
2 0.297000 0.596491 0.026000 0.175439
3 0.335000 0.526316 0.030000 0.526316
1 0.357000 0.491228 0.026000 0.315789
1 0.381000 0.508772 0.026000 0.280702
2 0.423000 0.596491 0.026000 0.175439
1 0.462000 0.508772 0.032000 0.315789
1 0.493000 0.535088 0.026000 0.263158
1 0.525000 0.578947 0.026000 0.280702
3 0.552000 0.517544 0.020000 0.473684
3 0.572000 0.526316 0.016000 0.526316
3 0.629000 0.508772 0.022000 0.456140
1 0.640000 0.482456 0.024000 0.263158
1 0.667000 0.535088 0.014000 0.403509
1 0.696000 0.543860 0.016000 0.280702
2 0.729000 0.500000 0.022000 0.017544
1 0.814000 0.508772 0.012000 0.350877
3 0.837000 0.552632 0.018000 0.228070
1 0.861000 0.456140 0.002000 0.315789
1 0.873000 0.482456 0.014000 0.333333
1 0.895000 0.482456 0.018000 0.263158
3 0.911000 0.473684 0.014000 0.526316
3 0.924000 0.464912 0.016000 0.578947
1 0.972000 0.543860 0.008000 0.140351
2 0.601000 0.535088 0.014000 0.543860
3 0.751000 0.596491 0.006000 0.421053
1 0.759000 0.491228 0.030000 0.280702
1 0.792000 0.500000 0.012000 0.403509
3 0.952000 0.552632 0.024000 0.368421
3 0.256000 0.517544 0.016000 0.578947