3 0.033000 0.451613 0.026000 0.516129
1 0.055000 0.540323 0.018000 0.338710
1 0.085000 0.532258 0.034000 0.290323
2 0.139000 0.556452 0.022000 0.016129
3 0.210000 0.500000 0.020000 0.677419
2 0.269000 0.524194 0.046000 0.629032
3 0.321000 0.580645 0.018000 0.451613
3 0.344000 0.548387 0.016000 0.354839
1 0.384000 0.491935 0.032000 0.306452
1 0.408000 0.524194 0.016000 0.274194
1 0.436000 0.580645 0.016000 0.258065
2 0.479000 0.516129 0.034000 0.483871
1 0.502000 0.540323 0.028000 0.274194
1 0.529000 0.580645 0.030000 0.322581
1 0.562000 0.572581 0.020000 0.338710
3 0.581000 0.508065 0.022000 0.629032
2 0.619000 0.500000 0.042000 0.516129
1 0.645000 0.540323 0.002000 0.274194
3 0.726000 0.475806 0.020000 0.629032
1 0.881000 0.435484 0.030000 0.354839
1 0.924000 0.419355 0.028000 0.387097
1 0.944000 0.395161 0.028000 0.370968
1 0.968000 0.411290 0.020000 0.338710
1 0.177000 0.532258 0.038000 0.290323
1 0.667000 0.580645 0.022000 0.258065
1 0.692000 0.548387 0.048000 0.258065
3 0.795000 0.475806 0.042000 0.306452