3 0.027000 0.444444 0.014000 0.444444
3 0.057000 0.488889 0.014000 0.400000
1 0.081000 0.488889 0.014000 0.355556
1 0.136000 0.544444 0.020000 0.288889
2 0.168000 0.566667 0.016000 0.022222
1 0.201000 0.511111 0.022000 0.266667
3 0.229000 0.488889 0.010000 0.533333
3 0.269000 0.588889 0.022000 0.244444
3 0.315000 0.500000 0.018000 0.377778
1 0.345000 0.511111 0.014000 0.311111
1 0.378000 0.522222 0.020000 0.333333
1 0.408000 0.511111 0.012000 0.400000
2 0.445000 0.522222 0.018000 0.288889
1 0.485000 0.533333 0.022000 0.311111
3 0.550000 0.488889 0.008000 0.488889
3 0.570000 0.466667 0.008000 0.488889
3 0.606000 0.577778 0.024000 0.222222
1 0.648000 0.466667 0.016000 0.400000
1 0.684000 0.522222 0.020000 0.377778
1 0.772000 0.544444 0.016000 0.333333
1 0.805000 0.522222 0.014000 0.422222
1 0.833000 0.544444 0.014000 0.333333
1 0.868000 0.555556 0.016000 0.355556
1 0.906000 0.522222 0.020000 0.288889
1 0.943000 0.511111 0.014000 0.400000
1 0.967000 0.522222 0.022000 0.244444
1 0.107000 0.488889 0.010000 0.400000
1 0.518000 0.533333 0.024000 0.355556
2 0.728000 0.611111 0.020000 0.155556