3 0.026000 0.442308 0.012000 0.500000
3 0.042000 0.461538 0.012000 0.538462
1 0.076000 0.423077 0.020000 0.307692
2 0.100000 0.413462 0.008000 0.019231
1 0.134000 0.442308 0.020000 0.307692
1 0.156000 0.461538 0.016000 0.192308
3 0.173000 0.451923 0.010000 0.519231
3 0.239000 0.500000 0.010000 0.500000
1 0.262000 0.451923 0.016000 0.211538
1 0.285000 0.471154 0.014000 0.250000
0 0.335000 0.538462 0.018000 0.153846
1 0.367000 0.500000 0.014000 0.269231
3 0.411000 0.500000 0.006000 0.384615
3 0.420000 0.490385 0.008000 0.519231
2 0.456000 0.509615 0.016000 0.019231
3 0.492000 0.500000 0.012000 0.423077
3 0.509000 0.519231 0.014000 0.346154
1 0.530000 0.500000 0.016000 0.192308
1 0.553000 0.500000 0.014000 0.192308
1 0.574000 0.519231 0.016000 0.269231
2 0.599000 0.509615 0.006000 0.019231
3 0.663000 0.461538 0.006000 0.423077
1 0.755000 0.509615 0.018000 0.211538
3 0.771000 0.500000 0.006000 0.500000
2 0.868000 0.509615 0.016000 0.019231
1 0.925000 0.490385 0.014000 0.250000
1 0.945000 0.500000 0.022000 0.192308
1 0.970000 0.471154 0.016000 0.250000
1 0.305000 0.471154 0.014000 0.250000
1 0.390000 0.461538 0.012000 0.230769
1 0.618000 0.480769 0.016000 0.269231
1 0.640000 0.509615 0.016000 0.211538
0 0.694000 0.500000 0.028000 0.192308
1 0.728000 0.490385 0.016000 0.250000
0 0.813000 0.596154 0.030000 0.384615
1 0.899000 0.500000 0.022000 0.269231