1 0.073000 0.219178 0.014000 0.109589
1 0.041000 0.691781 0.010000 0.178082
1 0.154000 0.253425 0.020000 0.205479
1 0.141000 0.671233 0.014000 0.164384
1 0.161000 0.561644 0.010000 0.109589
2 0.206000 0.472603 0.016000 0.095890
1 0.245000 0.301370 0.018000 0.191781
1 0.236000 0.684932 0.016000 0.136986
1 0.253000 0.582192 0.010000 0.095890
2 0.298000 0.493151 0.016000 0.082192
1 0.336000 0.267123 0.016000 0.150685
1 0.361000 0.554795 0.006000 0.095890
2 0.401000 0.472603 0.018000 0.123288
2 0.487000 0.452055 0.018000 0.109589
1 0.558000 0.267123 0.016000 0.150685
3 0.525000 0.719178 0.006000 0.287671
1 0.540000 0.719178 0.012000 0.178082
0 0.561000 0.760274 0.014000 0.123288
2 0.592000 0.732877 0.016000 0.095890
1 0.611000 0.698630 0.014000 0.164384
3 0.632000 0.705479 0.008000 0.232877
1 0.648000 0.589041 0.012000 0.109589
2 0.671000 0.486301 0.014000 0.123288
3 0.813000 0.404110 0.034000 0.232877
0 0.795000 0.705479 0.014000 0.178082
1 0.826000 0.698630 0.008000 0.082192
1 0.902000 0.239726 0.024000 0.205479
3 0.864000 0.698630 0.008000 0.219178
1 0.881000 0.705479 0.014000 0.178082
0 0.897000 0.678082 0.014000 0.205479
2 0.920000 0.726027 0.008000 0.082192
1 0.942000 0.712329 0.016000 0.219178
3 0.959000 0.698630 0.006000 0.219178
1 0.974000 0.568493 0.008000 0.095890
3 0.039000 0.335616 0.030000 0.123288
3 0.045000 0.520548 0.050000 0.027397
2 0.103000 0.506849 0.014000 0.082192
3 0.158000 0.486301 0.056000 0.013699
3 0.253000 0.500000 0.050000 0.013699
3 0.349000 0.486301 0.050000 0.013699
1 0.338000 0.671233 0.020000 0.164384
3 0.447000 0.479452 0.030000 0.027397
3 0.583000 0.500000 0.134000 0.013699
3 0.711000 0.486301 0.030000 0.013699
2 0.752000 0.486301 0.016000 0.095890
3 0.816000 0.184932 0.024000 0.068493
3 0.911000 0.486301 0.114000 0.041096