0 0.039000 0.521429 0.038000 0.471429
0 0.111000 0.578571 0.038000 0.442857
3 0.165000 0.571429 0.018000 0.514286
0 0.298000 0.507143 0.036000 0.614286
0 0.382000 0.485714 0.044000 0.228571
1 0.419000 0.607143 0.026000 0.100000
0 0.509000 0.478571 0.018000 0.328571
3 0.523000 0.678571 0.002000 0.100000
0 0.560000 0.664286 0.028000 0.385714
3 0.599000 0.507143 0.026000 0.585714
2 0.673000 0.471429 0.038000 0.028571
0 0.742000 0.457143 0.036000 0.628571
0 0.828000 0.514286 0.040000 0.228571
3 0.891000 0.642857 0.006000 0.114286
0 0.925000 0.642857 0.026000 0.371429
3 0.967000 0.578571 0.022000 0.500000
3 0.076000 0.464286 0.024000 0.357143
2 0.226000 0.500000 0.040000 0.171429
3 0.350000 0.442857 0.016000 0.371429
2 0.463000 0.492857 0.030000 0.357143
3 0.797000 0.414286 0.018000 0.400000
1 0.859000 0.635714 0.026000 0.128571