0 0.042000 0.430693 0.044000 0.267327
3 0.126000 0.475248 0.040000 0.693069
0 0.182000 0.500000 0.068000 0.207921
1 0.246000 0.267327 0.028000 0.158416
3 0.288000 0.480198 0.024000 0.762376
0 0.548000 0.509901 0.060000 0.267327
3 0.641000 0.524752 0.042000 0.673267
3 0.693000 0.544554 0.034000 0.633663
2 0.729000 0.495050 0.026000 0.019802
0 0.799000 0.529703 0.066000 0.207921
3 0.861000 0.594059 0.030000 0.613861
1 0.923000 0.301980 0.030000 0.188119
3 0.962000 0.470297 0.028000 0.702970
2 0.417000 0.509901 0.066000 0.188119