0 0.040000 0.507937 0.040000 0.253968
1 0.082000 0.642857 0.024000 0.365079
3 0.248000 0.412698 0.016000 0.476190
3 0.285000 0.476190 0.034000 0.285714
1 0.324000 0.563492 0.028000 0.206349
3 0.353000 0.468254 0.026000 0.619048
0 0.590000 0.484127 0.044000 0.238095
1 0.639000 0.642857 0.026000 0.206349
3 0.854000 0.396825 0.008000 0.349206
3 0.896000 0.500000 0.036000 0.301587
1 0.930000 0.650794 0.020000 0.222222
3 0.968000 0.484127 0.020000 0.492063
3 0.157000 0.460317 0.086000 0.349206
2 0.458000 0.555556 0.020000 0.126984
3 0.754000 0.492063 0.088000 0.285714