1 0.058000 0.638889 0.004000 0.166667
1 0.089000 0.518519 0.014000 0.333333
1 0.119000 0.518519 0.026000 0.333333
3 0.033000 0.500000 0.026000 0.592593
2 0.164000 0.564815 0.028000 0.240741
1 0.210000 0.481481 0.004000 0.259259
1 0.243000 0.462963 0.030000 0.259259
1 0.271000 0.490741 0.018000 0.314815
3 0.297000 0.462963 0.014000 0.518519
2 0.334000 0.500000 0.024000 0.629630
3 0.369000 0.472222 0.014000 0.500000
3 0.398000 0.425926 0.012000 0.481481
1 0.443000 0.435185 0.010000 0.314815
1 0.471000 0.444444 0.022000 0.333333
1 0.506000 0.462963 0.016000 0.333333
2 0.559000 0.481481 0.030000 0.259259
1 0.608000 0.462963 0.032000 0.333333
1 0.638000 0.472222 0.008000 0.240741
3 0.658000 0.453704 0.016000 0.537037
2 0.701000 0.481481 0.018000 0.555556
1 0.741000 0.462963 0.014000 0.259259
1 0.771000 0.490741 0.018000 0.240741
3 0.792000 0.481481 0.020000 0.592593
1 0.929000 0.592593 0.022000 0.333333
1 0.965000 0.564815 0.026000 0.314815
3 0.855000 0.490741 0.058000 0.425926