0 0.036000 0.458333 0.032000 0.500000
0 0.095000 0.510417 0.038000 0.354167
1 0.295000 0.625000 0.022000 0.333333
2 0.355000 0.625000 0.026000 0.250000
1 0.443000 0.625000 0.030000 0.250000
2 0.504000 0.572917 0.024000 0.270833
1 0.603000 0.625000 0.026000 0.291667
2 0.665000 0.583333 0.022000 0.250000
2 0.842000 0.583333 0.024000 0.250000
0 0.960000 0.541667 0.036000 0.375000
0 0.063000 0.510417 0.014000 0.312500
0 0.116000 0.458333 0.016000 0.041667
2 0.185000 0.510417 0.018000 0.104167
0 0.262000 0.500000 0.036000 0.416667
0 0.411000 0.541667 0.038000 0.375000
0 0.565000 0.479167 0.038000 0.375000
3 0.754000 0.666667 0.096000 0.166667
0 0.912000 0.479167 0.044000 0.458333