2 0.113000 0.666667 0.026000 0.280702
1 0.445000 0.526316 0.022000 0.561404
1 0.621000 0.561404 0.030000 0.385965
2 0.843000 0.570175 0.018000 0.017544
1 0.888000 0.535088 0.032000 0.403509
1 0.924000 0.526316 0.028000 0.421053
1 0.037000 0.508772 0.034000 0.596491
1 0.408000 0.482456 0.024000 0.543860
1 0.482000 0.473684 0.028000 0.421053
1 0.669000 0.552632 0.026000 0.403509
1 0.699000 0.543860 0.038000 0.385965
2 0.766000 0.675439 0.024000 0.192982
1 0.964000 0.491228 0.028000 0.315789
1 0.241000 0.500000 0.038000 0.508772
2 0.565000 0.622807 0.026000 0.263158
1 0.201000 0.464912 0.026000 0.578947