3 0.032000 0.447761 0.024000 0.597015
1 0.076000 0.455224 0.052000 0.432836
1 0.124000 0.492537 0.024000 0.328358
1 0.176000 0.492537 0.048000 0.328358
2 0.226000 0.485075 0.024000 0.402985
1 0.267000 0.440299 0.046000 0.373134
1 0.311000 0.462687 0.030000 0.358209
3 0.341000 0.477612 0.018000 0.597015
3 0.432000 0.619403 0.028000 0.283582
1 0.503000 0.544776 0.042000 0.402985
1 0.558000 0.567164 0.040000 0.328358
1 0.822000 0.485075 0.044000 0.432836
1 0.876000 0.507463 0.048000 0.328358
3 0.682000 0.552239 0.056000 0.597015
1 0.944000 0.500000 0.068000 0.373134