1 0.042000 0.463235 0.044000 0.397059
1 0.086000 0.492647 0.032000 0.279412
1 0.134000 0.485294 0.032000 0.323529
2 0.180000 0.397059 0.028000 0.382353
3 0.222000 0.455882 0.024000 0.441176
3 0.256000 0.492647 0.020000 0.367647
1 0.291000 0.441176 0.034000 0.294118
1 0.324000 0.470588 0.020000 0.264706
1 0.368000 0.477941 0.036000 0.250000
3 0.428000 0.529412 0.020000 0.205882
1 0.482000 0.448529 0.032000 0.279412
1 0.524000 0.448529 0.032000 0.250000
3 0.556000 0.397059 0.012000 0.500000
2 0.623000 0.522059 0.034000 0.014706
1 0.692000 0.419118 0.028000 0.308824
1 0.728000 0.426471 0.036000 0.294118
3 0.759000 0.455882 0.014000 0.441176
1 0.957000 0.514706 0.042000 0.205882
3 0.855000 0.632353 0.042000 0.441176