3 0.026000 0.548611 0.012000 0.597222
3 0.055000 0.506944 0.014000 0.458333
1 0.079000 0.500000 0.018000 0.333333
1 0.106000 0.506944 0.016000 0.291667
1 0.164000 0.506944 0.020000 0.375000
1 0.195000 0.486111 0.026000 0.305556
3 0.215000 0.493056 0.026000 0.513889
3 0.261000 0.520833 0.030000 0.208333
1 0.317000 0.402778 0.030000 0.333333
1 0.351000 0.423611 0.014000 0.319444
1 0.371000 0.416667 0.026000 0.250000
3 0.397000 0.444444 0.022000 0.500000
2 0.468000 0.506944 0.032000 0.013889
1 0.525000 0.458333 0.030000 0.277778
1 0.556000 0.409722 0.020000 0.319444
1 0.581000 0.381944 0.022000 0.263889
3 0.520000 0.409722 0.020000 0.541667
1 0.667000 0.402778 0.030000 0.333333
1 0.691000 0.409722 0.030000 0.291667
3 0.714000 0.437500 0.020000 0.597222
1 0.893000 0.444444 0.030000 0.305556
1 0.930000 0.465278 0.020000 0.319444
1 0.962000 0.465278 0.028000 0.347222
2 0.129000 0.583333 0.022000 0.444444
2 0.620000 0.444444 0.020000 0.500000
1 0.640000 0.437500 0.028000 0.236111
3 0.826000 0.500000 0.040000 0.416667