3 0.111000 0.490909 0.014000 0.618182
0 0.138000 0.554545 0.024000 0.200000
2 0.166000 0.554545 0.024000 0.272727
0 0.199000 0.490909 0.022000 0.400000
3 0.217000 0.527273 0.022000 0.509091
3 0.442000 0.509091 0.016000 0.400000
0 0.459000 0.554545 0.022000 0.163636
3 0.477000 0.509091 0.014000 0.436364
3 0.525000 0.572727 0.058000 0.200000
3 0.568000 0.518182 0.012000 0.563636
0 0.593000 0.481818 0.022000 0.345455
3 0.610000 0.445455 0.012000 0.490909
2 0.661000 0.554545 0.026000 0.236364
3 0.788000 0.454545 0.016000 0.509091
0 0.806000 0.518182 0.024000 0.272727
3 0.823000 0.509091 0.014000 0.436364
3 0.874000 0.545455 0.060000 0.181818
3 0.920000 0.454545 0.012000 0.472727
0 0.942000 0.545455 0.020000 0.181818
3 0.970000 0.481818 0.016000 0.490909
3 0.054000 0.527273 0.068000 0.327273
2 0.296000 0.636364 0.036000 0.145455
3 0.382000 0.563636 0.068000 0.290909
3 0.739000 0.518182 0.070000 0.345455