3 0.036000 0.447761 0.032000 0.597015
1 0.157000 0.500000 0.030000 0.492537
2 0.224000 0.559701 0.028000 0.044776
3 0.364000 0.537313 0.016000 0.597015
1 0.910000 0.462687 0.024000 0.567164
1 0.071000 0.485075 0.042000 0.432836
1 0.115000 0.477612 0.022000 0.477612
1 0.279000 0.500000 0.018000 0.462687
1 0.323000 0.552239 0.030000 0.417910
0 0.445000 0.537313 0.030000 0.417910
1 0.511000 0.485075 0.026000 0.492537
1 0.566000 0.567164 0.036000 0.477612
0 0.683000 0.589552 0.058000 0.462687
1 0.802000 0.492537 0.028000 0.477612
1 0.857000 0.514925 0.026000 0.402985
1 0.963000 0.485075 0.030000 0.432836