3 0.033000 0.424419 0.026000 0.569767
1 0.077000 0.418605 0.030000 0.441860
1 0.120000 0.412791 0.028000 0.430233
1 0.170000 0.366279 0.032000 0.430233
1 0.249000 0.436047 0.030000 0.430233
1 0.301000 0.430233 0.042000 0.395349
1 0.355000 0.430233 0.046000 0.325581
3 0.415000 0.406977 0.018000 0.581395
2 0.498000 0.534884 0.040000 0.302326
1 0.573000 0.406977 0.038000 0.488372
1 0.808000 0.424419 0.036000 0.476744
1 0.907000 0.430233 0.046000 0.372093
2 0.213000 0.418605 0.022000 0.604651
2 0.695000 0.569767 0.042000 0.186047
3 0.837000 0.761628 0.018000 0.220930
1 0.954000 0.406977 0.048000 0.302326