0 0.036000 0.446970 0.032000 0.469697
1 0.104000 0.295455 0.020000 0.227273
1 0.207000 0.431818 0.010000 0.318182
0 0.293000 0.681818 0.022000 0.303030
0 0.423000 0.492424 0.030000 0.257576
0 0.487000 0.606061 0.026000 0.333333
2 0.554000 0.522727 0.032000 0.045455
0 0.666000 0.537879 0.028000 0.196970
0 0.701000 0.424242 0.030000 0.424242
0 0.737000 0.643939 0.026000 0.348485
2 0.778000 0.484848 0.024000 0.030303
0 0.828000 0.446970 0.032000 0.378788
1 0.965000 0.431818 0.026000 0.348485
0 0.072000 0.628788 0.028000 0.439394
2 0.150000 0.537879 0.028000 0.196970
0 0.250000 0.515152 0.020000 0.212121
1 0.321000 0.310606 0.014000 0.166667
2 0.358000 0.545455 0.028000 0.090909
1 0.455000 0.219697 0.018000 0.136364
1 0.519000 0.265152 0.014000 0.166667
1 0.623000 0.454545 0.026000 0.333333
1 0.871000 0.257576 0.018000 0.181818
2 0.901000 0.545455 0.030000 0.181818