1 0.034000 0.518519 0.028000 0.333333
1 0.069000 0.509259 0.038000 0.388889
1 0.105000 0.527778 0.030000 0.351852
2 0.162000 0.527778 0.032000 0.240741
3 0.225000 0.425926 0.018000 0.481481
3 0.241000 0.481481 0.014000 0.444444
1 0.271000 0.481481 0.030000 0.333333
1 0.307000 0.481481 0.030000 0.407407
1 0.343000 0.472222 0.030000 0.388889
3 0.393000 0.583333 0.022000 0.203704
1 0.442000 0.490741 0.028000 0.351852
1 0.479000 0.509259 0.026000 0.314815
3 0.513000 0.472222 0.018000 0.462963
1 0.636000 0.472222 0.032000 0.388889
1 0.670000 0.518519 0.032000 0.370370
3 0.705000 0.500000 0.022000 0.592593
1 0.816000 0.416667 0.032000 0.314815
1 0.848000 0.444444 0.024000 0.259259
1 0.881000 0.435185 0.026000 0.351852
1 0.936000 0.444444 0.028000 0.222222
1 0.965000 0.453704 0.026000 0.351852
3 0.567000 0.537037 0.062000 0.370370
2 0.763000 0.555556 0.026000 0.111111
3 0.898000 0.694444 0.012000 0.166667