1 0.034000 0.543478 0.028000 0.333333
1 0.382000 0.500000 0.024000 0.304348
1 0.440000 0.586957 0.044000 0.362319
1 0.607000 0.557971 0.026000 0.333333
1 0.644000 0.586957 0.028000 0.304348
3 0.716000 0.478261 0.020000 0.521739
1 0.911000 0.557971 0.022000 0.304348
1 0.961000 0.550725 0.034000 0.260870
0 0.850000 0.427536 0.048000 0.478261
1 0.102000 0.557971 0.028000 0.304348
0 0.229000 0.586957 0.026000 0.159420
3 0.317000 0.492754 0.014000 0.695652
0 0.535000 0.594203 0.050000 0.434783
1 0.682000 0.601449 0.024000 0.362319