1 0.060000 0.509615 0.016000 0.365385
1 0.085000 0.500000 0.018000 0.307692
2 0.108000 0.509615 0.016000 0.403846
1 0.128000 0.567308 0.020000 0.326923
1 0.152000 0.576923 0.020000 0.346154
3 0.173000 0.557692 0.022000 0.461538
3 0.223000 0.567308 0.022000 0.173077
1 0.253000 0.509615 0.018000 0.365385
1 0.287000 0.509615 0.026000 0.288462
1 0.320000 0.567308 0.028000 0.326923
3 0.345000 0.528846 0.022000 0.519231
3 0.395000 0.634615 0.018000 0.192308
3 0.432000 0.480769 0.012000 0.576923
1 0.456000 0.461538 0.016000 0.346154
1 0.486000 0.413462 0.012000 0.326923
1 0.511000 0.423077 0.018000 0.384615
3 0.553000 0.538462 0.014000 0.230769
1 0.601000 0.480769 0.022000 0.346154
3 0.628000 0.490385 0.028000 0.557692
1 0.741000 0.509615 0.026000 0.365385
1 0.768000 0.538462 0.024000 0.346154
1 0.797000 0.528846 0.018000 0.365385
1 0.823000 0.548077 0.026000 0.365385
1 0.853000 0.528846 0.018000 0.365385
1 0.888000 0.500000 0.016000 0.307692
3 0.918000 0.653846 0.004000 0.038462
1 0.943000 0.519231 0.018000 0.346154
3 0.027000 0.500000 0.014000 0.500000
3 0.034000 0.509615 0.008000 0.442308
2 0.700000 0.538462 0.016000 0.153846
1 0.968000 0.548077 0.020000 0.250000