3 0.024000 0.403846 0.008000 0.423077
3 0.041000 0.413462 0.010000 0.365385
1 0.066000 0.413462 0.016000 0.288462
1 0.094000 0.413462 0.012000 0.288462
1 0.120000 0.423077 0.024000 0.269231
0 0.159000 0.500000 0.022000 0.192308
1 0.213000 0.432692 0.022000 0.250000
3 0.230000 0.451923 0.012000 0.519231
3 0.316000 0.413462 0.016000 0.442308
1 0.331000 0.432692 0.018000 0.250000
1 0.356000 0.451923 0.016000 0.250000
1 0.378000 0.471154 0.016000 0.250000
0 0.412000 0.490385 0.024000 0.211538
1 0.442000 0.432692 0.020000 0.250000
1 0.472000 0.461538 0.020000 0.230769
1 0.499000 0.471154 0.022000 0.326923
3 0.514000 0.461538 0.008000 0.384615
3 0.532000 0.480769 0.012000 0.500000
2 0.563000 0.586538 0.022000 0.019231
3 0.592000 0.471154 0.008000 0.403846
3 0.603000 0.490385 0.006000 0.326923
1 0.632000 0.480769 0.020000 0.269231
1 0.660000 0.461538 0.020000 0.230769
1 0.720000 0.451923 0.020000 0.211538
1 0.743000 0.451923 0.014000 0.288462
1 0.770000 0.471154 0.016000 0.250000
3 0.780000 0.461538 0.012000 0.423077
1 0.845000 0.413462 0.018000 0.211538
1 0.868000 0.413462 0.020000 0.211538
1 0.888000 0.451923 0.016000 0.211538
3 0.904000 0.500000 0.008000 0.423077
1 0.961000 0.461538 0.034000 0.192308
1 0.185000 0.413462 0.018000 0.288462
0 0.693000 0.500000 0.026000 0.230769
0 0.818000 0.490385 0.036000 0.250000
0 0.928000 0.557692 0.036000 0.461538
0 0.282000 0.471154 0.040000 0.250000