0 0.060000 0.641791 0.024000 0.238806
3 0.240000 0.597015 0.012000 0.447761
1 0.270000 0.582090 0.024000 0.268657
1 0.302000 0.619403 0.024000 0.194030
3 0.326000 0.559701 0.008000 0.402985
1 0.353000 0.432836 0.014000 0.179104
2 0.382000 0.634328 0.020000 0.223881
3 0.417000 0.582090 0.006000 0.447761
1 0.434000 0.589552 0.004000 0.343284
1 0.460000 0.604478 0.024000 0.223881
1 0.489000 0.589552 0.022000 0.343284
3 0.499000 0.738806 0.010000 0.223881
1 0.538000 0.619403 0.020000 0.313433
3 0.563000 0.634328 0.010000 0.402985
1 0.592000 0.440299 0.024000 0.134328
1 0.779000 0.514925 0.022000 0.462687
1 0.818000 0.544776 0.028000 0.373134
1 0.872000 0.552239 0.040000 0.417910
3 0.917000 0.716418 0.010000 0.119403
1 0.962000 0.470149 0.032000 0.432836
0 0.032000 0.477612 0.024000 0.477612
2 0.128000 0.656716 0.044000 0.149254
3 0.400000 0.477612 0.432000 0.656716
2 0.666000 0.671642 0.028000 0.149254