1 0.037000 0.470149 0.034000 0.283582
3 0.226000 0.514925 0.016000 0.582090
1 0.268000 0.500000 0.032000 0.283582
1 0.318000 0.492537 0.024000 0.238806
2 0.384000 0.589552 0.036000 0.014925
1 0.448000 0.522388 0.028000 0.238806
1 0.491000 0.544776 0.026000 0.194030
2 0.553000 0.552239 0.030000 0.029851
1 0.606000 0.485075 0.032000 0.223881
1 0.655000 0.522388 0.030000 0.268657
3 0.716000 0.492537 0.016000 0.686567
1 0.874000 0.440299 0.032000 0.283582
1 0.920000 0.440299 0.016000 0.283582
1 0.961000 0.447761 0.034000 0.268657
1 0.089000 0.485075 0.034000 0.223881
0 0.157000 0.552239 0.034000 0.328358
0 0.798000 0.552239 0.064000 0.417910