3 0.024000 0.421429 0.008000 0.557143
1 0.075000 0.442857 0.038000 0.400000
1 0.129000 0.471429 0.038000 0.342857
2 0.194000 0.642857 0.032000 0.028571
1 0.265000 0.428571 0.022000 0.457143
1 0.318000 0.442857 0.036000 0.428571
2 0.428000 0.557143 0.036000 0.171429
1 0.492000 0.450000 0.040000 0.414286
1 0.546000 0.485714 0.036000 0.371429
3 0.598000 0.471429 0.016000 0.542857
1 0.730000 0.442857 0.040000 0.371429
1 0.692000 0.450000 0.016000 0.500000
1 0.781000 0.507143 0.034000 0.328571
1 0.956000 0.528571 0.044000 0.257143
1 0.368000 0.464286 0.040000 0.357143
2 0.667000 0.442857 0.014000 0.571429
3 0.863000 0.507143 0.046000 0.700000