3 0.096000 0.411538 0.100000 0.300000
1 0.132000 0.784615 0.028000 0.123077
0 0.110000 0.126923 0.052000 0.100000
3 0.738000 0.423077 0.108000 0.353846
1 0.809000 0.734615 0.022000 0.115385
0 0.741000 0.161538 0.074000 0.107692
0 0.913000 0.569231 0.030000 0.338462
0 0.031000 0.769231 0.022000 0.200000
2 0.082000 0.803846 0.032000 0.069231
0 0.279000 0.411538 0.062000 0.407692
0 0.352000 0.515385 0.028000 0.200000
2 0.554000 0.534615 0.060000 0.100000
0 0.708000 0.796154 0.028000 0.238462
2 0.760000 0.753846 0.028000 0.061538
0 0.963000 0.607692 0.030000 0.323077