1 0.030000 0.537736 0.020000 0.509434
1 0.086000 0.547170 0.044000 0.415094
1 0.130000 0.490566 0.020000 0.452830
1 0.221000 0.481132 0.022000 0.396226
1 0.257000 0.471698 0.018000 0.339623
1 0.442000 0.452830 0.032000 0.415094
1 0.482000 0.433962 0.028000 0.452830
1 0.521000 0.433962 0.026000 0.452830
2 0.592000 0.641509 0.028000 0.037736
1 0.655000 0.443396 0.034000 0.471698
1 0.680000 0.509434 0.024000 0.264151
1 0.719000 0.518868 0.026000 0.245283
1 0.888000 0.443396 0.036000 0.471698
1 0.926000 0.415094 0.028000 0.415094
1 0.964000 0.386792 0.028000 0.396226
2 0.343000 0.603774 0.030000 0.226415
2 0.806000 0.556604 0.036000 0.169811