1 0.038000 0.464286 0.036000 0.295918
1 0.094000 0.260204 0.020000 0.275510
2 0.142000 0.545918 0.040000 0.153061
1 0.234000 0.510204 0.040000 0.244898
1 0.279000 0.290816 0.026000 0.234694
2 0.336000 0.494898 0.032000 0.153061
1 0.416000 0.448980 0.032000 0.306122
1 0.462000 0.214286 0.016000 0.224490
2 0.500000 0.489796 0.040000 0.163265
1 0.799000 0.285714 0.038000 0.244898
1 0.964000 0.362245 0.028000 0.193878
0 0.608000 0.602041 0.088000 0.061224
2 0.702000 0.459184 0.036000 0.183673
0 0.763000 0.571429 0.050000 0.122449
2 0.846000 0.556122 0.036000 0.091837
0 0.902000 0.678571 0.064000 0.418367