0 0.045000 0.532258 0.050000 0.564516
3 0.080000 0.471774 0.032000 0.330645
0 0.120000 0.524194 0.048000 0.177419
3 0.187000 0.451613 0.022000 0.354839
3 0.450000 0.471774 0.112000 0.298387
0 0.392000 0.810484 0.032000 0.120968
0 0.604000 0.516129 0.044000 0.209677
0 0.655000 0.600806 0.034000 0.153226
0 0.843000 0.532258 0.066000 0.161290
3 0.915000 0.322581 0.054000 0.129032
0 0.961000 0.391129 0.030000 0.088710
2 0.286000 0.540323 0.044000 0.096774
3 0.454000 0.145161 0.084000 0.129032
2 0.447000 0.834677 0.030000 0.072581
2 0.491000 0.798387 0.034000 0.016129
3 0.530000 0.834677 0.068000 0.153226
2 0.747000 0.548387 0.046000 0.096774