0 0.038000 0.428571 0.036000 0.238095
1 0.071000 0.595238 0.022000 0.166667
2 0.243000 0.440476 0.038000 0.023810
3 0.312000 0.363095 0.020000 0.440476
1 0.387000 0.619048 0.022000 0.166667
2 0.455000 0.494048 0.026000 0.130952
0 0.531000 0.577381 0.038000 0.416667
1 0.559000 0.636905 0.018000 0.226190
3 0.606000 0.422619 0.012000 0.488095
3 0.690000 0.375000 0.016000 0.488095
0 0.727000 0.642857 0.034000 0.476190
2 0.823000 0.464286 0.030000 0.095238
0 0.886000 0.583333 0.040000 0.428571
1 0.917000 0.630952 0.018000 0.261905
3 0.966000 0.428571 0.024000 0.619048
1 0.751000 0.619048 0.018000 0.190476
0 0.357000 0.589286 0.038000 0.416667
2 0.127000 0.517857 0.034000 0.083333