1 0.087000 0.416667 0.014000 0.277778
1 0.232000 0.407407 0.016000 0.222222
1 0.305000 0.666667 0.030000 0.259259
2 0.404000 0.712963 0.024000 0.018519
1 0.472000 0.583333 0.032000 0.351852
1 0.552000 0.370370 0.020000 0.222222
1 0.679000 0.611111 0.034000 0.333333
1 0.822000 0.611111 0.032000 0.296296
2 0.901000 0.722222 0.034000 0.037037
1 0.964000 0.546296 0.028000 0.500000
0 0.039000 0.694444 0.038000 0.240741
0 0.201000 0.685185 0.042000 0.185185
0 0.528000 0.685185 0.044000 0.222222
0 0.723000 0.675926 0.038000 0.203704
2 0.147000 0.685185 0.026000 0.037037
2 0.621000 0.685185 0.038000 0.222222
3 0.299000 0.490741 0.062000 0.537037
3 0.813000 0.462963 0.070000 0.555556