3 0.050000 0.511696 0.056000 0.590643
2 0.055000 0.140351 0.026000 0.105263
2 0.043000 0.906433 0.046000 0.011696
0 0.242000 0.652047 0.040000 0.333333
0 0.298000 0.719298 0.028000 0.128655
3 0.368000 0.555556 0.024000 0.304094
3 0.481000 0.581871 0.014000 0.204678
0 0.564000 0.558480 0.028000 0.181287
3 0.128000 0.122807 0.076000 0.128655
3 0.131000 0.880117 0.074000 0.111111
0 0.425000 0.593567 0.054000 0.099415
0 0.637000 0.605263 0.062000 0.087719
2 0.777000 0.590643 0.042000 0.093567
1 0.928000 0.532164 0.100000 0.257310