0 0.051000 0.634615 0.062000 0.371795
3 0.116000 0.416667 0.024000 0.525641
0 0.160000 0.647436 0.040000 0.397436
0 0.226000 0.557692 0.060000 0.192308
3 0.265000 0.698718 0.010000 0.115385
0 0.323000 0.647436 0.038000 0.371795
0 0.394000 0.576923 0.072000 0.179487
3 0.449000 0.435897 0.018000 0.615385
0 0.702000 0.666667 0.040000 0.384615
3 0.771000 0.416667 0.022000 0.525641
0 0.816000 0.544872 0.064000 0.217949
3 0.844000 0.692308 0.012000 0.153846
0 0.916000 0.570513 0.084000 0.192308
3 0.972000 0.435897 0.012000 0.538462
2 0.577000 0.570513 0.038000 0.141026