0 0.058000 0.285311 0.060000 0.333333
1 0.146000 0.144068 0.052000 0.175141
0 0.230000 0.355932 0.064000 0.180791
3 0.137000 0.536723 0.234000 0.022599
0 0.166000 0.793785 0.048000 0.254237
1 0.220000 0.686441 0.068000 0.141243
2 0.629000 0.387006 0.070000 0.005650
3 0.784000 0.355932 0.088000 0.248588
0 0.917000 0.189266 0.066000 0.129944
3 0.908000 0.372881 0.112000 0.022599
0 0.897000 0.697740 0.062000 0.186441
1 0.953000 0.596045 0.050000 0.175141
0 0.088000 0.788136 0.080000 0.310734
2 0.443000 0.372881 0.078000 0.135593