1 0.022000 0.464912 0.004000 0.298246
1 0.052000 0.473684 0.020000 0.245614
1 0.097000 0.438596 0.030000 0.315789
1 0.239000 0.438596 0.002000 0.280702
1 0.325000 0.456140 0.042000 0.280702
3 0.447000 0.438596 0.014000 0.421053
3 0.473000 0.447368 0.014000 0.403509
1 0.511000 0.429825 0.002000 0.263158
1 0.543000 0.421053 0.022000 0.280702
2 0.621000 0.377193 0.006000 0.017544
1 0.706000 0.403509 0.020000 0.315789
3 0.750000 0.403509 0.012000 0.456140
1 0.880000 0.456140 0.032000 0.350877
1 0.936000 0.491228 0.024000 0.315789
3 0.969000 0.543860 0.018000 0.561404
0 0.170000 0.412281 0.052000 0.368421
1 0.270000 0.429825 0.028000 0.298246
2 0.392000 0.438596 0.032000 0.350877
1 0.583000 0.377193 0.022000 0.298246
1 0.661000 0.403509 0.026000 0.280702
0 0.803000 0.447368 0.026000 0.263158
1 0.849000 0.491228 0.002000 0.280702