3 0.028000 0.457627 0.016000 0.508475
3 0.055000 0.466102 0.018000 0.491525
1 0.084000 0.491525 0.016000 0.372881
1 0.113000 0.508475 0.026000 0.305085
1 0.224000 0.542373 0.020000 0.305085
1 0.255000 0.576271 0.026000 0.305085
1 0.298000 0.550847 0.024000 0.254237
3 0.339000 0.449153 0.014000 0.491525
2 0.395000 0.584746 0.022000 0.186441
1 0.457000 0.508475 0.022000 0.338983
3 0.505000 0.440678 0.010000 0.542373
1 0.619000 0.516949 0.026000 0.355932
1 0.657000 0.508475 0.022000 0.271186
1 0.827000 0.542373 0.038000 0.237288
1 0.909000 0.483051 0.034000 0.220339
3 0.167000 0.610169 0.026000 0.237288
3 0.557000 0.601695 0.026000 0.186441
2 0.754000 0.635593 0.024000 0.118644
3 0.860000 0.754237 0.012000 0.152542
1 0.960000 0.491525 0.036000 0.305085