3 0.098000 0.518072 0.020000 0.506024
0 0.135000 0.614458 0.030000 0.240964
1 0.201000 0.487952 0.038000 0.325301
3 0.230000 0.746988 0.016000 0.216867
0 0.273000 0.602410 0.026000 0.168675
2 0.338000 0.554217 0.028000 0.240964
3 0.468000 0.469880 0.028000 0.626506
3 0.740000 0.469880 0.024000 0.554217
0 0.776000 0.560241 0.028000 0.204819
3 0.812000 0.704819 0.012000 0.156627
1 0.869000 0.469880 0.038000 0.289157
3 0.891000 0.680723 0.010000 0.180723
1 0.932000 0.487952 0.028000 0.228916
3 0.968000 0.451807 0.020000 0.614458
3 0.045000 0.530120 0.050000 0.674699
3 0.162000 0.710843 0.004000 0.144578
1 0.409000 0.524096 0.046000 0.349398
2 0.544000 0.602410 0.036000 0.168675
3 0.661000 0.415663 0.062000 0.590361