0 0.086000 0.608696 0.028000 0.152174
2 0.132000 0.592391 0.028000 0.141304
0 0.408000 0.663043 0.036000 0.456522
3 0.469000 0.478261 0.018000 0.434783
0 0.513000 0.548913 0.034000 0.184783
0 0.549000 0.657609 0.030000 0.141304
3 0.600000 0.505435 0.020000 0.445652
3 0.791000 0.445652 0.022000 0.434783
0 0.842000 0.548913 0.040000 0.184783
0 0.880000 0.695652 0.036000 0.152174
3 0.929000 0.532609 0.026000 0.434783
1 0.963000 0.239130 0.030000 0.260870
0 0.042000 0.413043 0.044000 0.304348
1 0.186000 0.494565 0.040000 0.402174
2 0.299000 0.570652 0.046000 0.163043
2 0.692000 0.614130 0.056000 0.119565