0 0.035000 0.370588 0.030000 0.270588
3 0.101000 0.388235 0.010000 0.494118
2 0.219000 0.388235 0.026000 0.023529
1 0.297000 0.529412 0.022000 0.117647
3 0.333000 0.447059 0.026000 0.658824
2 0.423000 0.441176 0.038000 0.270588
0 0.496000 0.358824 0.040000 0.294118
3 0.551000 0.482353 0.014000 0.611765
0 0.583000 0.582353 0.034000 0.364706
2 0.649000 0.511765 0.030000 0.035294
0 0.698000 0.564706 0.040000 0.400000
1 0.725000 0.617647 0.022000 0.152941
3 0.756000 0.564706 0.032000 0.611765
1 0.956000 0.464706 0.044000 0.294118
0 0.142000 0.376471 0.048000 0.188235
0 0.259000 0.376471 0.042000 0.188235
2 0.875000 0.541176 0.042000 0.117647