1 0.035000 0.507692 0.030000 0.492308
1 0.092000 0.530769 0.032000 0.446154
1 0.140000 0.607692 0.036000 0.384615
1 0.329000 0.530769 0.042000 0.446154
3 0.530000 0.469231 0.024000 0.476923
1 0.571000 0.492308 0.026000 0.492308
1 0.685000 0.515385 0.026000 0.446154
2 0.760000 0.515385 0.024000 0.353846
1 0.822000 0.507692 0.028000 0.400000
1 0.921000 0.561538 0.042000 0.353846
3 0.964000 0.500000 0.028000 0.692308
3 0.236000 0.530769 0.048000 0.476923
3 0.434000 0.553846 0.048000 0.461538
1 0.628000 0.469231 0.040000 0.446154
1 0.872000 0.515385 0.024000 0.538462