1 0.027000 0.558824 0.014000 0.372549
1 0.053000 0.519608 0.014000 0.372549
1 0.075000 0.539216 0.014000 0.372549
3 0.139000 0.617647 0.022000 0.254902
3 0.209000 0.509804 0.010000 0.431373
3 0.224000 0.519608 0.008000 0.411765
1 0.254000 0.509804 0.020000 0.392157
1 0.286000 0.509804 0.012000 0.392157
1 0.383000 0.480392 0.014000 0.333333
1 0.407000 0.500000 0.018000 0.333333
1 0.437000 0.519608 0.018000 0.372549
3 0.464000 0.509804 0.008000 0.549020
2 0.506000 0.549020 0.020000 0.039216
1 0.550000 0.441176 0.016000 0.372549
1 0.575000 0.460784 0.018000 0.450980
3 0.603000 0.480392 0.014000 0.568627
2 0.721000 0.568627 0.030000 0.078431
1 0.759000 0.480392 0.014000 0.333333
1 0.783000 0.490196 0.018000 0.352941
1 0.810000 0.431373 0.020000 0.392157
1 0.844000 0.450980 0.012000 0.313725
1 0.874000 0.490196 0.028000 0.352941
1 0.931000 0.431373 0.018000 0.470588
3 0.338000 0.549020 0.036000 0.274510
2 0.657000 0.568627 0.030000 0.196078
3 0.901000 0.647059 0.006000 0.078431
1 0.961000 0.470588 0.034000 0.352941