1 0.038000 0.466102 0.036000 0.457627
1 0.091000 0.474576 0.002000 0.372881
2 0.182000 0.516949 0.052000 0.423729
3 0.269000 0.533898 0.014000 0.491525
1 0.307000 0.516949 0.002000 0.355932
1 0.354000 0.474576 0.032000 0.406780
1 0.476000 0.500000 0.004000 0.322034
1 0.523000 0.491525 0.030000 0.406780
1 0.584000 0.500000 0.044000 0.423729
3 0.630000 0.457627 0.016000 0.576271
1 0.779000 0.440678 0.046000 0.440678
1 0.830000 0.483051 0.008000 0.322034
3 0.854000 0.618644 0.004000 0.016949
1 0.905000 0.508475 0.046000 0.372881
1 0.965000 0.457627 0.026000 0.440678
2 0.418000 0.550847 0.016000 0.525424
2 0.694000 0.584746 0.028000 0.254237