0 0.234000 0.534653 0.048000 0.217822
0 0.037000 0.747525 0.034000 0.188119
2 0.306000 0.559406 0.028000 0.009901
0 0.389000 0.519802 0.034000 0.168317
1 0.426000 0.455446 0.028000 0.178218
2 0.471000 0.559406 0.018000 0.009901
0 0.513000 0.534653 0.034000 0.158416
3 0.449000 0.465347 0.194000 0.316832
0 0.651000 0.737624 0.030000 0.227723
1 0.731000 0.772277 0.022000 0.138614
3 0.879000 0.618812 0.198000 0.029703
1 0.870000 0.806931 0.036000 0.188119
1 0.803000 0.450495 0.030000 0.188119
1 0.865000 0.465347 0.034000 0.178218
2 0.894000 0.514851 0.016000 0.019802
0 0.926000 0.475248 0.028000 0.198020
3 0.894000 0.460396 0.120000 0.227723
3 0.875000 0.297030 0.158000 0.019802
1 0.871000 0.178218 0.042000 0.158416
3 0.102000 0.470297 0.112000 0.326733
3 0.078000 0.777228 0.036000 0.108911
2 0.105000 0.772277 0.018000 0.118812
3 0.133000 0.777228 0.038000 0.128713
2 0.608000 0.574257 0.036000 0.079208
3 0.691000 0.485149 0.102000 0.277228
3 0.691000 0.797030 0.034000 0.128713