3 0.035000 0.353448 0.030000 0.362069
0 0.084000 0.413793 0.036000 0.206897
3 0.189000 0.482759 0.034000 0.241379
0 0.303000 0.405172 0.026000 0.293103
3 0.359000 0.560345 0.006000 0.120690
3 0.408000 0.431034 0.012000 0.379310
0 0.491000 0.474138 0.034000 0.534483
3 0.526000 0.456897 0.016000 0.465517
3 0.579000 0.439655 0.018000 0.362069
0 0.622000 0.465517 0.040000 0.137931
3 0.663000 0.405172 0.022000 0.396552
3 0.805000 0.474138 0.030000 0.224138
0 0.869000 0.500000 0.030000 0.620690
3 0.897000 0.405172 0.014000 0.431034
0 0.933000 0.482759 0.038000 0.137931
3 0.966000 0.422414 0.024000 0.431034
2 0.737000 0.465517 0.030000 0.103448
3 0.443000 0.465517 0.030000 0.206897