0 0.036000 0.485507 0.032000 0.159420
3 0.078000 0.485507 0.016000 0.202899
0 0.113000 0.471014 0.030000 0.130435
3 0.152000 0.500000 0.016000 0.275362
1 0.469000 0.405797 0.034000 0.188406
3 0.474000 0.521739 0.164000 0.057971
0 0.441000 0.750000 0.038000 0.195652
2 0.498000 0.797101 0.040000 0.014493
0 0.557000 0.750000 0.046000 0.123188
3 0.635000 0.503623 0.034000 0.572464
0 0.649000 0.880435 0.034000 0.094203
0 0.683000 0.181159 0.026000 0.217391
0 0.729000 0.539855 0.046000 0.123188
0 0.793000 0.503623 0.054000 0.195652
3 0.838000 0.532609 0.016000 0.224638
0 0.941000 0.452899 0.074000 0.253623
2 0.268000 0.518116 0.048000 0.094203
3 0.768000 0.514493 0.012000 0.217391
0 0.889000 0.518116 0.030000 0.079710