1 0.037000 0.509615 0.034000 0.326923
1 0.063000 0.663462 0.014000 0.173077
1 0.098000 0.500000 0.020000 0.269231
1 0.116000 0.596154 0.032000 0.269231
1 0.184000 0.413462 0.044000 0.250000
1 0.250000 0.442308 0.032000 0.307692
1 0.281000 0.625000 0.014000 0.134615
1 0.300000 0.605769 0.016000 0.019231
1 0.317000 0.625000 0.018000 0.134615
1 0.358000 0.461538 0.036000 0.230769
1 0.205000 0.461538 0.314000 0.038462
0 0.413000 0.528846 0.022000 0.288462
0 0.433000 0.711538 0.014000 0.153846
0 0.462000 0.432692 0.028000 0.250000
1 0.485000 0.596154 0.034000 0.346154
2 0.527000 0.480769 0.034000 0.269231
0 0.573000 0.471154 0.026000 0.250000
2 0.615000 0.663462 0.014000 0.019231
1 0.634000 0.692308 0.016000 0.192308
0 0.667000 0.451923 0.026000 0.250000
1 0.693000 0.548077 0.018000 0.250000
2 0.738000 0.384615 0.036000 0.269231
1 0.771000 0.384615 0.034000 0.384615
0 0.801000 0.423077 0.034000 0.230769
0 0.828000 0.644231 0.016000 0.173077
2 0.850000 0.586538 0.012000 0.019231
1 0.870000 0.634615 0.020000 0.269231
0 0.591000 0.673077 0.018000 0.153846
2 0.924000 0.490385 0.036000 0.173077
1 0.959000 0.528846 0.038000 0.288462