3 0.086000 0.444954 0.132000 0.027523
0 0.070000 0.220183 0.040000 0.128440
0 0.339000 0.188073 0.042000 0.137615
0 0.677000 0.197248 0.046000 0.119266
0 0.869000 0.169725 0.042000 0.155963
0 0.047000 0.701835 0.038000 0.155963
0 0.327000 0.756881 0.042000 0.174312
1 0.117000 0.243119 0.018000 0.119266
1 0.100000 0.752294 0.024000 0.128440
1 0.722000 0.270642 0.020000 0.119266
1 0.393000 0.233945 0.018000 0.119266
1 0.384000 0.830275 0.036000 0.137615
1 0.919000 0.229358 0.030000 0.128440
2 0.228000 0.435780 0.032000 0.027523
2 0.798000 0.201835 0.028000 0.018349
2 0.519000 0.417431 0.038000 0.100917
0 0.828000 0.688073 0.036000 0.128440
3 0.365000 0.440367 0.122000 0.018349
3 0.810000 0.490826 0.336000 0.064220