1 0.031000 0.500000 0.022000 0.469388
1 0.099000 0.500000 0.022000 0.428571
3 0.201000 0.479592 0.018000 0.510204
1 0.232000 0.489796 0.016000 0.408163
1 0.298000 0.540816 0.028000 0.428571
3 0.355000 0.612245 0.022000 0.244898
3 0.407000 0.489796 0.018000 0.448980
1 0.437000 0.530612 0.018000 0.448980
1 0.473000 0.510204 0.022000 0.367347
2 0.508000 0.551020 0.020000 0.040816
1 0.543000 0.530612 0.022000 0.408163
1 0.575000 0.520408 0.018000 0.428571
3 0.603000 0.489796 0.010000 0.530612
3 0.620000 0.500000 0.012000 0.591837
2 0.667000 0.540816 0.022000 0.020408
3 0.714000 0.469388 0.016000 0.530612
1 0.749000 0.448980 0.022000 0.448980
1 0.783000 0.469388 0.018000 0.489796
3 0.828000 0.581633 0.028000 0.265306
1 0.876000 0.489796 0.016000 0.448980
1 0.910000 0.489796 0.020000 0.448980
1 0.941000 0.530612 0.022000 0.448980
3 0.969000 0.500000 0.018000 0.591837
1 0.068000 0.530612 0.020000 0.489796
3 0.152000 0.581633 0.028000 0.346939
1 0.265000 0.510204 0.026000 0.408163