1 0.043000 0.523438 0.046000 0.390625
1 0.089000 0.476562 0.022000 0.359375
1 0.137000 0.437500 0.014000 0.406250
3 0.200000 0.562500 0.020000 0.218750
3 0.253000 0.500000 0.014000 0.656250
1 0.296000 0.375000 0.016000 0.343750
1 0.326000 0.398438 0.028000 0.359375
2 0.385000 0.476562 0.026000 0.171875
1 0.444000 0.429688 0.024000 0.296875
1 0.478000 0.437500 0.028000 0.375000
1 0.511000 0.382812 0.014000 0.234375
1 0.614000 0.375000 0.024000 0.312500
1 0.641000 0.421875 0.030000 0.281250
3 0.667000 0.445312 0.014000 0.578125
2 0.830000 0.492188 0.020000 0.015625
1 0.896000 0.414062 0.024000 0.421875
1 0.935000 0.406250 0.022000 0.343750
2 0.563000 0.468750 0.018000 0.218750
3 0.732000 0.593750 0.040000 0.500000
1 0.967000 0.414062 0.022000 0.328125