1 0.084000 0.470588 0.048000 0.411765
3 0.031000 0.470588 0.022000 0.647059
0 0.227000 0.558824 0.038000 0.294118
1 0.294000 0.522059 0.044000 0.426471
1 0.349000 0.470588 0.026000 0.558824
3 0.399000 0.470588 0.034000 0.617647
2 0.477000 0.683824 0.046000 0.308824
1 0.560000 0.522059 0.004000 0.338235
1 0.598000 0.529412 0.032000 0.441176
1 0.802000 0.544118 0.036000 0.441176
1 0.864000 0.529412 0.032000 0.441176
1 0.947000 0.536765 0.062000 0.397059
0 0.694000 0.558824 0.056000 0.558824
1 0.142000 0.463235 0.036000 0.426471