1 0.033000 0.510204 0.026000 0.326531
1 0.061000 0.581633 0.018000 0.346939
3 0.139000 0.510204 0.010000 0.489796
3 0.156000 0.632653 0.008000 0.285714
1 0.183000 0.510204 0.022000 0.204082
1 0.202000 0.500000 0.016000 0.265306
2 0.229000 0.500000 0.022000 0.306122
1 0.243000 0.510204 0.018000 0.244898
1 0.260000 0.489796 0.016000 0.244898
1 0.283000 0.540816 0.018000 0.224490
3 0.298000 0.459184 0.012000 0.428571
2 0.336000 0.571429 0.016000 0.040816
3 0.370000 0.489796 0.012000 0.326531
1 0.390000 0.500000 0.020000 0.224490
1 0.411000 0.510204 0.014000 0.285714
1 0.452000 0.459184 0.024000 0.306122
1 0.470000 0.500000 0.012000 0.346939
1 0.495000 0.489796 0.014000 0.285714
3 0.508000 0.469388 0.020000 0.448980
3 0.522000 0.489796 0.020000 0.571429
2 0.555000 0.510204 0.018000 0.040816
3 0.588000 0.489796 0.008000 0.408163
1 0.616000 0.469388 0.016000 0.244898
1 0.642000 0.459184 0.020000 0.265306
2 0.682000 0.469388 0.016000 0.204082
1 0.715000 0.438776 0.022000 0.224490
1 0.732000 0.530612 0.016000 0.122449
1 0.755000 0.489796 0.014000 0.408163
2 0.785000 0.520408 0.022000 0.183673
1 0.825000 0.489796 0.014000 0.326531
1 0.850000 0.520408 0.020000 0.183673
2 0.891000 0.510204 0.018000 0.040816
1 0.925000 0.469388 0.018000 0.326531
1 0.947000 0.500000 0.018000 0.306122
3 0.965000 0.448980 0.022000 0.489796
3 0.100000 0.561224 0.024000 0.306122
2 0.432000 0.551020 0.016000 0.326531