0 0.075000 0.234234 0.062000 0.288288
0 0.129000 0.319820 0.034000 0.279279
3 0.085000 0.500000 0.130000 0.027027
0 0.397000 0.378378 0.042000 0.216216
0 0.451000 0.576577 0.042000 0.396396
3 0.539000 0.418919 0.042000 0.531532
1 0.571000 0.328829 0.038000 0.279279
2 0.622000 0.382883 0.032000 0.009009
0 0.693000 0.540541 0.038000 0.342342
3 0.745000 0.468468 0.026000 0.576577
2 0.809000 0.441441 0.030000 0.018018
0 0.902000 0.454955 0.048000 0.261261
0 0.957000 0.572072 0.042000 0.405405
0 0.085000 0.734234 0.094000 0.333333
0 0.107000 0.752252 0.022000 0.009009
2 0.266000 0.387387 0.060000 0.162162