3 0.031000 0.488889 0.022000 0.533333
1 0.045000 0.600000 0.022000 0.222222
1 0.102000 0.555556 0.020000 0.311111
2 0.123000 0.522222 0.010000 0.022222
1 0.151000 0.544444 0.030000 0.333333
2 0.218000 0.555556 0.016000 0.044444
1 0.277000 0.544444 0.018000 0.288889
3 0.303000 0.500000 0.014000 0.466667
2 0.339000 0.566667 0.026000 0.244444
3 0.373000 0.511111 0.018000 0.488889
3 0.393000 0.555556 0.018000 0.444444
1 0.419000 0.533333 0.006000 0.400000
1 0.436000 0.533333 0.016000 0.355556
1 0.459000 0.544444 0.022000 0.422222
2 0.484000 0.522222 0.028000 0.422222
1 0.507000 0.555556 0.022000 0.311111
1 0.534000 0.500000 0.024000 0.333333
1 0.557000 0.522222 0.022000 0.377778
3 0.577000 0.455556 0.010000 0.466667
2 0.610000 0.555556 0.016000 0.044444
3 0.631000 0.511111 0.022000 0.488889
1 0.642000 0.577778 0.020000 0.266667
1 0.663000 0.533333 0.014000 0.311111
3 0.694000 0.611111 0.016000 0.200000
1 0.717000 0.488889 0.002000 0.222222
1 0.730000 0.533333 0.020000 0.266667
3 0.759000 0.455556 0.018000 0.422222
3 0.789000 0.500000 0.010000 0.422222
1 0.865000 0.533333 0.002000 0.311111
1 0.876000 0.522222 0.012000 0.288889
1 0.900000 0.533333 0.012000 0.311111
1 0.946000 0.533333 0.016000 0.311111
1 0.970000 0.533333 0.016000 0.311111
1 0.075000 0.566667 0.022000 0.244444
1 0.173000 0.533333 0.018000 0.266667
1 0.190000 0.522222 0.024000 0.288889
1 0.257000 0.555556 0.026000 0.311111
2 0.817000 0.622222 0.018000 0.133333
3 0.923000 0.677778 0.002000 0.022222