2 0.040000 0.348485 0.040000 0.030303
1 0.082000 0.409091 0.032000 0.424242
1 0.122000 0.469697 0.036000 0.151515
0 0.171000 0.462121 0.030000 0.348485
1 0.195000 0.643939 0.038000 0.409091
0 0.249000 0.424242 0.034000 0.333333
0 0.351000 0.431818 0.038000 0.287879
1 0.386000 0.553030 0.032000 0.257576
2 0.470000 0.401515 0.048000 0.287879
1 0.538000 0.507576 0.048000 0.318182
1 0.594000 0.439394 0.028000 0.333333
0 0.687000 0.477273 0.038000 0.227273
1 0.727000 0.250000 0.022000 0.196970
1 0.710000 0.606061 0.036000 0.303030
0 0.772000 0.454545 0.032000 0.272727
1 0.810000 0.590909 0.032000 0.303030
1 0.292000 0.568182 0.052000 0.257576
1 0.639000 0.424242 0.054000 0.333333
2 0.886000 0.492424 0.052000 0.166667
1 0.941000 0.462121 0.074000 0.318182