1 0.034000 0.540000 0.028000 0.200000
3 0.126000 0.533333 0.040000 0.560000
3 0.222000 0.540000 0.008000 0.280000
0 0.241000 0.586667 0.022000 0.106667
3 0.258000 0.540000 0.012000 0.253333
3 0.444000 0.513333 0.048000 0.520000
0 0.522000 0.486667 0.020000 0.280000
3 0.547000 0.493333 0.006000 0.293333
0 0.566000 0.566667 0.020000 0.120000
3 0.582000 0.540000 0.016000 0.280000
2 0.687000 0.593333 0.018000 0.120000
3 0.763000 0.533333 0.042000 0.533333
0 0.773000 0.793333 0.018000 0.146667
3 0.901000 0.560000 0.014000 0.266667
0 0.935000 0.540000 0.018000 0.253333
0 0.964000 0.626667 0.028000 0.133333
2 0.075000 0.586667 0.018000 0.106667
0 0.163000 0.240000 0.018000 0.160000
0 0.137000 0.800000 0.018000 0.133333
0 0.205000 0.520000 0.022000 0.266667
0 0.284000 0.566667 0.016000 0.226667
0 0.314000 0.626667 0.028000 0.133333
2 0.376000 0.646667 0.024000 0.120000
0 0.487000 0.220000 0.014000 0.173333
0 0.458000 0.773333 0.016000 0.133333
0 0.616000 0.553333 0.024000 0.253333
0 0.643000 0.633333 0.026000 0.146667
0 0.801000 0.300000 0.018000 0.173333
0 0.840000 0.513333 0.020000 0.306667
3 0.869000 0.520000 0.022000 0.266667
0 0.885000 0.593333 0.010000 0.120000