1 0.036000 0.489362 0.032000 0.297872
1 0.071000 0.489362 0.026000 0.255319
3 0.164000 0.478723 0.008000 0.446809
3 0.187000 0.489362 0.010000 0.382979
1 0.219000 0.489362 0.030000 0.297872
1 0.247000 0.478723 0.022000 0.276596
0 0.280000 0.553191 0.020000 0.212766
1 0.329000 0.478723 0.018000 0.276596
3 0.352000 0.500000 0.016000 0.361702
2 0.381000 0.489362 0.022000 0.255319
1 0.423000 0.500000 0.022000 0.234043
1 0.448000 0.478723 0.020000 0.276596
3 0.473000 0.500000 0.014000 0.446809
2 0.516000 0.478723 0.032000 0.191489
3 0.559000 0.478723 0.006000 0.404255
3 0.584000 0.500000 0.008000 0.446809
1 0.633000 0.436170 0.018000 0.276596
0 0.659000 0.563830 0.018000 0.191489
1 0.691000 0.489362 0.010000 0.297872
1 0.713000 0.446809 0.022000 0.297872
1 0.739000 0.478723 0.022000 0.276596
3 0.760000 0.468085 0.016000 0.468085
2 0.796000 0.500000 0.020000 0.021277
3 0.817000 0.500000 0.006000 0.404255
1 0.868000 0.468085 0.016000 0.340426
2 0.894000 0.446809 0.020000 0.042553
1 0.913000 0.489362 0.002000 0.255319
1 0.931000 0.478723 0.018000 0.276596
1 0.950000 0.468085 0.016000 0.255319
3 0.959000 0.500000 0.010000 0.489362
3 0.971000 0.500000 0.014000 0.574468
0 0.113000 0.457447 0.034000 0.361702
1 0.609000 0.446809 0.014000 0.297872
1 0.831000 0.489362 0.022000 0.255319