0 0.065000 0.613402 0.090000 0.175258
3 0.139000 0.582474 0.014000 0.484536
0 0.194000 0.711340 0.064000 0.371134
3 0.250000 0.634021 0.024000 0.505155
0 0.513000 0.685567 0.042000 0.175258
0 0.761000 0.546392 0.042000 0.164948
0 0.817000 0.659794 0.030000 0.144330
3 0.864000 0.597938 0.012000 0.453608
0 0.915000 0.664948 0.054000 0.381443
3 0.970000 0.597938 0.016000 0.391753
2 0.361000 0.608247 0.042000 0.164948
3 0.583000 0.268041 0.150000 0.329897
3 0.590000 0.701031 0.064000 0.164948
3 0.671000 0.695876 0.054000 0.154639