3 0.027000 0.500000 0.014000 0.538462
1 0.059000 0.538462 0.018000 0.307692
3 0.127000 0.519231 0.010000 0.346154
2 0.204000 0.519231 0.016000 0.307692
1 0.229000 0.509615 0.002000 0.250000
3 0.271000 0.519231 0.010000 0.461538
3 0.291000 0.548077 0.010000 0.519231
2 0.323000 0.528846 0.014000 0.019231
3 0.360000 0.480769 0.016000 0.500000
1 0.406000 0.509615 0.016000 0.326923
2 0.459000 0.490385 0.010000 0.019231
1 0.485000 0.500000 0.022000 0.346154
1 0.513000 0.471154 0.014000 0.250000
3 0.532000 0.432692 0.012000 0.442308
3 0.568000 0.538462 0.016000 0.153846
3 0.599000 0.471154 0.014000 0.403846
1 0.639000 0.490385 0.018000 0.288462
1 0.664000 0.432692 0.016000 0.326923
3 0.695000 0.528846 0.014000 0.134615
1 0.724000 0.432692 0.020000 0.326923
1 0.745000 0.461538 0.002000 0.230769
3 0.765000 0.423077 0.010000 0.423077
3 0.784000 0.394231 0.008000 0.403846
1 0.880000 0.461538 0.024000 0.461538
1 0.915000 0.471154 0.022000 0.326923
1 0.934000 0.509615 0.004000 0.365385
1 0.947000 0.471154 0.006000 0.288462
1 0.967000 0.586538 0.018000 0.442308
2 0.110000 0.490385 0.012000 0.365385
1 0.151000 0.500000 0.010000 0.230769
1 0.168000 0.471154 0.036000 0.326923
1 0.252000 0.461538 0.028000 0.307692
1 0.429000 0.528846 0.014000 0.288462
3 0.830000 0.461538 0.032000 0.384615
3 0.378000 0.490385 0.008000 0.365385