3 0.025000 0.500000 0.010000 0.489362
3 0.046000 0.521277 0.008000 0.489362
1 0.076000 0.468085 0.020000 0.212766
1 0.100000 0.457447 0.012000 0.191489
1 0.123000 0.468085 0.014000 0.212766
1 0.187000 0.457447 0.022000 0.234043
1 0.214000 0.457447 0.012000 0.234043
1 0.235000 0.436170 0.010000 0.234043
3 0.255000 0.457447 0.010000 0.489362
2 0.287000 0.478723 0.022000 0.148936
3 0.319000 0.489362 0.006000 0.468085
1 0.342000 0.489362 0.020000 0.255319
1 0.364000 0.478723 0.012000 0.191489
1 0.384000 0.468085 0.020000 0.255319
1 0.423000 0.457447 0.014000 0.234043
1 0.447000 0.457447 0.010000 0.276596
3 0.463000 0.446809 0.014000 0.468085
3 0.485000 0.510638 0.006000 0.425532
2 0.511000 0.457447 0.018000 0.234043
3 0.546000 0.436170 0.008000 0.446809
1 0.568000 0.468085 0.012000 0.255319
1 0.588000 0.457447 0.016000 0.276596
3 0.625000 0.521277 0.022000 0.148936
3 0.657000 0.478723 0.006000 0.404255
1 0.675000 0.489362 0.018000 0.212766
1 0.701000 0.489362 0.018000 0.212766
1 0.722000 0.446809 0.012000 0.212766
2 0.743000 0.510638 0.014000 0.170213
1 0.772000 0.478723 0.012000 0.234043
1 0.784000 0.478723 0.004000 0.234043
3 0.795000 0.489362 0.006000 0.468085
3 0.809000 0.574468 0.006000 0.297872
1 0.900000 0.457447 0.012000 0.276596
1 0.924000 0.457447 0.012000 0.276596
1 0.945000 0.446809 0.018000 0.255319
1 0.969000 0.457447 0.018000 0.319149
2 0.407000 0.468085 0.014000 0.510638
3 0.857000 0.478723 0.026000 0.276596