1 0.041000 0.512987 0.042000 0.402597
1 0.105000 0.500000 0.034000 0.402597
3 0.281000 0.493506 0.026000 0.727273
1 0.329000 0.571429 0.030000 0.363636
1 0.371000 0.577922 0.030000 0.246753
1 0.415000 0.532468 0.038000 0.285714
2 0.512000 0.551948 0.044000 0.298701
1 0.601000 0.525974 0.026000 0.298701
1 0.696000 0.571429 0.040000 0.259740
3 0.745000 0.487013 0.038000 0.714286
0 0.824000 0.623377 0.040000 0.233766
1 0.959000 0.474026 0.038000 0.402597
1 0.646000 0.532468 0.052000 0.311688
1 0.909000 0.525974 0.058000 0.324675
0 0.201000 0.415584 0.046000 0.337662