3 0.025000 0.464912 0.010000 0.578947
3 0.044000 0.456140 0.012000 0.526316
1 0.082000 0.438596 0.020000 0.456140
1 0.109000 0.447368 0.014000 0.543860
1 0.179000 0.473684 0.030000 0.350877
1 0.211000 0.464912 0.030000 0.403509
1 0.247000 0.491228 0.026000 0.456140
1 0.377000 0.464912 0.030000 0.333333
3 0.413000 0.526316 0.014000 0.561404
2 0.473000 0.526316 0.018000 0.035088
1 0.516000 0.438596 0.028000 0.385965
1 0.545000 0.456140 0.026000 0.421053
1 0.578000 0.508772 0.020000 0.421053
1 0.802000 0.447368 0.032000 0.368421
1 0.839000 0.464912 0.034000 0.403509
1 0.873000 0.526316 0.022000 0.456140
1 0.935000 0.456140 0.018000 0.456140
1 0.963000 0.464912 0.030000 0.473684
2 0.151000 0.508772 0.018000 0.561404
3 0.276000 0.517544 0.008000 0.578947
2 0.309000 0.482456 0.022000 0.543860
1 0.346000 0.535088 0.036000 0.438596
2 0.672000 0.543860 0.024000 0.175439
2 0.765000 0.456140 0.022000 0.070175
3 0.903000 0.640351 0.002000 0.017544