0 0.057000 0.756579 0.074000 0.223684
1 0.102000 0.434211 0.024000 0.157895
1 0.134000 0.421053 0.028000 0.236842
2 0.183000 0.664474 0.022000 0.039474
2 0.421000 0.638158 0.034000 0.039474
0 0.533000 0.723684 0.114000 0.289474
1 0.575000 0.355263 0.010000 0.263158
1 0.812000 0.427632 0.040000 0.197368
2 0.889000 0.703947 0.034000 0.013158
1 0.960000 0.559211 0.036000 0.355263
0 0.299000 0.677632 0.110000 0.276316
1 0.332000 0.309211 0.020000 0.197368
1 0.368000 0.282895 0.036000 0.302632
1 0.605000 0.368421 0.018000 0.289474
2 0.667000 0.677632 0.034000 0.223684
0 0.768000 0.657895 0.084000 0.210526