1 0.205000 0.295082 0.018000 0.262295
1 0.362000 0.360656 0.024000 0.196721
1 0.486000 0.475410 0.028000 0.327869
1 0.562000 0.368852 0.024000 0.180328
1 0.734000 0.450820 0.032000 0.344262
1 0.831000 0.319672 0.018000 0.180328
1 0.967000 0.352459 0.018000 0.245902
0 0.049000 0.524590 0.026000 0.295082
0 0.327000 0.565574 0.046000 0.245902
0 0.522000 0.524590 0.024000 0.196721
0 0.761000 0.540984 0.022000 0.196721
0 0.155000 0.500000 0.026000 0.344262
0 0.601000 0.434426 0.026000 0.344262
0 0.799000 0.467213 0.018000 0.377049
0 0.928000 0.459016 0.028000 0.393443
3 0.031000 0.532787 0.022000 0.573770
3 0.177000 0.565574 0.014000 0.508197
2 0.259000 0.598361 0.034000 0.114754
2 0.420000 0.532787 0.020000 0.016393
2 0.888000 0.508197 0.016000 0.032787
2 0.669000 0.491803 0.030000 0.295082
2 0.106000 0.532787 0.020000 0.016393