3 0.028000 0.469231 0.016000 0.538462
1 0.053000 0.492308 0.030000 0.369231
1 0.088000 0.507692 0.036000 0.369231
1 0.122000 0.515385 0.024000 0.323077
2 0.157000 0.584615 0.022000 0.030769
1 0.195000 0.500000 0.022000 0.353846
1 0.225000 0.492308 0.026000 0.369231
3 0.245000 0.438462 0.014000 0.569231
2 0.291000 0.576923 0.026000 0.015385
3 0.330000 0.469231 0.020000 0.569231
3 0.349000 0.461538 0.018000 0.523077
1 0.378000 0.546154 0.028000 0.353846
1 0.413000 0.561538 0.034000 0.353846
1 0.444000 0.523077 0.028000 0.338462
2 0.485000 0.553846 0.026000 0.215385
1 0.528000 0.515385 0.024000 0.384615
1 0.557000 0.592308 0.026000 0.169231
3 0.576000 0.492308 0.016000 0.523077
3 0.622000 0.592308 0.028000 0.230769
3 0.658000 0.484615 0.016000 0.476923
1 0.683000 0.507692 0.030000 0.338462
1 0.723000 0.507692 0.026000 0.369231
1 0.769000 0.530769 0.030000 0.384615
1 0.801000 0.553846 0.034000 0.369231
3 0.819000 0.515385 0.014000 0.538462
3 0.828000 0.461538 0.016000 0.615385
1 0.964000 0.515385 0.028000 0.323077
2 0.741000 0.515385 0.018000 0.446154
3 0.910000 0.638462 0.044000 0.384615