1 0.029000 0.437500 0.018000 0.339286
2 0.069000 0.535714 0.022000 0.214286
3 0.114000 0.473214 0.012000 0.517857
3 0.133000 0.500000 0.010000 0.500000
1 0.182000 0.571429 0.016000 0.428571
1 0.211000 0.544643 0.018000 0.267857
3 0.251000 0.544643 0.014000 0.196429
1 0.310000 0.491071 0.024000 0.267857
3 0.368000 0.446429 0.012000 0.535714
2 0.405000 0.455357 0.018000 0.232143
3 0.449000 0.455357 0.010000 0.517857
1 0.475000 0.482143 0.022000 0.321429
1 0.503000 0.553571 0.018000 0.392857
3 0.545000 0.571429 0.014000 0.214286
1 0.585000 0.446429 0.022000 0.321429
1 0.626000 0.455357 0.028000 0.339286
1 0.654000 0.473214 0.020000 0.339286
3 0.676000 0.482143 0.012000 0.464286
3 0.701000 0.482143 0.014000 0.607143
1 0.818000 0.491071 0.004000 0.375000
1 0.850000 0.446429 0.020000 0.357143
1 0.888000 0.437500 0.028000 0.375000
1 0.928000 0.491071 0.020000 0.375000
1 0.965000 0.526786 0.026000 0.232143
1 0.153000 0.508929 0.014000 0.303571
1 0.279000 0.455357 0.018000 0.339286
1 0.333000 0.464286 0.014000 0.285714
3 0.758000 0.535714 0.040000 0.571429