0 0.034000 0.626126 0.028000 0.387387
2 0.277000 0.527027 0.050000 0.045045
3 0.407000 0.486486 0.102000 0.270270
1 0.463000 0.819820 0.002000 0.126126
0 0.387000 0.211712 0.026000 0.135135
1 0.579000 0.238739 0.034000 0.135135
2 0.622000 0.504505 0.048000 0.180180
3 0.737000 0.468468 0.082000 0.414414
0 0.781000 0.797297 0.034000 0.117117
2 0.821000 0.801802 0.026000 0.126126
1 0.851000 0.815315 0.006000 0.135135
0 0.727000 0.144144 0.046000 0.108108
0 0.905000 0.468468 0.050000 0.342342
1 0.965000 0.243243 0.026000 0.180180
2 0.146000 0.558559 0.052000 0.090090
0 0.388000 0.788288 0.024000 0.189189
2 0.428000 0.828829 0.044000 0.090090
0 0.513000 0.441441 0.046000 0.306306
0 0.537000 0.594595 0.014000 0.252252
0 0.704000 0.810811 0.012000 0.180180
2 0.746000 0.851351 0.032000 0.045045
0 0.942000 0.608108 0.016000 0.243243