1 0.030000 0.393939 0.020000 0.303030
1 0.075000 0.416667 0.034000 0.348485
3 0.211000 0.469697 0.022000 0.606061
3 0.255000 0.484848 0.022000 0.575758
1 0.290000 0.477273 0.028000 0.287879
1 0.329000 0.522727 0.030000 0.378788
1 0.375000 0.439394 0.034000 0.363636
1 0.480000 0.462121 0.024000 0.318182
1 0.520000 0.416667 0.028000 0.318182
3 0.555000 0.431818 0.018000 0.560606
3 0.613000 0.530303 0.034000 0.272727
1 0.669000 0.462121 0.018000 0.318182
1 0.705000 0.469697 0.038000 0.393939
3 0.736000 0.492424 0.024000 0.651515
1 0.872000 0.446970 0.032000 0.378788
1 0.960000 0.462121 0.036000 0.348485
2 0.135000 0.575758 0.034000 0.272727
2 0.418000 0.401515 0.012000 0.439394
1 0.443000 0.454545 0.026000 0.333333
3 0.806000 0.492424 0.064000 0.681818
1 0.916000 0.477273 0.028000 0.287879