0 0.046000 0.378788 0.032000 0.090909
0 0.078000 0.318182 0.004000 0.191919
1 0.096000 0.166667 0.020000 0.111111
3 0.125000 0.328283 0.010000 0.272727
0 0.158000 0.186869 0.016000 0.171717
3 0.185000 0.191919 0.022000 0.141414
3 0.210000 0.333333 0.012000 0.363636
1 0.238000 0.146465 0.012000 0.090909
3 0.122000 0.606061 0.204000 0.080808
1 0.132000 0.803030 0.036000 0.191919
2 0.288000 0.530303 0.028000 0.010101
0 0.346000 0.505051 0.032000 0.101010
0 0.381000 0.570707 0.018000 0.252525
0 0.404000 0.424242 0.004000 0.202020
3 0.518000 0.429293 0.012000 0.292929
2 0.698000 0.429293 0.016000 0.030303
0 0.733000 0.454545 0.034000 0.080808
0 0.765000 0.520202 0.018000 0.212121
0 0.789000 0.373737 0.006000 0.202020
3 0.902000 0.404040 0.016000 0.282828
1 0.946000 0.500000 0.016000 0.090909
3 0.971000 0.454545 0.014000 0.303030
0 0.174000 0.424242 0.008000 0.121212
0 0.159000 0.409091 0.006000 0.131313
3 0.180000 0.318182 0.032000 0.010101
3 0.467000 0.464646 0.046000 0.121212
3 0.547000 0.398990 0.026000 0.171717
3 0.567000 0.479798 0.014000 0.373737
2 0.629000 0.469697 0.018000 0.111111
3 0.851000 0.449495 0.058000 0.131313
3 0.929000 0.398990 0.030000 0.191919