3 0.027000 0.463636 0.014000 0.563636
3 0.044000 0.445455 0.020000 0.527273
1 0.066000 0.463636 0.024000 0.418182
0 0.105000 0.563636 0.018000 0.254545
3 0.208000 0.463636 0.020000 0.563636
0 0.252000 0.609091 0.020000 0.200000
3 0.310000 0.472727 0.016000 0.581818
1 0.364000 0.481818 0.024000 0.490909
2 0.398000 0.572727 0.020000 0.236364
1 0.448000 0.518182 0.028000 0.454545
1 0.468000 0.545455 0.036000 0.400000
1 0.496000 0.536364 0.028000 0.381818
3 0.520000 0.518182 0.020000 0.490909
2 0.575000 0.618182 0.022000 0.036364
1 0.659000 0.490909 0.038000 0.436364
1 0.684000 0.518182 0.032000 0.381818
1 0.809000 0.527273 0.038000 0.400000
1 0.842000 0.536364 0.032000 0.345455
1 0.874000 0.490909 0.032000 0.436364
1 0.906000 0.490909 0.032000 0.363636
1 0.934000 0.500000 0.036000 0.345455
1 0.959000 0.518182 0.038000 0.381818
1 0.155000 0.500000 0.030000 0.418182
1 0.183000 0.472727 0.022000 0.472727
1 0.334000 0.500000 0.032000 0.454545
3 0.537000 0.490909 0.022000 0.618182
0 0.751000 0.581818 0.046000 0.327273
1 0.631000 0.545455 0.034000 0.472727