0 0.048000 0.388350 0.056000 0.446602
3 0.111000 0.364078 0.030000 0.359223
3 0.183000 0.402913 0.018000 0.475728
3 0.414000 0.436893 0.032000 0.407767
2 0.534000 0.538835 0.028000 0.009709
3 0.696000 0.436893 0.032000 0.582524
0 0.741000 0.184466 0.022000 0.135922
0 0.802000 0.587379 0.060000 0.417476
3 0.884000 0.432039 0.036000 0.359223
3 0.950000 0.509709 0.056000 0.572816
0 0.140000 0.519417 0.036000 0.359223
2 0.293000 0.495146 0.050000 0.077670
0 0.449000 0.684466 0.050000 0.436893
0 0.593000 0.611650 0.050000 0.349515
0 0.647000 0.587379 0.018000 0.300971
0 0.771000 0.252427 0.026000 0.310680
0 0.898000 0.635922 0.036000 0.320388