1 0.090000 0.500000 0.024000 0.310345
1 0.122000 0.534483 0.016000 0.344828
1 0.239000 0.525862 0.022000 0.362069
1 0.275000 0.551724 0.034000 0.344828
1 0.440000 0.551724 0.024000 0.344828
1 0.595000 0.482759 0.030000 0.448276
1 0.636000 0.560345 0.032000 0.327586
1 0.676000 0.551724 0.020000 0.379310
1 0.887000 0.500000 0.026000 0.379310
1 0.926000 0.474138 0.028000 0.293103
1 0.968000 0.534483 0.020000 0.413793
3 0.029000 0.448276 0.018000 0.517241
3 0.057000 0.508621 0.014000 0.465517
3 0.314000 0.448276 0.020000 0.551724
3 0.476000 0.456897 0.012000 0.500000
3 0.181000 0.620690 0.026000 0.172414
3 0.378000 0.646552 0.028000 0.189655
2 0.544000 0.603448 0.024000 0.034483
3 0.785000 0.655172 0.038000 0.344828