0 0.040000 0.583333 0.040000 0.416667
0 0.285000 0.345833 0.050000 0.125000
1 0.418000 0.150000 0.028000 0.133333
2 0.487000 0.308333 0.042000 0.166667
0 0.544000 0.287500 0.036000 0.225000
0 0.605000 0.329167 0.046000 0.108333
1 0.648000 0.179167 0.028000 0.125000
0 0.772000 0.316667 0.040000 0.116667
2 0.897000 0.320833 0.038000 0.141667
3 0.598000 0.608333 0.760000 0.050000
0 0.612000 0.862500 0.080000 0.108333
2 0.130000 0.520833 0.032000 0.108333
0 0.358000 0.304167 0.036000 0.108333
2 0.706000 0.279167 0.044000 0.108333
0 0.830000 0.337500 0.044000 0.108333
0 0.946000 0.254167 0.024000 0.241667