1 0.052000 0.508621 0.028000 0.396552
1 0.242000 0.543103 0.028000 0.431034
3 0.275000 0.508621 0.014000 0.603448
0 0.319000 0.672414 0.046000 0.241379
1 0.341000 0.396552 0.022000 0.137931
2 0.399000 0.689655 0.026000 0.275862
0 0.472000 0.681034 0.052000 0.189655
1 0.588000 0.603448 0.028000 0.310345
2 0.656000 0.586207 0.028000 0.068966
1 0.720000 0.517241 0.032000 0.413793
3 0.787000 0.482759 0.078000 0.620690
1 0.792000 0.594828 0.020000 0.293103
1 0.959000 0.594828 0.038000 0.396552
3 0.026000 0.474138 0.012000 0.568966
3 0.113000 0.465517 0.086000 0.586207
1 0.119000 0.577586 0.030000 0.293103
2 0.544000 0.629310 0.028000 0.224138
2 0.890000 0.586207 0.028000 0.137931
1 0.817000 0.594828 0.022000 0.258621
1 0.142000 0.612069 0.020000 0.327586
2 0.196000 0.508621 0.020000 0.051724