3 0.027000 0.445455 0.014000 0.527273
1 0.064000 0.472727 0.024000 0.400000
1 0.100000 0.509091 0.036000 0.327273
2 0.153000 0.536364 0.018000 0.345455
1 0.201000 0.490909 0.026000 0.363636
1 0.231000 0.490909 0.026000 0.363636
3 0.270000 0.518182 0.016000 0.563636
3 0.334000 0.563636 0.028000 0.290909
1 0.432000 0.527273 0.016000 0.363636
1 0.468000 0.481818 0.016000 0.418182
2 0.511000 0.527273 0.018000 0.290909
1 0.598000 0.472727 0.028000 0.363636
2 0.638000 0.454545 0.028000 0.036364
1 0.683000 0.427273 0.022000 0.381818
3 0.754000 0.554545 0.004000 0.272727
1 0.926000 0.490909 0.036000 0.400000
1 0.961000 0.518182 0.034000 0.309091
3 0.396000 0.618182 0.008000 0.109091
1 0.559000 0.472727 0.026000 0.327273
1 0.722000 0.463636 0.032000 0.418182
3 0.820000 0.527273 0.044000 0.254545
1 0.876000 0.481818 0.028000 0.345455