1 0.031000 0.405660 0.022000 0.433962
1 0.069000 0.481132 0.034000 0.320755
2 0.128000 0.471698 0.028000 0.037736
3 0.172000 0.537736 0.020000 0.509434
1 0.204000 0.500000 0.008000 0.320755
1 0.231000 0.471698 0.030000 0.339623
2 0.320000 0.481132 0.024000 0.056604
3 0.379000 0.547170 0.014000 0.490566
1 0.410000 0.509434 0.012000 0.339623
1 0.593000 0.462264 0.006000 0.320755
3 0.692000 0.518868 0.016000 0.471698
3 0.720000 0.518868 0.020000 0.509434
2 0.872000 0.462264 0.024000 0.018868
1 0.918000 0.471698 0.032000 0.415094
1 0.960000 0.424528 0.036000 0.320755
1 0.267000 0.490566 0.022000 0.339623
1 0.438000 0.490566 0.020000 0.301887
1 0.478000 0.462264 0.020000 0.358491
0 0.531000 0.509434 0.042000 0.377358
1 0.623000 0.452830 0.030000 0.301887
1 0.663000 0.462264 0.018000 0.320755
0 0.794000 0.452830 0.052000 0.452830