3 0.023000 0.434783 0.006000 0.434783
0 0.054000 0.532609 0.020000 0.369565
1 0.087000 0.521739 0.014000 0.173913
2 0.142000 0.478261 0.012000 0.043478
0 0.185000 0.554348 0.018000 0.369565
1 0.216000 0.467391 0.012000 0.152174
3 0.248000 0.489130 0.008000 0.543478
2 0.355000 0.619565 0.022000 0.065217
3 0.383000 0.467391 0.010000 0.500000
1 0.435000 0.543478 0.014000 0.130435
2 0.477000 0.510870 0.010000 0.021739
0 0.506000 0.489130 0.032000 0.195652
1 0.538000 0.586957 0.016000 0.130435
3 0.564000 0.554348 0.008000 0.456522
1 0.754000 0.554348 0.012000 0.108696
0 0.789000 0.521739 0.022000 0.391304
1 0.822000 0.576087 0.012000 0.108696
2 0.858000 0.554348 0.012000 0.021739
0 0.888000 0.434783 0.024000 0.217391
1 0.915000 0.576087 0.010000 0.108696
0 0.943000 0.576087 0.018000 0.369565
1 0.972000 0.554348 0.008000 0.152174
0 0.405000 0.478261 0.026000 0.173913
0 0.609000 0.554348 0.030000 0.456522
2 0.681000 0.434783 0.018000 0.173913
0 0.725000 0.423913 0.030000 0.195652
0 0.304000 0.521739 0.028000 0.391304