3 0.039000 0.519531 0.038000 0.554688
0 0.068000 0.875000 0.028000 0.078125
3 0.173000 0.503906 0.014000 0.273438
0 0.208000 0.535156 0.048000 0.085938
3 0.250000 0.503906 0.032000 0.226562
0 0.305000 0.464844 0.022000 0.195312
0 0.342000 0.507812 0.044000 0.078125
3 0.589000 0.531250 0.026000 0.468750
0 0.613000 0.843750 0.018000 0.078125
0 0.647000 0.210938 0.030000 0.140625
0 0.719000 0.562500 0.034000 0.203125
0 0.814000 0.531250 0.044000 0.125000
3 0.848000 0.492188 0.028000 0.265625
0 0.912000 0.453125 0.024000 0.218750
0 0.083000 0.171875 0.026000 0.187500
0 0.115000 0.523438 0.042000 0.375000
3 0.471000 0.476562 0.050000 0.203125
0 0.954000 0.527344 0.048000 0.101562
3 0.776000 0.488281 0.012000 0.257812