0 0.049000 0.619048 0.058000 0.238095
3 0.094000 0.333333 0.016000 0.333333
0 0.133000 0.339286 0.042000 0.297619
0 0.262000 0.404762 0.056000 0.166667
3 0.298000 0.321429 0.020000 0.404762
0 0.349000 0.440476 0.050000 0.142857
0 0.590000 0.738095 0.052000 0.190476
0 0.618000 0.369048 0.040000 0.309524
0 0.655000 0.482143 0.042000 0.130952
3 0.741000 0.761905 0.034000 0.238095
0 0.845000 0.738095 0.046000 0.190476
0 0.892000 0.380952 0.056000 0.190476
0 0.952000 0.416667 0.052000 0.142857
2 0.193000 0.375000 0.030000 0.250000
2 0.474000 0.738095 0.044000 0.119048