1 0.090000 0.493750 0.036000 0.337500
1 0.157000 0.506250 0.038000 0.362500
2 0.220000 0.481250 0.024000 0.462500
1 0.271000 0.543750 0.034000 0.362500
1 0.328000 0.500000 0.032000 0.325000
3 0.361000 0.550000 0.030000 0.600000
3 0.044000 0.493750 0.048000 0.737500
2 0.432000 0.618750 0.024000 0.037500
1 0.504000 0.506250 0.004000 0.287500
1 0.543000 0.493750 0.022000 0.312500
1 0.587000 0.575000 0.038000 0.200000
2 0.791000 0.556250 0.042000 0.037500
1 0.908000 0.531250 0.052000 0.387500
1 0.956000 0.537500 0.044000 0.350000
3 0.699000 0.562500 0.058000 0.525000