0 0.044000 0.526316 0.048000 0.421053
0 0.161000 0.543860 0.034000 0.456140
0 0.199000 0.692982 0.038000 0.192982
2 0.231000 0.710526 0.014000 0.017544
1 0.249000 0.710526 0.018000 0.157895
1 0.293000 0.491228 0.030000 0.421053
0 0.332000 0.298246 0.024000 0.140351
2 0.360000 0.315789 0.016000 0.035088
1 0.380000 0.307018 0.028000 0.157895
2 0.409000 0.561404 0.046000 0.210526
0 0.455000 0.456140 0.030000 0.526316
2 0.511000 0.710526 0.018000 0.017544
1 0.527000 0.701754 0.022000 0.245614
1 0.564000 0.491228 0.032000 0.315789
0 0.594000 0.324561 0.020000 0.122807
1 0.638000 0.307018 0.012000 0.192982
2 0.649000 0.561404 0.030000 0.245614
2 0.772000 0.561404 0.040000 0.245614
0 0.812000 0.473684 0.028000 0.456140
1 0.839000 0.657895 0.018000 0.122807
1 0.866000 0.473684 0.020000 0.350877
2 0.905000 0.535088 0.038000 0.228070
0 0.939000 0.421053 0.026000 0.491228
1 0.966000 0.657895 0.024000 0.157895
2 0.114000 0.578947 0.028000 0.105263
0 0.476000 0.728070 0.020000 0.122807
3 0.709000 0.649123 0.058000 0.035088