1 0.037000 0.467213 0.034000 0.409836
1 0.084000 0.516393 0.040000 0.278689
2 0.168000 0.549180 0.040000 0.278689
3 0.253000 0.459016 0.026000 0.557377
1 0.296000 0.532787 0.040000 0.344262
1 0.334000 0.516393 0.036000 0.311475
1 0.383000 0.483607 0.022000 0.508197
2 0.445000 0.483607 0.030000 0.475410
1 0.483000 0.524590 0.034000 0.327869
1 0.543000 0.459016 0.042000 0.426230
1 0.602000 0.483607 0.040000 0.377049
3 0.644000 0.442623 0.024000 0.557377
2 0.848000 0.532787 0.036000 0.016393
1 0.904000 0.426230 0.052000 0.360656
1 0.957000 0.508197 0.042000 0.229508
3 0.748000 0.565574 0.048000 0.508197