3 0.033000 0.370968 0.026000 0.419355
0 0.062000 0.475806 0.032000 0.177419
1 0.088000 0.346774 0.024000 0.274194
2 0.126000 0.443548 0.036000 0.241935
0 0.161000 0.604839 0.018000 0.435484
1 0.190000 0.612903 0.020000 0.096774
2 0.230000 0.354839 0.024000 0.032258
0 0.252000 0.483871 0.024000 0.225806
1 0.278000 0.612903 0.016000 0.129032
0 0.308000 0.459677 0.028000 0.209677
2 0.360000 0.443548 0.024000 0.016129
1 0.420000 0.612903 0.016000 0.129032
3 0.452000 0.362903 0.016000 0.403226
3 0.482000 0.362903 0.032000 0.403226
1 0.546000 0.266129 0.020000 0.209677
2 0.579000 0.467742 0.030000 0.193548
0 0.606000 0.620968 0.020000 0.403226
1 0.631000 0.612903 0.022000 0.129032
2 0.666000 0.508065 0.032000 0.209677
0 0.704000 0.524194 0.028000 0.177419
1 0.731000 0.612903 0.018000 0.129032
0 0.757000 0.475806 0.042000 0.209677
2 0.800000 0.435484 0.028000 0.225806
0 0.829000 0.419355 0.026000 0.354839
1 0.848000 0.596774 0.020000 0.161290
3 0.879000 0.395161 0.010000 0.435484
1 0.961000 0.483871 0.034000 0.161290
0 0.389000 0.459677 0.034000 0.403226
0 0.513000 0.427419 0.026000 0.209677
2 0.924000 0.500000 0.024000 0.129032