3 0.033000 0.326923 0.026000 0.269231
1 0.054000 0.471154 0.020000 0.173077
0 0.088000 0.528846 0.024000 0.442308
1 0.108000 0.567308 0.016000 0.134615
2 0.147000 0.413462 0.014000 0.211538
2 0.258000 0.442308 0.016000 0.230769
3 0.317000 0.442308 0.026000 0.230769
2 0.352000 0.548077 0.012000 0.019231
1 0.363000 0.557692 0.002000 0.115385
0 0.396000 0.596154 0.020000 0.423077
2 0.432000 0.567308 0.008000 0.019231
2 0.490000 0.471154 0.024000 0.288462
2 0.579000 0.596154 0.010000 0.153846
1 0.597000 0.596154 0.010000 0.153846
0 0.637000 0.557692 0.022000 0.423077
2 0.671000 0.615385 0.010000 0.115385
1 0.687000 0.586538 0.014000 0.134615
2 0.737000 0.451923 0.018000 0.250000
2 0.835000 0.403846 0.010000 0.230769
3 0.863000 0.413462 0.022000 0.211538
0 0.883000 0.528846 0.010000 0.134615
2 0.903000 0.567308 0.010000 0.134615
0 0.932000 0.576923 0.024000 0.384615
0 0.948000 0.625000 0.008000 0.096154
2 0.962000 0.625000 0.008000 0.134615
1 0.974000 0.605769 0.004000 0.173077
3 0.198000 0.480769 0.032000 0.038462
0 0.340000 0.480769 0.008000 0.230769
0 0.417000 0.538462 0.010000 0.230769
1 0.440000 0.576923 0.004000 0.153846
3 0.545000 0.423077 0.026000 0.307692
0 0.566000 0.528846 0.012000 0.211538
0 0.661000 0.567308 0.010000 0.250000
3 0.783000 0.500000 0.030000 0.038462
1 0.915000 0.548077 0.006000 0.134615