1 0.053000 0.310185 0.042000 0.250000
0 0.107000 0.319444 0.026000 0.268519
1 0.084000 0.750000 0.052000 0.314815
3 0.190000 0.430556 0.032000 0.490741
0 0.245000 0.416667 0.030000 0.388889
1 0.277000 0.592593 0.026000 0.129630
2 0.341000 0.458333 0.038000 0.194444
1 0.410000 0.337963 0.036000 0.250000
0 0.456000 0.319444 0.036000 0.324074
2 0.557000 0.416667 0.042000 0.185185
1 0.634000 0.300926 0.052000 0.305556
0 0.685000 0.277778 0.038000 0.351852
1 0.729000 0.486111 0.034000 0.157407
2 0.809000 0.384259 0.038000 0.175926
0 0.879000 0.287037 0.038000 0.388889
1 0.914000 0.518519 0.028000 0.166667
3 0.962000 0.379630 0.032000 0.425926
3 0.083000 0.550926 0.126000 0.027778
1 0.493000 0.513889 0.006000 0.120370