1 0.382000 0.190265 0.048000 0.168142
3 0.413000 0.296460 0.014000 0.079646
1 0.473000 0.190265 0.038000 0.203540
1 0.544000 0.194690 0.032000 0.212389
1 0.594000 0.212389 0.040000 0.247788
3 0.688000 0.318584 0.040000 0.141593
1 0.754000 0.225664 0.040000 0.238938
1 0.808000 0.256637 0.044000 0.159292
1 0.870000 0.256637 0.052000 0.194690
3 0.636000 0.517699 0.684000 0.061947
1 0.476000 0.747788 0.064000 0.185841
3 0.529000 0.849558 0.010000 0.106195
1 0.588000 0.712389 0.044000 0.203540
1 0.652000 0.730088 0.048000 0.256637
1 0.709000 0.716814 0.054000 0.265487
0 0.056000 0.477876 0.072000 0.141593
2 0.218000 0.477876 0.048000 0.123894