1 0.039000 0.448980 0.038000 0.489796
3 0.081000 0.561224 0.018000 0.265306
1 0.302000 0.479592 0.044000 0.510204
2 0.351000 0.561224 0.030000 0.306122
1 0.393000 0.459184 0.042000 0.469388
2 0.455000 0.571429 0.026000 0.448980
1 0.509000 0.479592 0.050000 0.510204
2 0.571000 0.540816 0.030000 0.346939
1 0.619000 0.459184 0.046000 0.510204
2 0.663000 0.520408 0.022000 0.265306
1 0.724000 0.469388 0.052000 0.448980
1 0.890000 0.510204 0.040000 0.326531
1 0.128000 0.438776 0.040000 0.428571
2 0.222000 0.602041 0.036000 0.183673
2 0.818000 0.663265 0.036000 0.183673
1 0.950000 0.500000 0.056000 0.346939