3 0.052000 0.512903 0.064000 0.677419
1 0.151000 0.335484 0.066000 0.206452
3 0.157000 0.548387 0.166000 0.064516
0 0.187000 0.883871 0.062000 0.077419
3 0.389000 0.464516 0.170000 0.400000
0 0.390000 0.119355 0.064000 0.109677
1 0.484000 0.883871 0.040000 0.090323
0 0.590000 0.416129 0.048000 0.225806
0 0.691000 0.532258 0.054000 0.161290
0 0.908000 0.500000 0.048000 0.200000
3 0.966000 0.496774 0.020000 0.529032
0 0.127000 0.790323 0.042000 0.225806
0 0.359000 0.838710 0.090000 0.193548
2 0.432000 0.887097 0.048000 0.083871
0 0.807000 0.409677 0.062000 0.238710