0 0.043000 0.507246 0.046000 0.521739
1 0.098000 0.702899 0.024000 0.275362
1 0.125000 0.717391 0.018000 0.217391
3 0.183000 0.528986 0.010000 0.449275
3 0.236000 0.528986 0.008000 0.391304
0 0.489000 0.543478 0.026000 0.420290
1 0.521000 0.282609 0.022000 0.217391
2 0.599000 0.652174 0.030000 0.028986
1 0.688000 0.557971 0.036000 0.391304
1 0.760000 0.246377 0.020000 0.202899
0 0.213000 0.528986 0.014000 0.362319
2 0.341000 0.615942 0.038000 0.188406
0 0.735000 0.500000 0.026000 0.449275
0 0.959000 0.514493 0.038000 0.478261
2 0.868000 0.630435 0.032000 0.304348