0 0.057000 0.253623 0.074000 0.318841
0 0.491000 0.173913 0.082000 0.188406
1 0.699000 0.213768 0.054000 0.282609
1 0.775000 0.231884 0.058000 0.275362
1 0.837000 0.228261 0.046000 0.224638
1 0.558000 0.750000 0.048000 0.340580
1 0.620000 0.822464 0.048000 0.181159
1 0.787000 0.750000 0.042000 0.224638
1 0.845000 0.793478 0.054000 0.166667
1 0.904000 0.789855 0.044000 0.144928
1 0.956000 0.764493 0.040000 0.152174
2 0.177000 0.351449 0.054000 0.123188
0 0.602000 0.202899 0.048000 0.115942
3 0.722000 0.471014 0.500000 0.057971
0 0.716000 0.771739 0.040000 0.152174