0 0.032000 0.509259 0.024000 0.166667
3 0.073000 0.490741 0.006000 0.500000
0 0.091000 0.620370 0.014000 0.277778
3 0.118000 0.537037 0.004000 0.407407
0 0.133000 0.490741 0.010000 0.166667
3 0.157000 0.500000 0.006000 0.370370
0 0.172000 0.500000 0.012000 0.148148
3 0.187000 0.490741 0.010000 0.351852
3 0.202000 0.648148 0.008000 0.185185
0 0.225000 0.518519 0.018000 0.333333
3 0.241000 0.583333 0.010000 0.462963
3 0.258000 0.546296 0.008000 0.462963
1 0.356000 0.370370 0.008000 0.259259
0 0.380000 0.435185 0.016000 0.129630
3 0.421000 0.416667 0.010000 0.425926
0 0.435000 0.435185 0.010000 0.203704
3 0.456000 0.425926 0.008000 0.370370
0 0.468000 0.444444 0.012000 0.185185
3 0.485000 0.435185 0.010000 0.388889
3 0.503000 0.435185 0.010000 0.500000
2 0.531000 0.472222 0.018000 0.129630
0 0.581000 0.453704 0.026000 0.166667
3 0.608000 0.416667 0.008000 0.388889
0 0.621000 0.462963 0.018000 0.296296
3 0.655000 0.370370 0.006000 0.370370
1 0.728000 0.388889 0.008000 0.222222
2 0.744000 0.462963 0.012000 0.148148
1 0.782000 0.388889 0.012000 0.259259
0 0.803000 0.462963 0.018000 0.111111
3 0.833000 0.462963 0.006000 0.370370
0 0.850000 0.462963 0.016000 0.185185
3 0.863000 0.435185 0.006000 0.425926
0 0.912000 0.462963 0.020000 0.148148
3 0.939000 0.472222 0.006000 0.351852
0 0.959000 0.481481 0.018000 0.296296
3 0.974000 0.444444 0.008000 0.444444
2 0.300000 0.509259 0.020000 0.129630
2 0.684000 0.453704 0.016000 0.092593
2 0.882000 0.481481 0.008000 0.222222