1 0.040000 0.463235 0.040000 0.250000
1 0.121000 0.448529 0.026000 0.044118
1 0.121000 0.566176 0.030000 0.014706
1 0.217000 0.536765 0.034000 0.602941
1 0.272000 0.463235 0.024000 0.602941
1 0.313000 0.448529 0.026000 0.191176
1 0.333000 0.617647 0.022000 0.147059
1 0.361000 0.632353 0.006000 0.117647
1 0.410000 0.617647 0.004000 0.029412
1 0.432000 0.588235 0.004000 0.029412
1 0.469000 0.595588 0.002000 0.014706
1 0.495000 0.602941 0.006000 0.117647
1 0.304000 0.470588 0.540000 0.235294
1 0.575000 0.470588 0.002000 0.029412
0 0.624000 0.419118 0.024000 0.250000
0 0.710000 0.507353 0.024000 0.661765
3 0.744000 0.441176 0.016000 0.352941
0 0.769000 0.455882 0.018000 0.205882
3 0.805000 0.588235 0.006000 0.147059
3 0.892000 0.551471 0.012000 0.161765
0 0.927000 0.397059 0.022000 0.264706
0 0.942000 0.610294 0.020000 0.073529
3 0.968000 0.433824 0.020000 0.573529
2 0.659000 0.514706 0.026000 0.117647
1 0.786000 0.610294 0.020000 0.161765
3 0.850000 0.551471 0.056000 0.044118