3 0.028000 0.460000 0.016000 0.440000
3 0.049000 0.460000 0.010000 0.440000
1 0.081000 0.470000 0.006000 0.220000
1 0.098000 0.450000 0.016000 0.220000
1 0.126000 0.450000 0.016000 0.260000
2 0.157000 0.470000 0.018000 0.220000
1 0.193000 0.430000 0.014000 0.300000
1 0.216000 0.440000 0.016000 0.280000
3 0.243000 0.470000 0.006000 0.340000
1 0.292000 0.420000 0.004000 0.240000
1 0.307000 0.420000 0.010000 0.240000
1 0.331000 0.440000 0.014000 0.280000
3 0.348000 0.440000 0.012000 0.480000
3 0.411000 0.440000 0.014000 0.360000
3 0.431000 0.410000 0.010000 0.340000
1 0.462000 0.460000 0.004000 0.320000
1 0.481000 0.450000 0.010000 0.300000
1 0.508000 0.460000 0.016000 0.280000
3 0.536000 0.520000 0.012000 0.240000
1 0.562000 0.460000 0.016000 0.320000
1 0.585000 0.490000 0.002000 0.300000
3 0.609000 0.520000 0.010000 0.520000
2 0.635000 0.520000 0.014000 0.240000
3 0.662000 0.420000 0.012000 0.400000
1 0.684000 0.470000 0.004000 0.260000
1 0.702000 0.440000 0.012000 0.280000
1 0.724000 0.480000 0.016000 0.280000
3 0.752000 0.500000 0.016000 0.280000
1 0.779000 0.470000 0.010000 0.300000
1 0.803000 0.470000 0.014000 0.260000
3 0.832000 0.480000 0.008000 0.440000
3 0.850000 0.440000 0.008000 0.480000
1 0.913000 0.450000 0.014000 0.340000
1 0.934000 0.450000 0.012000 0.300000
1 0.953000 0.450000 0.010000 0.300000
1 0.971000 0.470000 0.014000 0.180000
2 0.269000 0.440000 0.010000 0.480000
3 0.879000 0.530000 0.026000 0.380000