0 0.258000 0.220408 0.072000 0.163265
0 0.324000 0.316327 0.096000 0.248980
2 0.426000 0.108163 0.044000 0.012245
1 0.479000 0.093878 0.006000 0.106122
3 0.499000 0.540816 0.958000 0.151020
1 0.130000 0.783673 0.104000 0.163265
2 0.237000 0.791837 0.054000 0.008163
0 0.364000 0.785714 0.040000 0.093878
0 0.428000 0.865306 0.072000 0.187755
2 0.509000 0.718367 0.050000 0.016327
1 0.556000 0.710204 0.016000 0.138776
3 0.656000 0.781633 0.028000 0.322449
3 0.099000 0.808163 0.062000 0.277551
1 0.739000 0.632653 0.066000 0.130612