1 0.445000 0.735714 0.018000 0.185714
1 0.755000 0.478571 0.026000 0.300000
1 0.962000 0.728571 0.028000 0.171429
0 0.044000 0.607143 0.048000 0.214286
0 0.354000 0.557143 0.028000 0.171429
0 0.849000 0.592857 0.034000 0.128571
0 0.090000 0.742857 0.024000 0.171429
0 0.307000 0.564286 0.030000 0.185714
0 0.389000 0.771429 0.018000 0.142857
0 0.642000 0.550000 0.032000 0.214286
0 0.896000 0.742857 0.028000 0.142857
2 0.185000 0.607143 0.034000 0.100000
2 0.520000 0.564286 0.032000 0.214286
2 0.707000 0.592857 0.030000 0.014286
2 0.929000 0.742857 0.014000 0.028571
3 0.593000 0.435714 0.018000 0.414286
3 0.789000 0.414286 0.010000 0.542857
2 0.418000 0.764286 0.016000 0.014286