1 0.034000 0.552083 0.028000 0.437500
1 0.226000 0.468750 0.036000 0.437500
1 0.268000 0.500000 0.024000 0.416667
1 0.296000 0.500000 0.032000 0.416667
2 0.406000 0.531250 0.028000 0.354167
1 0.484000 0.520833 0.032000 0.458333
1 0.522000 0.500000 0.028000 0.500000
2 0.642000 0.489583 0.032000 0.104167
1 0.725000 0.458333 0.038000 0.458333
1 0.769000 0.510417 0.038000 0.437500
1 0.799000 0.520833 0.030000 0.333333
2 0.872000 0.562500 0.028000 0.083333
1 0.929000 0.489583 0.030000 0.437500
1 0.963000 0.572917 0.030000 0.437500
3 0.145000 0.479167 0.038000 0.541667