1 0.109000 0.438462 0.018000 0.353846
1 0.205000 0.500000 0.022000 0.292308
1 0.242000 0.507692 0.024000 0.215385
1 0.281000 0.469231 0.022000 0.292308
1 0.383000 0.430769 0.026000 0.400000
1 0.411000 0.484615 0.018000 0.323077
1 0.562000 0.400000 0.028000 0.369231
1 0.621000 0.446154 0.026000 0.369231
1 0.720000 0.476923 0.032000 0.338462
1 0.757000 0.469231 0.030000 0.353846
1 0.784000 0.507692 0.020000 0.307692
1 0.814000 0.507692 0.028000 0.246154
1 0.842000 0.469231 0.016000 0.353846
1 0.869000 0.476923 0.026000 0.338462
1 0.900000 0.446154 0.024000 0.307692
1 0.937000 0.446154 0.030000 0.400000
1 0.965000 0.461538 0.026000 0.215385
3 0.026000 0.492308 0.012000 0.676923
3 0.048000 0.546154 0.016000 0.569231
3 0.472000 0.469231 0.012000 0.569231
1 0.085000 0.492308 0.030000 0.307692
1 0.438000 0.469231 0.028000 0.323077
1 0.587000 0.469231 0.026000 0.353846
3 0.153000 0.530769 0.026000 0.200000
3 0.330000 0.546154 0.024000 0.200000
3 0.523000 0.500000 0.022000 0.230769
3 0.675000 0.476923 0.046000 0.553846