3 0.029000 0.393617 0.018000 0.297872
0 0.051000 0.611702 0.046000 0.563830
1 0.096000 0.654255 0.024000 0.159574
3 0.128000 0.707447 0.016000 0.180851
3 0.235000 0.702128 0.022000 0.212766
0 0.294000 0.611702 0.044000 0.500000
2 0.365000 0.601064 0.014000 0.010638
3 0.411000 0.686170 0.022000 0.244681
0 0.463000 0.585106 0.042000 0.425532
2 0.527000 0.617021 0.014000 0.148936
1 0.556000 0.569149 0.020000 0.138298
3 0.577000 0.627660 0.022000 0.234043
3 0.772000 0.563830 0.020000 0.212766
0 0.824000 0.531915 0.044000 0.382979
0 0.870000 0.574468 0.012000 0.106383
2 0.893000 0.590426 0.014000 0.138298
1 0.920000 0.547872 0.020000 0.159574
3 0.967000 0.377660 0.022000 0.542553
3 0.197000 0.617021 0.050000 0.063830
0 0.337000 0.558511 0.014000 0.244681
1 0.382000 0.595745 0.008000 0.148936
0 0.506000 0.547872 0.016000 0.265957
3 0.691000 0.521277 0.058000 0.042553