1 0.041000 0.475000 0.042000 0.625000
1 0.081000 0.450000 0.046000 0.550000
3 0.330000 0.512500 0.028000 0.700000
1 0.376000 0.581250 0.044000 0.587500
1 0.421000 0.531250 0.050000 0.562500
1 0.642000 0.512500 0.052000 0.500000
1 0.677000 0.550000 0.050000 0.475000
2 0.836000 0.600000 0.036000 0.025000
1 0.127000 0.443750 0.042000 0.612500
0 0.237000 0.475000 0.058000 0.425000
1 0.476000 0.531250 0.056000 0.612500
0 0.539000 0.618750 0.046000 0.412500
1 0.727000 0.531250 0.038000 0.537500
1 0.912000 0.518750 0.052000 0.562500
1 0.946000 0.537500 0.060000 0.475000
3 0.766000 0.487500 0.036000 0.725000