1 0.826000 0.410714 0.044000 0.321429
1 0.912000 0.437500 0.036000 0.267857
1 0.061000 0.455357 0.022000 0.339286
1 0.099000 0.437500 0.022000 0.303571
1 0.470000 0.446429 0.028000 0.285714
1 0.253000 0.464286 0.022000 0.285714
1 0.604000 0.428571 0.032000 0.321429
1 0.646000 0.419643 0.036000 0.375000
1 0.284000 0.508929 0.028000 0.232143
1 0.871000 0.473214 0.030000 0.232143
1 0.959000 0.419643 0.034000 0.303571
1 0.388000 0.473214 0.036000 0.267857
1 0.573000 0.428571 0.026000 0.285714
1 0.030000 0.428571 0.020000 0.285714
3 0.211000 0.455357 0.018000 0.446429
3 0.685000 0.410714 0.022000 0.464286
3 0.738000 0.491071 0.052000 0.625000
2 0.531000 0.553571 0.034000 0.214286
3 0.155000 0.526786 0.030000 0.196429
2 0.337000 0.535714 0.026000 0.071429
1 0.436000 0.482143 0.020000 0.285714