3 0.028000 0.618750 0.016000 0.462500
2 0.062000 0.662500 0.024000 0.025000
3 0.228000 0.631250 0.032000 0.462500
2 0.418000 0.587500 0.024000 0.075000
3 0.588000 0.556250 0.040000 0.462500
3 0.922000 0.493750 0.036000 0.462500
3 0.132000 0.637500 0.080000 0.225000
3 0.300000 0.618750 0.068000 0.212500
3 0.377000 0.531250 0.022000 0.212500
3 0.498000 0.587500 0.080000 0.275000
3 0.660000 0.562500 0.084000 0.300000
3 0.747000 0.487500 0.038000 0.300000
3 0.770000 0.681250 0.016000 0.212500
3 0.842000 0.493750 0.076000 0.212500
3 0.954000 0.481250 0.048000 0.712500
3 0.386000 0.725000 0.008000 0.125000