3 0.030000 0.469231 0.020000 0.630769
1 0.100000 0.492308 0.052000 0.430769
1 0.142000 0.453846 0.004000 0.353846
1 0.297000 0.461538 0.038000 0.400000
1 0.338000 0.500000 0.028000 0.415385
3 0.375000 0.492308 0.018000 0.676923
3 0.465000 0.569231 0.026000 0.338462
1 0.550000 0.469231 0.032000 0.415385
1 0.596000 0.469231 0.040000 0.415385
1 0.816000 0.484615 0.036000 0.415385
1 0.867000 0.484615 0.034000 0.292308
1 0.922000 0.476923 0.004000 0.307692
1 0.960000 0.476923 0.036000 0.276923
3 0.213000 0.507692 0.042000 0.307692
2 0.701000 0.561538 0.038000 0.138462
3 0.883000 0.661538 0.006000 0.123077