0 0.034000 0.646617 0.028000 0.255639
3 0.084000 0.545113 0.020000 0.308271
0 0.122000 0.609023 0.036000 0.150376
3 0.157000 0.545113 0.022000 0.308271
0 0.453000 0.334586 0.034000 0.082707
1 0.485000 0.857143 0.030000 0.120301
3 0.657000 0.578947 0.026000 0.300752
0 0.704000 0.624060 0.040000 0.090226
2 0.798000 0.605263 0.040000 0.007519
3 0.917000 0.563910 0.034000 0.360902
1 0.961000 0.424812 0.034000 0.127820
2 0.234000 0.616541 0.032000 0.045113
3 0.579000 0.443609 0.494000 0.736842
3 0.451000 0.560150 0.098000 0.323308
0 0.425000 0.853383 0.018000 0.112782
2 0.450000 0.887218 0.016000 0.060150
0 0.560000 0.541353 0.032000 0.225564
0 0.587000 0.650376 0.030000 0.142857
0 0.727000 0.691729 0.030000 0.135338
0 0.864000 0.590226 0.044000 0.187970