1 0.040000 0.474576 0.040000 0.338983
1 0.086000 0.483051 0.032000 0.389831
3 0.168000 0.559322 0.032000 0.237288
3 0.234000 0.500000 0.024000 0.491525
1 0.273000 0.491525 0.002000 0.338983
1 0.303000 0.491525 0.034000 0.305085
1 0.348000 0.449153 0.036000 0.322034
3 0.401000 0.542373 0.030000 0.271186
3 0.460000 0.483051 0.024000 0.457627
1 0.494000 0.533898 0.028000 0.288136
2 0.537000 0.542373 0.026000 0.440678
1 0.576000 0.533898 0.024000 0.389831
1 0.616000 0.500000 0.032000 0.355932
3 0.655000 0.500000 0.018000 0.457627
3 0.688000 0.491525 0.024000 0.644068
1 0.814000 0.466102 0.032000 0.423729
1 0.860000 0.449153 0.028000 0.457627
3 0.886000 0.635593 0.008000 0.016949
1 0.927000 0.432203 0.038000 0.389831
1 0.966000 0.423729 0.024000 0.440678
2 0.755000 0.593220 0.026000 0.135593