0 0.893000 0.423077 0.030000 0.261538
0 0.039000 0.500000 0.038000 0.661538
2 0.131000 0.500000 0.014000 0.107692
2 0.744000 0.515385 0.024000 0.107692
0 0.213000 0.453846 0.026000 0.292308
0 0.551000 0.469231 0.030000 0.292308
1 0.249000 0.223077 0.006000 0.138462
1 0.473000 0.453846 0.018000 0.230769
1 0.645000 0.692308 0.014000 0.153846
1 0.962000 0.507692 0.016000 0.184615
1 0.848000 0.461538 0.024000 0.215385
0 0.516000 0.461538 0.016000 0.307692
3 0.955000 0.400000 0.046000 0.338462
2 0.407000 0.492308 0.022000 0.184615
1 0.317000 0.615385 0.010000 0.123077
1 0.585000 0.261538 0.010000 0.153846
1 0.803000 0.461538 0.026000 0.246154
0 0.285000 0.553846 0.014000 0.153846
0 0.618000 0.538462 0.024000 0.123077