3 0.028000 0.515873 0.016000 0.650794
1 0.062000 0.484127 0.040000 0.428571
1 0.130000 0.507937 0.052000 0.444444
2 0.197000 0.587302 0.030000 0.349206
1 0.264000 0.531746 0.032000 0.492063
1 0.291000 0.563492 0.038000 0.428571
1 0.333000 0.515873 0.034000 0.428571
2 0.386000 0.579365 0.024000 0.047619
1 0.450000 0.523810 0.040000 0.507937
1 0.485000 0.507937 0.042000 0.444444
3 0.526000 0.476190 0.024000 0.634921
1 0.675000 0.515873 0.038000 0.523810
1 0.716000 0.500000 0.040000 0.523810
1 0.843000 0.555556 0.050000 0.476190
1 0.951000 0.563492 0.054000 0.428571
3 0.594000 0.563492 0.036000 0.365079
2 0.764000 0.626984 0.036000 0.142857
3 0.864000 0.761905 0.004000 0.063492
1 0.915000 0.563492 0.062000 0.428571
1 0.098000 0.515873 0.052000 0.428571