1 0.036000 0.444444 0.032000 0.407407
1 0.083000 0.453704 0.046000 0.314815
2 0.138000 0.527778 0.020000 0.018519
3 0.186000 0.472222 0.012000 0.388889
1 0.263000 0.509259 0.026000 0.351852
2 0.327000 0.500000 0.018000 0.296296
3 0.388000 0.490741 0.016000 0.425926
1 0.413000 0.537037 0.010000 0.333333
1 0.448000 0.490741 0.028000 0.388889
0 0.498000 0.537037 0.028000 0.296296
1 0.547000 0.444444 0.030000 0.296296
1 0.580000 0.416667 0.024000 0.277778
3 0.617000 0.453704 0.026000 0.537037
3 0.647000 0.416667 0.010000 0.425926
2 0.792000 0.500000 0.016000 0.037037
1 0.845000 0.407407 0.030000 0.333333
1 0.888000 0.416667 0.028000 0.351852
1 0.944000 0.416667 0.068000 0.425926
1 0.222000 0.481481 0.024000 0.333333
0 0.723000 0.546296 0.058000 0.500000