1 0.036000 0.437500 0.032000 0.597222
2 0.159000 0.416667 0.022000 0.027778
1 0.232000 0.451389 0.040000 0.541667
1 0.341000 0.451389 0.026000 0.486111
1 0.509000 0.381944 0.034000 0.458333
1 0.563000 0.388889 0.018000 0.500000
1 0.603000 0.409722 0.038000 0.486111
2 0.846000 0.500000 0.036000 0.027778
1 0.921000 0.458333 0.038000 0.555556
1 0.964000 0.465278 0.028000 0.458333
1 0.289000 0.465278 0.034000 0.402778
1 0.081000 0.395833 0.038000 0.430556
2 0.426000 0.534722 0.032000 0.263889
3 0.733000 0.590278 0.054000 0.513889