1 0.033000 0.418033 0.026000 0.442623
1 0.075000 0.426230 0.018000 0.262295
1 0.103000 0.401639 0.026000 0.245902
2 0.132000 0.409836 0.016000 0.393443
3 0.173000 0.450820 0.010000 0.409836
1 0.226000 0.459016 0.036000 0.360656
1 0.311000 0.442623 0.022000 0.262295
1 0.348000 0.434426 0.036000 0.311475
1 0.375000 0.450820 0.018000 0.278689
3 0.406000 0.434426 0.012000 0.540984
2 0.455000 0.450820 0.026000 0.409836
3 0.506000 0.434426 0.016000 0.442623
1 0.532000 0.467213 0.024000 0.377049
1 0.566000 0.450820 0.012000 0.278689
1 0.594000 0.483607 0.012000 0.344262
2 0.644000 0.475410 0.028000 0.393443
1 0.675000 0.516393 0.022000 0.344262
1 0.708000 0.516393 0.016000 0.344262
3 0.729000 0.524590 0.018000 0.622951
3 0.750000 0.475410 0.012000 0.590164
2 0.859000 0.524590 0.022000 0.032787
1 0.901000 0.426230 0.030000 0.426230
1 0.954000 0.401639 0.028000 0.311475
1 0.975000 0.450820 0.006000 0.344262
3 0.155000 0.459016 0.006000 0.590164
1 0.206000 0.500000 0.016000 0.311475
2 0.260000 0.516393 0.032000 0.114754
2 0.800000 0.508197 0.016000 0.065574
3 0.925000 0.581967 0.002000 0.016393