3 0.024000 0.510417 0.008000 0.437500
1 0.083000 0.510417 0.018000 0.312500
1 0.109000 0.531250 0.022000 0.354167
0 0.156000 0.572917 0.028000 0.187500
3 0.217000 0.479167 0.010000 0.500000
1 0.242000 0.458333 0.004000 0.333333
1 0.271000 0.500000 0.026000 0.333333
1 0.304000 0.447917 0.020000 0.270833
2 0.331000 0.468750 0.022000 0.354167
1 0.359000 0.489583 0.022000 0.312500
1 0.387000 0.520833 0.030000 0.291667
3 0.413000 0.531250 0.014000 0.479167
3 0.433000 0.531250 0.018000 0.479167
2 0.469000 0.489583 0.022000 0.020833
3 0.503000 0.437500 0.014000 0.416667
3 0.522000 0.437500 0.012000 0.375000
1 0.543000 0.489583 0.002000 0.312500
1 0.560000 0.510417 0.004000 0.354167
1 0.583000 0.500000 0.018000 0.291667
3 0.614000 0.625000 0.020000 0.166667
1 0.639000 0.479167 0.002000 0.333333
2 0.687000 0.489583 0.014000 0.020833
1 0.710000 0.427083 0.004000 0.229167
1 0.730000 0.406250 0.016000 0.312500
1 0.756000 0.375000 0.024000 0.166667
3 0.674000 0.479167 0.012000 0.416667
3 0.780000 0.427083 0.012000 0.437500
2 0.861000 0.510417 0.014000 0.020833
1 0.940000 0.520833 0.020000 0.291667
1 0.964000 0.541667 0.028000 0.250000
1 0.049000 0.541667 0.030000 0.333333
1 0.658000 0.489583 0.012000 0.270833
3 0.820000 0.489583 0.040000 0.479167
1 0.879000 0.489583 0.022000 0.312500
1 0.908000 0.520833 0.024000 0.250000