0 0.038000 0.452055 0.036000 0.369863
3 0.089000 0.452055 0.014000 0.191781
0 0.141000 0.544521 0.058000 0.239726
3 0.193000 0.489726 0.022000 0.363014
0 0.373000 0.825342 0.034000 0.130137
2 0.476000 0.856164 0.032000 0.027397
0 0.590000 0.448630 0.048000 0.116438
0 0.664000 0.520548 0.036000 0.109589
3 0.765000 0.448630 0.030000 0.267123
0 0.814000 0.472603 0.036000 0.356164
3 0.871000 0.503425 0.018000 0.294521
0 0.911000 0.585616 0.046000 0.267123
0 0.961000 0.366438 0.034000 0.157534
2 0.287000 0.479452 0.042000 0.109589
3 0.425000 0.465753 0.114000 0.356164
3 0.482000 0.147260 0.096000 0.157534
2 0.423000 0.832192 0.022000 0.102740
3 0.570000 0.856164 0.076000 0.136986