0 0.030000 0.475000 0.020000 0.316667
3 0.071000 0.425000 0.018000 0.450000
3 0.117000 0.625000 0.014000 0.150000
0 0.152000 0.466667 0.016000 0.233333
2 0.191000 0.508333 0.022000 0.150000
0 0.307000 0.475000 0.022000 0.116667
2 0.349000 0.500000 0.018000 0.133333
3 0.420000 0.450000 0.016000 0.433333
3 0.520000 0.441667 0.024000 0.316667
3 0.563000 0.441667 0.014000 0.550000
3 0.591000 0.650000 0.018000 0.200000
3 0.632000 0.500000 0.020000 0.266667
3 0.664000 0.491667 0.024000 0.450000
3 0.705000 0.641667 0.014000 0.183333
0 0.744000 0.433333 0.024000 0.266667
3 0.759000 0.641667 0.010000 0.150000
0 0.790000 0.491667 0.020000 0.150000
2 0.830000 0.475000 0.020000 0.150000
3 0.904000 0.508333 0.016000 0.483333
3 0.921000 0.616667 0.010000 0.133333
0 0.949000 0.508333 0.018000 0.150000
0 0.099000 0.500000 0.026000 0.100000
1 0.247000 0.433333 0.038000 0.233333
3 0.271000 0.625000 0.010000 0.150000
1 0.392000 0.433333 0.032000 0.233333
2 0.461000 0.491667 0.026000 0.116667
0 0.581000 0.483333 0.030000 0.100000
0 0.689000 0.508333 0.030000 0.083333
1 0.877000 0.483333 0.038000 0.233333
3 0.970000 0.516667 0.016000 0.600000