1 0.097000 0.289855 0.038000 0.289855
2 0.134000 0.666667 0.036000 0.028986
0 0.272000 0.666667 0.040000 0.289855
1 0.326000 0.304348 0.028000 0.289855
2 0.371000 0.688406 0.038000 0.304348
1 0.471000 0.492754 0.054000 0.579710
0 0.565000 0.666667 0.042000 0.231884
2 0.648000 0.630435 0.040000 0.014493
1 0.714000 0.543478 0.068000 0.536232
1 0.947000 0.521739 0.062000 0.434783
1 0.225000 0.492754 0.054000 0.666667
1 0.771000 0.492754 0.042000 0.550725
2 0.856000 0.579710 0.052000 0.173913
0 0.044000 0.637681 0.048000 0.318841
1 0.518000 0.485507 0.060000 0.623188