0 0.074000 0.463333 0.108000 0.180000
0 0.374000 0.306667 0.064000 0.440000
3 0.440000 0.256667 0.032000 0.380000
0 0.489000 0.303333 0.062000 0.153333
1 0.544000 0.333333 0.020000 0.160000
3 0.567000 0.256667 0.026000 0.340000
2 0.644000 0.360000 0.040000 0.013333
0 0.739000 0.283333 0.058000 0.420000
3 0.785000 0.290000 0.018000 0.326667
0 0.832000 0.323333 0.056000 0.140000
1 0.882000 0.380000 0.032000 0.106667
3 0.909000 0.270000 0.022000 0.380000
3 0.640000 0.530000 0.676000 0.073333
1 0.558000 0.833333 0.036000 0.186667
2 0.668000 0.863333 0.060000 0.006667
0 0.762000 0.776667 0.080000 0.153333
1 0.833000 0.853333 0.062000 0.133333
2 0.199000 0.503333 0.074000 0.126667
0 0.459000 0.773333 0.086000 0.160000