1 0.034000 0.473684 0.028000 0.385965
1 0.066000 0.500000 0.032000 0.438596
1 0.290000 0.500000 0.020000 0.333333
2 0.338000 0.552632 0.020000 0.473684
1 0.452000 0.438596 0.024000 0.350877
1 0.483000 0.491228 0.026000 0.385965
1 0.517000 0.456140 0.030000 0.350877
2 0.585000 0.552632 0.030000 0.017544
1 0.637000 0.500000 0.030000 0.368421
1 0.682000 0.535088 0.032000 0.263158
1 0.719000 0.526316 0.026000 0.385965
3 0.766000 0.491228 0.020000 0.631579
1 0.919000 0.517544 0.022000 0.403509
3 0.961000 0.456140 0.034000 0.561404
3 0.159000 0.438596 0.050000 0.526316
1 0.245000 0.552632 0.034000 0.438596
3 0.414000 0.500000 0.012000 0.473684
3 0.381000 0.535088 0.006000 0.508772
3 0.818000 0.570175 0.036000 0.368421
1 0.867000 0.491228 0.046000 0.421053