3 0.023000 0.520000 0.006000 0.480000
1 0.046000 0.500000 0.016000 0.320000
1 0.067000 0.480000 0.022000 0.360000
0 0.105000 0.570000 0.014000 0.180000
1 0.173000 0.520000 0.026000 0.280000
1 0.224000 0.500000 0.016000 0.240000
2 0.258000 0.520000 0.016000 0.160000
1 0.312000 0.500000 0.020000 0.240000
3 0.335000 0.510000 0.010000 0.460000
3 0.354000 0.490000 0.016000 0.580000
2 0.394000 0.530000 0.024000 0.220000
3 0.426000 0.510000 0.008000 0.420000
1 0.475000 0.540000 0.022000 0.280000
1 0.499000 0.520000 0.018000 0.240000
1 0.520000 0.500000 0.016000 0.280000
2 0.555000 0.530000 0.018000 0.180000
1 0.589000 0.490000 0.026000 0.300000
1 0.618000 0.480000 0.020000 0.320000
1 0.641000 0.460000 0.018000 0.320000
3 0.662000 0.460000 0.012000 0.520000
1 0.743000 0.530000 0.026000 0.300000
1 0.791000 0.510000 0.014000 0.260000
3 0.814000 0.460000 0.012000 0.520000
1 0.917000 0.470000 0.018000 0.300000
1 0.946000 0.480000 0.028000 0.280000
3 0.142000 0.520000 0.008000 0.440000
1 0.202000 0.520000 0.016000 0.240000
1 0.290000 0.510000 0.016000 0.260000
3 0.449000 0.520000 0.010000 0.440000
0 0.697000 0.530000 0.034000 0.260000
1 0.771000 0.530000 0.010000 0.260000
0 0.845000 0.520000 0.042000 0.280000
1 0.892000 0.520000 0.020000 0.280000
1 0.969000 0.480000 0.018000 0.320000