1 0.051000 0.571429 0.062000 0.483516
1 0.171000 0.598901 0.042000 0.428571
1 0.238000 0.593407 0.048000 0.417582
1 0.331000 0.582418 0.042000 0.417582
1 0.395000 0.543956 0.042000 0.384615
1 0.462000 0.620879 0.032000 0.428571
1 0.519000 0.637363 0.070000 0.439560
3 0.646000 0.736264 0.040000 0.307692
1 0.752000 0.587912 0.036000 0.406593
1 0.820000 0.642857 0.060000 0.406593
1 0.871000 0.280220 0.038000 0.340659
1 0.921000 0.274725 0.002000 0.307692
1 0.956000 0.313187 0.044000 0.340659
3 0.113000 0.758242 0.006000 0.241758