1 0.068000 0.223333 0.068000 0.313333
2 0.171000 0.283333 0.050000 0.006667
0 0.240000 0.293333 0.040000 0.213333
3 0.154000 0.516667 0.268000 0.046667
0 0.086000 0.750000 0.040000 0.100000
2 0.153000 0.760000 0.034000 0.133333
0 0.214000 0.800000 0.032000 0.253333
1 0.295000 0.623333 0.038000 0.140000
3 0.046000 0.753333 0.024000 0.320000
2 0.457000 0.496667 0.066000 0.180000
0 0.613000 0.416667 0.050000 0.153333
1 0.940000 0.386667 0.076000 0.186667
3 0.257000 0.743333 0.026000 0.353333
2 0.818000 0.426667 0.052000 0.093333