0 0.042000 0.696429 0.044000 0.410714
1 0.091000 0.375000 0.026000 0.178571
3 0.384000 0.419643 0.020000 0.482143
2 0.504000 0.473214 0.028000 0.017857
0 0.592000 0.441964 0.040000 0.187500
3 0.651000 0.397321 0.030000 0.616071
3 0.713000 0.383929 0.022000 0.571429
2 0.824000 0.459821 0.036000 0.169643
0 0.902000 0.370536 0.028000 0.258929
3 0.962000 0.308036 0.032000 0.437500
2 0.176000 0.575893 0.048000 0.133929
0 0.298000 0.473214 0.060000 0.321429
0 0.427000 0.455357 0.054000 0.178571
0 0.631000 0.316964 0.022000 0.223214
0 0.752000 0.459821 0.052000 0.169643
0 0.936000 0.303571 0.020000 0.178571