0 0.035000 0.546154 0.030000 0.446154
3 0.078000 0.515385 0.012000 0.292308
0 0.115000 0.515385 0.034000 0.230769
3 0.158000 0.476923 0.016000 0.307692
0 0.353000 0.415385 0.050000 0.276923
1 0.390000 0.700000 0.024000 0.169231
0 0.435000 0.392308 0.050000 0.261538
2 0.537000 0.361538 0.046000 0.292308
0 0.599000 0.346154 0.038000 0.261538
1 0.629000 0.630769 0.014000 0.184615
0 0.683000 0.346154 0.038000 0.292308
1 0.714000 0.684615 0.024000 0.261538
2 0.791000 0.384615 0.054000 0.307692
0 0.870000 0.330769 0.052000 0.230769
1 0.891000 0.615385 0.026000 0.184615
0 0.933000 0.300000 0.034000 0.292308
1 0.967000 0.561538 0.022000 0.261538
2 0.241000 0.523077 0.050000 0.123077
1 0.477000 0.723077 0.022000 0.215385