1 0.137000 0.381818 0.034000 0.327273
1 0.170000 0.409091 0.032000 0.345455
1 0.208000 0.372727 0.036000 0.381818
1 0.504000 0.418182 0.040000 0.363636
1 0.925000 0.409091 0.034000 0.381818
1 0.031000 0.500000 0.022000 0.418182
1 0.963000 0.454545 0.030000 0.290909
1 0.322000 0.400000 0.020000 0.436364
1 0.700000 0.463636 0.016000 0.381818
1 0.366000 0.472727 0.032000 0.290909
1 0.584000 0.463636 0.032000 0.309091
1 0.746000 0.463636 0.036000 0.345455
1 0.546000 0.436364 0.020000 0.363636
2 0.085000 0.472727 0.038000 0.363636
2 0.264000 0.454545 0.036000 0.400000
2 0.637000 0.481818 0.034000 0.418182
2 0.446000 0.454545 0.036000 0.036364
3 0.852000 0.500000 0.052000 0.600000