3 0.023000 0.480769 0.006000 0.384615
1 0.052000 0.490385 0.016000 0.326923
1 0.076000 0.471154 0.020000 0.326923
0 0.115000 0.548077 0.014000 0.173077
1 0.177000 0.509615 0.022000 0.211538
2 0.243000 0.567308 0.014000 0.019231
3 0.318000 0.490385 0.012000 0.519231
3 0.340000 0.490385 0.012000 0.596154
0 0.376000 0.519231 0.016000 0.192308
1 0.452000 0.490385 0.016000 0.288462
1 0.497000 0.490385 0.018000 0.288462
0 0.531000 0.538462 0.014000 0.192308
1 0.562000 0.500000 0.020000 0.269231
1 0.607000 0.509615 0.010000 0.250000
3 0.627000 0.548077 0.010000 0.480769
2 0.646000 0.557692 0.012000 0.038462
1 0.674000 0.500000 0.016000 0.269231
1 0.693000 0.500000 0.014000 0.269231
3 0.707000 0.538462 0.010000 0.461538
1 0.797000 0.528846 0.018000 0.211538
1 0.821000 0.509615 0.014000 0.211538
1 0.842000 0.500000 0.020000 0.230769
1 0.881000 0.509615 0.010000 0.211538
1 0.900000 0.509615 0.012000 0.211538
1 0.915000 0.519231 0.014000 0.230769
1 0.946000 0.500000 0.012000 0.230769
1 0.957000 0.480769 0.010000 0.192308
1 0.972000 0.471154 0.012000 0.250000
3 0.145000 0.490385 0.006000 0.442308
1 0.203000 0.490385 0.010000 0.250000
1 0.219000 0.500000 0.010000 0.269231
1 0.274000 0.471154 0.016000 0.250000
1 0.298000 0.461538 0.016000 0.269231
3 0.409000 0.500000 0.006000 0.384615
3 0.428000 0.384615 0.004000 0.192308
1 0.476000 0.480769 0.012000 0.230769
1 0.587000 0.509615 0.010000 0.250000
0 0.759000 0.500000 0.042000 0.269231