1 0.035000 0.594203 0.030000 0.318841
1 0.133000 0.579710 0.030000 0.347826
1 0.167000 0.608696 0.026000 0.144928
1 0.204000 0.601449 0.040000 0.391304
0 0.268000 0.543478 0.032000 0.449275
2 0.347000 0.442029 0.050000 0.333333
1 0.437000 0.550725 0.058000 0.405797
3 0.485000 0.637681 0.002000 0.144928
1 0.520000 0.507246 0.044000 0.376812
1 0.563000 0.478261 0.030000 0.173913
1 0.599000 0.427536 0.038000 0.333333
0 0.640000 0.492754 0.028000 0.231884
2 0.711000 0.434783 0.030000 0.028986
1 0.777000 0.384058 0.030000 0.391304
3 0.817000 0.594203 0.006000 0.173913
1 0.868000 0.311594 0.040000 0.333333
1 0.904000 0.391304 0.028000 0.376812
1 0.961000 0.413043 0.034000 0.275362
3 0.068000 0.775362 0.008000 0.130435