0 0.040000 0.449367 0.040000 0.620253
3 0.086000 0.462025 0.032000 0.594937
0 0.108000 0.645570 0.032000 0.202532
3 0.141000 0.474684 0.026000 0.620253
0 0.280000 0.481013 0.048000 0.658228
3 0.329000 0.468354 0.038000 0.607595
0 0.355000 0.632911 0.022000 0.227848
2 0.404000 0.626582 0.024000 0.291139
1 0.462000 0.550633 0.040000 0.341772
3 0.496000 0.506329 0.024000 0.556962
0 0.639000 0.455696 0.046000 0.658228
3 0.676000 0.626582 0.028000 0.417722
0 0.707000 0.645570 0.030000 0.227848
3 0.734000 0.594937 0.024000 0.430380
3 0.796000 0.658228 0.036000 0.253165
3 0.913000 0.550633 0.038000 0.493671
1 0.937000 0.588608 0.034000 0.367089
2 0.196000 0.639241 0.036000 0.139241
2 0.550000 0.632911 0.044000 0.101266
0 0.869000 0.531646 0.046000 0.556962
3 0.962000 0.683544 0.028000 0.379747