3 0.074000 0.482906 0.108000 0.367521
0 0.051000 0.829060 0.034000 0.119658
1 0.120000 0.858974 0.024000 0.094017
0 0.049000 0.209402 0.030000 0.076923
2 0.087000 0.200855 0.018000 0.008547
1 0.110000 0.158120 0.008000 0.145299
0 0.171000 0.504274 0.030000 0.188034
0 0.200000 0.380342 0.020000 0.076923
1 0.323000 0.525641 0.034000 0.162393
0 0.348000 0.405983 0.020000 0.094017
1 0.435000 0.521368 0.006000 0.170940
0 0.456000 0.371795 0.016000 0.094017
1 0.548000 0.542735 0.032000 0.230769
0 0.580000 0.367521 0.016000 0.085470
3 0.802000 0.559829 0.016000 0.247863
0 0.849000 0.606838 0.038000 0.119658
2 0.898000 0.619658 0.024000 0.008547
3 0.941000 0.559829 0.022000 0.264957
0 0.965000 0.401709 0.026000 0.068376
2 0.085000 0.871795 0.026000 0.051282
2 0.259000 0.551282 0.030000 0.076923
2 0.390000 0.559829 0.032000 0.111111
2 0.488000 0.585470 0.028000 0.111111
2 0.606000 0.589744 0.028000 0.102564
3 0.677000 0.598291 0.054000 0.034188
2 0.760000 0.615385 0.032000 0.119658
1 0.924000 0.594017 0.008000 0.128205