0 0.057000 0.271318 0.050000 0.155039
1 0.121000 0.220930 0.030000 0.131783
0 0.067000 0.670543 0.030000 0.116279
1 0.119000 0.604651 0.022000 0.155039
0 0.158000 0.751938 0.056000 0.093023
2 0.259000 0.403101 0.058000 0.139535
0 0.373000 0.244186 0.030000 0.147287
1 0.429000 0.143411 0.046000 0.131783
0 0.369000 0.705426 0.022000 0.124031
1 0.413000 0.604651 0.026000 0.139535
0 0.444000 0.751938 0.040000 0.170543
2 0.545000 0.414729 0.050000 0.131783
0 0.648000 0.290698 0.036000 0.224806
1 0.686000 0.143411 0.040000 0.131783
0 0.646000 0.713178 0.028000 0.108527
1 0.696000 0.643411 0.032000 0.124031
0 0.723000 0.837209 0.038000 0.170543
1 0.953000 0.313953 0.050000 0.193798
3 0.092000 0.434109 0.144000 0.031008
3 0.400000 0.403101 0.108000 0.031008
3 0.668000 0.461240 0.124000 0.007752
2 0.823000 0.422481 0.046000 0.131783