3 0.024000 0.511111 0.008000 0.488889
3 0.042000 0.511111 0.008000 0.444444
1 0.064000 0.500000 0.016000 0.288889
1 0.089000 0.477778 0.014000 0.288889
2 0.109000 0.477778 0.010000 0.333333
1 0.133000 0.522222 0.018000 0.333333
1 0.156000 0.488889 0.016000 0.266667
3 0.177000 0.488889 0.010000 0.400000
2 0.200000 0.522222 0.024000 0.466667
1 0.217000 0.544444 0.022000 0.288889
1 0.276000 0.544444 0.016000 0.288889
3 0.299000 0.511111 0.014000 0.533333
2 0.334000 0.577778 0.020000 0.044444
3 0.364000 0.477778 0.008000 0.511111
1 0.387000 0.477778 0.018000 0.244444
1 0.415000 0.500000 0.014000 0.333333
1 0.439000 0.500000 0.018000 0.288889
2 0.463000 0.544444 0.022000 0.200000
1 0.492000 0.488889 0.024000 0.266667
1 0.519000 0.500000 0.014000 0.155556
1 0.542000 0.466667 0.020000 0.222222
2 0.578000 0.522222 0.024000 0.244444
1 0.616000 0.500000 0.020000 0.288889
1 0.640000 0.511111 0.020000 0.266667
2 0.679000 0.522222 0.022000 0.022222
1 0.709000 0.466667 0.022000 0.266667
1 0.737000 0.466667 0.014000 0.222222
1 0.768000 0.466667 0.028000 0.177778
3 0.789000 0.477778 0.014000 0.511111
2 0.877000 0.500000 0.018000 0.022222
1 0.911000 0.444444 0.022000 0.266667
1 0.968000 0.477778 0.020000 0.288889
1 0.249000 0.544444 0.022000 0.244444
3 0.831000 0.477778 0.034000 0.377778
1 0.941000 0.488889 0.026000 0.222222