3 0.035000 0.469136 0.030000 0.691358
1 0.078000 0.438272 0.052000 0.506173
1 0.132000 0.487654 0.044000 0.506173
1 0.190000 0.469136 0.036000 0.567901
2 0.271000 0.555556 0.026000 0.024691
1 0.347000 0.518519 0.046000 0.444444
1 0.394000 0.512346 0.048000 0.432099
3 0.428000 0.574074 0.016000 0.580247
1 0.546000 0.487654 0.048000 0.432099
1 0.634000 0.567901 0.040000 0.444444
1 0.948000 0.500000 0.056000 0.530864
2 0.487000 0.549383 0.034000 0.629630
1 0.591000 0.524691 0.046000 0.432099
3 0.828000 0.432099 0.072000 0.543210