0 0.051000 0.634146 0.026000 0.390244
0 0.363000 0.670732 0.018000 0.390244
0 0.560000 0.640244 0.032000 0.329268
1 0.164000 0.506098 0.028000 0.231707
1 0.690000 0.451220 0.036000 0.243902
1 0.402000 0.371951 0.012000 0.134146
1 0.518000 0.439024 0.020000 0.268293
1 0.785000 0.195122 0.014000 0.146341
1 0.958000 0.493902 0.040000 0.158537
2 0.099000 0.548780 0.026000 0.024390
2 0.625000 0.518293 0.018000 0.036585
2 0.452000 0.548780 0.032000 0.121951
1 0.306000 0.512195 0.016000 0.365854
3 0.029000 0.402439 0.018000 0.414634
3 0.267000 0.475610 0.022000 0.463415
3 0.218000 0.463415 0.016000 0.414634
3 0.735000 0.420732 0.014000 0.597561
2 0.854000 0.554878 0.032000 0.134146