1 0.031000 0.430233 0.022000 0.395349
1 0.064000 0.441860 0.024000 0.372093
1 0.094000 0.441860 0.020000 0.279070
3 0.145000 0.465116 0.018000 0.232558
3 0.200000 0.476744 0.008000 0.488372
3 0.220000 0.476744 0.008000 0.302326
1 0.263000 0.488372 0.014000 0.279070
1 0.290000 0.476744 0.012000 0.302326
1 0.315000 0.500000 0.014000 0.209302
3 0.362000 0.523256 0.020000 0.209302
1 0.411000 0.488372 0.014000 0.279070
1 0.439000 0.488372 0.022000 0.279070
1 0.467000 0.488372 0.018000 0.372093
3 0.492000 0.453488 0.020000 0.441860
2 0.539000 0.465116 0.018000 0.418605
3 0.590000 0.453488 0.012000 0.441860
1 0.614000 0.430233 0.012000 0.255814
1 0.646000 0.511628 0.016000 0.372093
2 0.685000 0.430233 0.022000 0.255814
1 0.722000 0.453488 0.032000 0.302326
1 0.755000 0.488372 0.018000 0.325581
3 0.781000 0.523256 0.010000 0.441860
3 0.798000 0.511628 0.012000 0.511628
1 0.908000 0.406977 0.028000 0.302326
1 0.938000 0.395349 0.016000 0.325581
1 0.965000 0.418605 0.026000 0.279070
3 0.850000 0.453488 0.036000 0.441860