1 0.032000 0.508197 0.024000 0.360656
1 0.083000 0.532787 0.030000 0.409836
1 0.220000 0.532787 0.016000 0.311475
1 0.287000 0.565574 0.014000 0.377049
0 0.337000 0.647541 0.018000 0.213115
1 0.404000 0.516393 0.016000 0.442623
1 0.468000 0.573770 0.024000 0.360656
2 0.515000 0.622951 0.022000 0.229508
1 0.554000 0.557377 0.020000 0.393443
1 0.584000 0.573770 0.016000 0.295082
3 0.644000 0.549180 0.008000 0.540984
3 0.665000 0.532787 0.014000 0.606557
2 0.720000 0.672131 0.032000 0.032787
1 0.829000 0.540984 0.014000 0.393443
2 0.869000 0.598361 0.014000 0.213115
1 0.914000 0.540984 0.024000 0.327869
1 0.945000 0.581967 0.026000 0.180328
3 0.969000 0.483607 0.018000 0.639344
0 0.140000 0.590164 0.040000 0.327869
3 0.188000 0.532787 0.004000 0.475410
1 0.257000 0.565574 0.022000 0.311475
3 0.376000 0.524590 0.008000 0.459016
1 0.437000 0.540984 0.030000 0.327869
3 0.765000 0.549180 0.006000 0.475410
1 0.798000 0.557377 0.020000 0.393443
1 0.619000 0.581967 0.022000 0.377049