3 0.037000 0.474490 0.034000 0.602041
0 0.080000 0.469388 0.040000 0.142857
2 0.155000 0.474490 0.030000 0.030612
0 0.242000 0.443878 0.044000 0.173469
3 0.288000 0.454082 0.024000 0.642857
1 0.338000 0.193878 0.024000 0.122449
3 0.473000 0.428571 0.034000 0.653061
0 0.512000 0.612245 0.044000 0.571429
2 0.596000 0.408163 0.024000 0.020408
0 0.657000 0.316327 0.022000 0.285714
3 0.699000 0.357143 0.022000 0.510204
1 0.744000 0.214286 0.020000 0.183673
1 0.964000 0.209184 0.028000 0.132653
2 0.398000 0.520408 0.048000 0.183673
2 0.816000 0.474490 0.040000 0.112245
0 0.910000 0.418367 0.032000 0.326531