1 0.037000 0.429825 0.034000 0.438596
1 0.082000 0.412281 0.028000 0.368421
0 0.163000 0.526316 0.038000 0.245614
3 0.225000 0.421053 0.014000 0.491228
1 0.277000 0.473684 0.026000 0.245614
2 0.339000 0.500000 0.030000 0.017544
1 0.436000 0.429825 0.020000 0.333333
3 0.475000 0.456140 0.014000 0.561404
2 0.734000 0.517544 0.040000 0.017544
1 0.860000 0.421053 0.032000 0.210526
1 0.909000 0.394737 0.030000 0.263158
1 0.963000 0.421053 0.030000 0.350877
1 0.380000 0.464912 0.044000 0.263158
0 0.603000 0.552632 0.054000 0.508772
1 0.810000 0.421053 0.048000 0.280702