3 0.029000 0.431034 0.018000 0.482759
1 0.082000 0.431034 0.024000 0.379310
1 0.136000 0.439655 0.020000 0.431034
3 0.266000 0.448276 0.020000 0.482759
1 0.318000 0.456897 0.024000 0.396552
1 0.367000 0.525862 0.034000 0.362069
2 0.424000 0.525862 0.020000 0.051724
1 0.473000 0.474138 0.014000 0.327586
1 0.521000 0.500000 0.018000 0.379310
1 0.559000 0.525862 0.030000 0.396552
3 0.593000 0.474138 0.018000 0.568966
3 0.634000 0.465517 0.020000 0.586207
3 0.677000 0.663793 0.034000 0.293103
1 0.722000 0.525862 0.024000 0.362069
1 0.761000 0.508621 0.022000 0.362069
1 0.798000 0.474138 0.020000 0.396552
2 0.924000 0.500000 0.028000 0.034483
1 0.963000 0.508621 0.030000 0.396552
3 0.202000 0.508621 0.048000 0.465517
3 0.857000 0.534483 0.042000 0.413793