3 0.030000 0.332000 0.020000 0.312000
2 0.230000 0.384000 0.052000 0.016000
0 0.339000 0.392000 0.042000 0.352000
3 0.422000 0.352000 0.032000 0.352000
0 0.712000 0.236000 0.032000 0.312000
3 0.812000 0.244000 0.036000 0.152000
0 0.867000 0.216000 0.034000 0.272000
0 0.913000 0.240000 0.018000 0.048000
3 0.817000 0.456000 0.278000 0.016000
3 0.709000 0.668000 0.014000 0.248000
0 0.808000 0.748000 0.020000 0.056000
2 0.857000 0.668000 0.022000 0.008000
0 0.902000 0.708000 0.036000 0.328000
0 0.941000 0.708000 0.018000 0.040000
3 0.957000 0.732000 0.042000 0.376000
0 0.078000 0.380000 0.044000 0.104000
0 0.132000 0.412000 0.020000 0.168000
0 0.382000 0.356000 0.016000 0.184000
2 0.559000 0.356000 0.066000 0.104000
0 0.751000 0.252000 0.006000 0.152000
0 0.759000 0.700000 0.066000 0.152000