1 0.029000 0.552083 0.018000 0.270833
0 0.066000 0.625000 0.036000 0.208333
3 0.151000 0.489583 0.010000 0.562500
1 0.169000 0.572917 0.018000 0.270833
3 0.249000 0.479167 0.062000 0.458333
1 0.254000 0.614583 0.016000 0.312500
3 0.308000 0.500000 0.008000 0.541667
0 0.335000 0.614583 0.038000 0.187500
1 0.347000 0.406250 0.014000 0.145833
2 0.381000 0.593750 0.018000 0.020833
3 0.418000 0.458333 0.008000 0.500000
1 0.432000 0.541667 0.020000 0.250000
2 0.462000 0.572917 0.020000 0.062500
3 0.511000 0.458333 0.062000 0.500000
1 0.511000 0.552083 0.014000 0.229167
3 0.562000 0.447917 0.008000 0.479167
0 0.585000 0.625000 0.038000 0.166667
1 0.602000 0.447917 0.016000 0.104167
1 0.690000 0.562500 0.028000 0.291667
3 0.725000 0.520833 0.010000 0.541667
1 0.741000 0.572917 0.018000 0.270833
3 0.811000 0.489583 0.062000 0.437500
1 0.808000 0.572917 0.012000 0.312500
3 0.859000 0.468750 0.010000 0.437500
0 0.887000 0.625000 0.038000 0.166667
2 0.928000 0.604167 0.016000 0.041667
1 0.963000 0.531250 0.030000 0.312500
1 0.080000 0.395833 0.012000 0.208333
2 0.117000 0.572917 0.018000 0.187500
2 0.207000 0.604167 0.018000 0.208333
1 0.282000 0.593750 0.028000 0.270833
1 0.532000 0.572917 0.020000 0.270833
2 0.648000 0.625000 0.016000 0.125000
2 0.768000 0.583333 0.012000 0.041667
1 0.828000 0.583333 0.020000 0.291667