3 0.083000 0.426966 0.014000 0.494382
0 0.112000 0.634831 0.040000 0.505618
3 0.148000 0.578652 0.016000 0.438202
2 0.238000 0.561798 0.028000 0.044944
3 0.381000 0.410112 0.014000 0.415730
0 0.416000 0.516854 0.036000 0.157303
3 0.450000 0.494382 0.028000 0.404494
3 0.654000 0.500000 0.056000 0.752809
0 0.776000 0.640449 0.044000 0.359551
3 0.829000 0.398876 0.014000 0.438202
0 0.856000 0.438202 0.024000 0.314607
3 0.880000 0.415730 0.024000 0.359551
0 0.038000 0.421348 0.036000 0.415730
0 0.339000 0.404494 0.030000 0.404494
2 0.571000 0.561798 0.026000 0.134831
0 0.682000 0.713483 0.036000 0.168539
0 0.709000 0.252809 0.026000 0.280899
0 0.929000 0.393258 0.042000 0.359551
0 0.966000 0.426966 0.024000 0.269663