1 0.034000 0.433962 0.028000 0.415094
1 0.089000 0.405660 0.046000 0.396226
1 0.143000 0.386792 0.030000 0.396226
2 0.188000 0.433962 0.012000 0.037736
1 0.251000 0.433962 0.002000 0.415094
1 0.292000 0.462264 0.028000 0.358491
1 0.345000 0.443396 0.030000 0.396226
2 0.398000 0.481132 0.012000 0.018868
1 0.474000 0.443396 0.032000 0.396226
1 0.518000 0.433962 0.032000 0.301887
2 0.597000 0.481132 0.046000 0.358491
1 0.661000 0.424528 0.006000 0.245283
1 0.696000 0.433962 0.032000 0.301887
1 0.743000 0.415094 0.006000 0.339623
1 0.906000 0.415094 0.032000 0.415094
1 0.962000 0.443396 0.032000 0.509434
0 0.816000 0.509434 0.056000 0.603774