1 0.069000 0.318966 0.018000 0.224138
0 0.265000 0.439655 0.030000 0.189655
0 0.304000 0.456897 0.028000 0.189655
1 0.331000 0.250000 0.018000 0.155172
2 0.428000 0.474138 0.024000 0.224138
0 0.509000 0.396552 0.018000 0.344828
1 0.576000 0.258621 0.020000 0.172414
2 0.652000 0.465517 0.024000 0.206897
0 0.724000 0.465517 0.020000 0.206897
2 0.888000 0.500000 0.028000 0.206897
0 0.036000 0.594828 0.032000 0.431034
2 0.162000 0.456897 0.024000 0.120690
0 0.548000 0.482759 0.032000 0.137931
0 0.771000 0.448276 0.038000 0.172414
0 0.959000 0.396552 0.038000 0.344828