1 0.029000 0.482456 0.018000 0.263158
0 0.066000 0.491228 0.020000 0.245614
1 0.106000 0.350877 0.016000 0.210526
2 0.147000 0.526316 0.022000 0.280702
0 0.203000 0.570175 0.022000 0.192982
1 0.231000 0.622807 0.018000 0.157895
0 0.267000 0.500000 0.022000 0.368421
1 0.304000 0.342105 0.020000 0.122807
2 0.351000 0.614035 0.022000 0.175439
3 0.399000 0.508772 0.014000 0.526316
0 0.428000 0.596491 0.020000 0.140351
1 0.447000 0.657895 0.010000 0.087719
2 0.486000 0.587719 0.020000 0.192982
0 0.528000 0.561404 0.020000 0.175439
1 0.548000 0.622807 0.016000 0.157895
3 0.568000 0.456140 0.016000 0.526316
0 0.610000 0.508772 0.028000 0.280702
2 0.670000 0.561404 0.020000 0.175439
3 0.717000 0.508772 0.014000 0.631579
0 0.741000 0.622807 0.014000 0.122807
1 0.764000 0.649123 0.008000 0.105263
2 0.797000 0.578947 0.018000 0.210526
0 0.832000 0.570175 0.020000 0.122807
1 0.855000 0.596491 0.014000 0.070175
2 0.892000 0.526316 0.020000 0.245614
0 0.925000 0.552632 0.022000 0.157895
1 0.948000 0.614035 0.016000 0.140351
3 0.970000 0.456140 0.016000 0.561404