3 0.024000 0.500000 0.008000 0.591837
1 0.064000 0.540816 0.020000 0.265306
1 0.091000 0.530612 0.014000 0.244898
1 0.120000 0.530612 0.012000 0.285714
3 0.181000 0.530612 0.022000 0.204082
3 0.222000 0.448980 0.008000 0.489796
1 0.253000 0.510204 0.014000 0.244898
1 0.282000 0.530612 0.020000 0.244898
2 0.316000 0.561224 0.008000 0.020408
1 0.342000 0.530612 0.016000 0.244898
1 0.361000 0.510204 0.014000 0.244898
3 0.384000 0.479592 0.008000 0.469388
3 0.403000 0.469388 0.010000 0.530612
2 0.462000 0.448980 0.024000 0.244898
3 0.492000 0.459184 0.012000 0.469388
3 0.511000 0.479592 0.010000 0.469388
1 0.540000 0.489796 0.020000 0.244898
1 0.567000 0.510204 0.010000 0.244898
1 0.594000 0.479592 0.016000 0.265306
2 0.635000 0.520408 0.018000 0.183673
1 0.675000 0.469388 0.018000 0.244898
1 0.697000 0.489796 0.014000 0.163265
1 0.722000 0.489796 0.016000 0.204082
3 0.741000 0.479592 0.006000 0.469388
2 0.759000 0.489796 0.018000 0.326531
1 0.781000 0.510204 0.018000 0.244898
1 0.807000 0.551020 0.018000 0.244898
3 0.830000 0.540816 0.008000 0.428571
1 0.925000 0.500000 0.014000 0.265306
1 0.945000 0.479592 0.010000 0.183673
1 0.968000 0.520408 0.020000 0.265306
3 0.883000 0.448980 0.026000 0.326531