1 0.043000 0.483333 0.046000 0.500000
1 0.110000 0.383333 0.036000 0.433333
1 0.180000 0.408333 0.040000 0.383333
1 0.355000 0.466667 0.046000 0.433333
1 0.416000 0.475000 0.044000 0.316667
1 0.485000 0.466667 0.046000 0.366667
0 0.564000 0.533333 0.036000 0.300000
3 0.620000 0.525000 0.016000 0.583333
1 0.667000 0.475000 0.038000 0.283333
1 0.717000 0.525000 0.050000 0.316667
0 0.797000 0.533333 0.038000 0.266667
1 0.862000 0.491667 0.036000 0.450000
1 0.913000 0.458333 0.038000 0.416667
3 0.965000 0.483333 0.026000 0.566667
0 0.266000 0.433333 0.056000 0.433333