1 0.039000 0.451923 0.038000 0.326923
1 0.079000 0.442308 0.018000 0.384615
3 0.214000 0.451923 0.016000 0.519231
3 0.240000 0.471154 0.012000 0.442308
1 0.272000 0.461538 0.020000 0.307692
1 0.304000 0.442308 0.016000 0.269231
2 0.329000 0.500000 0.014000 0.423077
1 0.364000 0.509615 0.020000 0.288462
1 0.391000 0.538462 0.018000 0.346154
1 0.425000 0.528846 0.026000 0.365385
3 0.447000 0.519231 0.010000 0.538462
2 0.496000 0.605769 0.028000 0.019231
3 0.529000 0.480769 0.010000 0.500000
1 0.548000 0.509615 0.024000 0.288462
1 0.580000 0.480769 0.024000 0.346154
1 0.625000 0.471154 0.034000 0.365385
3 0.670000 0.519231 0.028000 0.269231
1 0.747000 0.471154 0.030000 0.403846
1 0.775000 0.528846 0.022000 0.326923
3 0.791000 0.528846 0.010000 0.480769
3 0.814000 0.538462 0.008000 0.500000
3 0.857000 0.557692 0.038000 0.269231
1 0.900000 0.471154 0.024000 0.326923
1 0.928000 0.528846 0.028000 0.365385
1 0.965000 0.509615 0.026000 0.442308
3 0.157000 0.451923 0.042000 0.365385
1 0.700000 0.432692 0.028000 0.403846