3 0.045000 0.493902 0.050000 0.743902
1 0.100000 0.536585 0.032000 0.439024
1 0.149000 0.512195 0.026000 0.390244
2 0.218000 0.585366 0.032000 0.512195
3 0.291000 0.579268 0.022000 0.426829
1 0.340000 0.591463 0.032000 0.353659
2 0.379000 0.658537 0.014000 0.170732
1 0.448000 0.591463 0.008000 0.353659
1 0.486000 0.591463 0.024000 0.280488
1 0.531000 0.597561 0.026000 0.243902
3 0.566000 0.548780 0.020000 0.463415
3 0.592000 0.530488 0.016000 0.597561
3 0.659000 0.634146 0.026000 0.243902
1 0.745000 0.518293 0.034000 0.402439
1 0.954000 0.579268 0.048000 0.378049
3 0.851000 0.524390 0.058000 0.390244