0 0.031000 0.361702 0.022000 0.212766
0 0.107000 0.351064 0.022000 0.276596
1 0.127000 0.521277 0.014000 0.191489
0 0.150000 0.478723 0.016000 0.361702
1 0.175000 0.542553 0.014000 0.191489
2 0.207000 0.382979 0.014000 0.212766
2 0.296000 0.372340 0.024000 0.191489
0 0.329000 0.351064 0.022000 0.276596
2 0.365000 0.563830 0.014000 0.021277
1 0.388000 0.574468 0.012000 0.170213
0 0.421000 0.500000 0.018000 0.446809
2 0.467000 0.606383 0.010000 0.021277
1 0.491000 0.617021 0.014000 0.170213
2 0.526000 0.468085 0.020000 0.212766
0 0.568000 0.404255 0.024000 0.297872
2 0.608000 0.659574 0.016000 0.212766
1 0.631000 0.670213 0.014000 0.191489
0 0.665000 0.510638 0.018000 0.425532
2 0.707000 0.638298 0.014000 0.212766
1 0.730000 0.627660 0.016000 0.148936
2 0.756000 0.404255 0.020000 0.170213
0 0.847000 0.361702 0.026000 0.297872
0 0.863000 0.521277 0.018000 0.148936
0 0.889000 0.563830 0.010000 0.148936
2 0.907000 0.585106 0.014000 0.148936
0 0.938000 0.425532 0.016000 0.297872
0 0.957000 0.510638 0.006000 0.127660
2 0.967000 0.521277 0.010000 0.148936
1 0.976000 0.489362 0.004000 0.255319
2 0.069000 0.393617 0.018000 0.106383
0 0.247000 0.436170 0.042000 0.021277
0 0.348000 0.489362 0.012000 0.255319
0 0.447000 0.521277 0.010000 0.234043
0 0.588000 0.617021 0.008000 0.212766
0 0.689000 0.585106 0.006000 0.234043
0 0.798000 0.457447 0.040000 0.021277