0 0.042000 0.516129 0.044000 0.193548
1 0.071000 0.314516 0.030000 0.209677
3 0.132000 0.443548 0.032000 0.532258
0 0.176000 0.540323 0.036000 0.209677
0 0.936000 0.572581 0.044000 0.274194
1 0.388000 0.290323 0.028000 0.225806
1 0.964000 0.395161 0.028000 0.177419
1 0.301000 0.387097 0.038000 0.387097
1 0.669000 0.532258 0.034000 0.419355
0 0.350000 0.491935 0.044000 0.306452
2 0.412000 0.620968 0.040000 0.274194
1 0.204000 0.362903 0.024000 0.209677
1 0.881000 0.564516 0.034000 0.387097
2 0.828000 0.637097 0.032000 0.016129
2 0.757000 0.596774 0.034000 0.129032
2 0.565000 0.653226 0.034000 0.016129
1 0.465000 0.516129 0.026000 0.387097
1 0.622000 0.467742 0.040000 0.290323
3 0.506000 0.500000 0.028000 0.677419