0 0.043000 0.746914 0.046000 0.234568
1 0.199000 0.824074 0.022000 0.104938
0 0.360000 0.348765 0.048000 0.574074
3 0.411000 0.280864 0.026000 0.314815
0 0.463000 0.438272 0.034000 0.308642
2 0.516000 0.364198 0.028000 0.123457
0 0.584000 0.287037 0.052000 0.290123
3 0.637000 0.271605 0.014000 0.296296
2 0.696000 0.361111 0.024000 0.018519
3 0.114000 0.351852 0.168000 0.432099
3 0.129000 0.811728 0.058000 0.117284
3 0.656000 0.598765 0.644000 0.061728
0 0.858000 0.475309 0.048000 0.320988
3 0.876000 0.324074 0.024000 0.339506
3 0.810000 0.290123 0.032000 0.308642
0 0.776000 0.320988 0.052000 0.518519
0 0.543000 0.777778 0.062000 0.308642