1 0.033000 0.545455 0.026000 0.363636
1 0.070000 0.536364 0.024000 0.381818
1 0.100000 0.490909 0.016000 0.363636
3 0.160000 0.509091 0.020000 0.581818
3 0.184000 0.490909 0.012000 0.545455
1 0.214000 0.527273 0.024000 0.254545
1 0.244000 0.536364 0.004000 0.236364
2 0.286000 0.563636 0.024000 0.218182
1 0.321000 0.500000 0.006000 0.309091
1 0.376000 0.554545 0.004000 0.272727
3 0.405000 0.490909 0.018000 0.509091
2 0.439000 0.500000 0.022000 0.636364
3 0.473000 0.490909 0.014000 0.509091
1 0.508000 0.536364 0.004000 0.272727
1 0.539000 0.518182 0.022000 0.272727
2 0.566000 0.518182 0.012000 0.018182
1 0.608000 0.536364 0.004000 0.309091
1 0.633000 0.518182 0.022000 0.309091
1 0.664000 0.518182 0.012000 0.309091
3 0.690000 0.490909 0.020000 0.545455
3 0.717000 0.472727 0.018000 0.581818
1 0.844000 0.500000 0.028000 0.381818
1 0.876000 0.527273 0.024000 0.363636
1 0.968000 0.572727 0.020000 0.309091
2 0.129000 0.472727 0.022000 0.581818
1 0.341000 0.490909 0.018000 0.254545
2 0.752000 0.627273 0.024000 0.127273
1 0.932000 0.518182 0.024000 0.418182