0 0.047000 0.471014 0.054000 0.246377
0 0.336000 0.442029 0.032000 0.362319
0 0.870000 0.340580 0.032000 0.391304
0 0.780000 0.579710 0.020000 0.086957
0 0.904000 0.652174 0.024000 0.115942
2 0.145000 0.550725 0.038000 0.144928
3 0.260000 0.456522 0.044000 0.478261
3 0.742000 0.485507 0.056000 0.536232
1 0.294000 0.673913 0.024000 0.217391
1 0.359000 0.739130 0.022000 0.231884
1 0.847000 0.586957 0.014000 0.188406
1 0.971000 0.623188 0.014000 0.173913
2 0.417000 0.391304 0.042000 0.289855
2 0.634000 0.456522 0.040000 0.275362
2 0.818000 0.579710 0.028000 0.173913
2 0.943000 0.630435 0.026000 0.188406
3 0.531000 0.420290 0.074000 0.086957