3 0.083000 0.474576 0.018000 0.406780
0 0.121000 0.516949 0.038000 0.118644
3 0.164000 0.491525 0.016000 0.610169
1 0.308000 0.508475 0.032000 0.406780
3 0.405000 0.457627 0.022000 0.542373
0 0.451000 0.567797 0.034000 0.118644
2 0.490000 0.593220 0.008000 0.033898
1 0.525000 0.550847 0.050000 0.254237
3 0.570000 0.516949 0.012000 0.559322
2 0.633000 0.508475 0.022000 0.372881
0 0.739000 0.559322 0.022000 0.135593
3 0.800000 0.440678 0.020000 0.542373
0 0.855000 0.567797 0.034000 0.118644
2 0.899000 0.559322 0.014000 0.033898
1 0.936000 0.516949 0.024000 0.254237
3 0.970000 0.525424 0.016000 0.610169
0 0.038000 0.516949 0.036000 0.118644
2 0.233000 0.584746 0.034000 0.186441
0 0.350000 0.618644 0.028000 0.118644
1 0.696000 0.440678 0.016000 0.440678