0 0.031000 0.634831 0.022000 0.438202
0 0.060000 0.769663 0.024000 0.213483
2 0.087000 0.780899 0.018000 0.123596
1 0.113000 0.764045 0.026000 0.247191
0 0.335000 0.533708 0.030000 0.191011
0 0.373000 0.657303 0.026000 0.415730
0 0.413000 0.758427 0.026000 0.235955
2 0.490000 0.612360 0.024000 0.146067
1 0.650000 0.460674 0.040000 0.359551
2 0.750000 0.511236 0.036000 0.011236
0 0.816000 0.415730 0.036000 0.426966
3 0.843000 0.449438 0.030000 0.674157
0 0.964000 0.696629 0.028000 0.224719
2 0.190000 0.561798 0.028000 0.134831
3 0.619000 0.494382 0.006000 0.674157
0 0.931000 0.612360 0.022000 0.348315