1 0.031000 0.380952 0.022000 0.349206
1 0.068000 0.388889 0.020000 0.301587
1 0.279000 0.396825 0.026000 0.349206
1 0.314000 0.428571 0.032000 0.317460
1 0.496000 0.412698 0.024000 0.349206
1 0.532000 0.412698 0.024000 0.349206
1 0.638000 0.396825 0.024000 0.285714
1 0.672000 0.428571 0.020000 0.285714
1 0.700000 0.412698 0.016000 0.349206
1 0.879000 0.436508 0.030000 0.301587
1 0.098000 0.373016 0.024000 0.301587
1 0.919000 0.404762 0.030000 0.301587
1 0.958000 0.388889 0.040000 0.333333
2 0.176000 0.388889 0.036000 0.333333
2 0.379000 0.436508 0.034000 0.333333
3 0.592000 0.468254 0.032000 0.269841
3 0.819000 0.444444 0.050000 0.571429
3 0.250000 0.452381 0.020000 0.587302
3 0.457000 0.500000 0.022000 0.650794
3 0.723000 0.460317 0.014000 0.507937
3 0.757000 0.452381 0.014000 0.555556