0 0.032000 0.585106 0.024000 0.319149
3 0.062000 0.531915 0.008000 0.255319
0 0.085000 0.531915 0.018000 0.170213
3 0.110000 0.542553 0.004000 0.319149
0 0.182000 0.510638 0.028000 0.212766
1 0.208000 0.585106 0.004000 0.191489
1 0.317000 0.617021 0.018000 0.212766
1 0.318000 0.308511 0.008000 0.191489
2 0.358000 0.531915 0.016000 0.170213
0 0.391000 0.521277 0.022000 0.191489
1 0.413000 0.659574 0.018000 0.212766
1 0.423000 0.319149 0.014000 0.212766
2 0.465000 0.553191 0.010000 0.042553
1 0.489000 0.500000 0.018000 0.234043
0 0.524000 0.542553 0.024000 0.148936
1 0.624000 0.595745 0.020000 0.170213
2 0.650000 0.563830 0.012000 0.021277
1 0.676000 0.446809 0.020000 0.212766
0 0.712000 0.521277 0.028000 0.191489
1 0.740000 0.595745 0.016000 0.212766
1 0.805000 0.648936 0.014000 0.276596
2 0.840000 0.553191 0.020000 0.042553
1 0.864000 0.500000 0.016000 0.234043
1 0.919000 0.627660 0.018000 0.234043
1 0.976000 0.606383 0.004000 0.191489
2 0.143000 0.542553 0.018000 0.191489
1 0.218000 0.329787 0.004000 0.191489
2 0.256000 0.531915 0.012000 0.170213
0 0.288000 0.510638 0.024000 0.170213
1 0.549000 0.617021 0.002000 0.170213
0 0.584000 0.542553 0.028000 0.191489
0 0.772000 0.542553 0.028000 0.191489
0 0.896000 0.553191 0.024000 0.170213
0 0.953000 0.531915 0.030000 0.212766