0 0.087000 0.422727 0.038000 0.354545
0 0.040000 0.781818 0.032000 0.236364
0 0.086000 0.840909 0.020000 0.118182
3 0.545000 0.431818 0.038000 0.409091
1 0.611000 0.590909 0.022000 0.109091
3 0.655000 0.627273 0.002000 0.018182
3 0.805000 0.618182 0.014000 0.072727
0 0.875000 0.640909 0.038000 0.390909
3 0.970000 0.500000 0.016000 0.381818
0 0.049000 0.231818 0.034000 0.281818
0 0.123000 0.427273 0.026000 0.127273
3 0.085000 0.590909 0.130000 0.018182
2 0.259000 0.522727 0.066000 0.100000
3 0.425000 0.454545 0.046000 0.418182
0 0.467000 0.545455 0.034000 0.163636
0 0.571000 0.563636 0.038000 0.309091
3 0.726000 0.568182 0.068000 0.009091
0 0.917000 0.595455 0.022000 0.136364