3 0.030000 0.556962 0.020000 0.632911
1 0.063000 0.500000 0.034000 0.215190
1 0.101000 0.531646 0.030000 0.354430
1 0.142000 0.525316 0.024000 0.316456
1 0.257000 0.443038 0.034000 0.227848
1 0.304000 0.417722 0.032000 0.253165
1 0.328000 0.455696 0.024000 0.253165
3 0.367000 0.443038 0.026000 0.632911
3 0.438000 0.462025 0.040000 0.215190
1 0.516000 0.411392 0.040000 0.265823
1 0.561000 0.443038 0.026000 0.278481
1 0.597000 0.468354 0.034000 0.379747
1 0.840000 0.455696 0.032000 0.227848
1 0.884000 0.487342 0.024000 0.215190
1 0.917000 0.462025 0.030000 0.215190
1 0.963000 0.455696 0.030000 0.227848
2 0.201000 0.531646 0.042000 0.151899
3 0.714000 0.481013 0.044000 0.379747