0 0.555000 0.321256 0.062000 0.207729
1 0.632000 0.388889 0.036000 0.082126
1 0.644000 0.101449 0.040000 0.106280
1 0.550000 0.908213 0.044000 0.086957
1 0.539000 0.618357 0.030000 0.106280
2 0.633000 0.809179 0.050000 0.014493
1 0.719000 0.748792 0.054000 0.144928
1 0.782000 0.753623 0.044000 0.164251
0 0.870000 0.830918 0.056000 0.193237
1 0.918000 0.628019 0.032000 0.096618
1 0.961000 0.847826 0.034000 0.120773
0 0.047000 0.468599 0.054000 0.386473
2 0.255000 0.495169 0.062000 0.072464
3 0.706000 0.531401 0.520000 0.057971
0 0.470000 0.801932 0.044000 0.183575