1 0.032000 0.544444 0.024000 0.422222
1 0.072000 0.566667 0.036000 0.333333
1 0.193000 0.477778 0.022000 0.511111
1 0.231000 0.522222 0.022000 0.466667
1 0.351000 0.488889 0.014000 0.400000
1 0.487000 0.466667 0.026000 0.488889
1 0.523000 0.500000 0.034000 0.422222
1 0.566000 0.500000 0.024000 0.466667
1 0.669000 0.466667 0.026000 0.444444
1 0.701000 0.511111 0.026000 0.400000
1 0.922000 0.433333 0.020000 0.422222
1 0.964000 0.477778 0.028000 0.422222
2 0.127000 0.622222 0.018000 0.266667
2 0.291000 0.600000 0.022000 0.222222
2 0.414000 0.588889 0.024000 0.244444
2 0.612000 0.600000 0.020000 0.044444
2 0.874000 0.533333 0.020000 0.044444
3 0.791000 0.588889 0.030000 0.288889