1 0.035000 0.525424 0.030000 0.542373
1 0.100000 0.457627 0.036000 0.372881
1 0.144000 0.474576 0.032000 0.474576
2 0.244000 0.440678 0.032000 0.033898
1 0.316000 0.449153 0.024000 0.491525
1 0.363000 0.516949 0.034000 0.593220
2 0.458000 0.550847 0.032000 0.050847
1 0.539000 0.474576 0.030000 0.440678
1 0.581000 0.457627 0.026000 0.372881
1 0.637000 0.423729 0.046000 0.474576
1 0.851000 0.483051 0.046000 0.423729
1 0.918000 0.491525 0.024000 0.440678
1 0.964000 0.466102 0.028000 0.355932
0 0.750000 0.457627 0.052000 0.576271