0 0.049000 0.327434 0.034000 0.141593
0 0.064000 0.694690 0.040000 0.185841
1 0.303000 0.309735 0.050000 0.212389
1 0.417000 0.296460 0.038000 0.203540
0 0.518000 0.353982 0.064000 0.123894
1 0.303000 0.787611 0.034000 0.230088
0 0.355000 0.681416 0.054000 0.088496
1 0.421000 0.747788 0.038000 0.221239
0 0.529000 0.747788 0.038000 0.238938
1 0.739000 0.261062 0.046000 0.238938
0 0.801000 0.159292 0.058000 0.106195
1 0.849000 0.300885 0.046000 0.212389
0 0.939000 0.345133 0.046000 0.106195
1 0.742000 0.800885 0.044000 0.203540
1 0.792000 0.805310 0.036000 0.159292
0 0.840000 0.668142 0.056000 0.079646
2 0.889000 0.690265 0.022000 0.088496
3 0.061000 0.508850 0.082000 0.044248
2 0.165000 0.473451 0.042000 0.097345
3 0.429000 0.539823 0.286000 0.035398
0 0.356000 0.172566 0.056000 0.097345
0 0.470000 0.172566 0.040000 0.168142
0 0.477000 0.641593 0.034000 0.150442
2 0.626000 0.473451 0.036000 0.079646
3 0.843000 0.566372 0.270000 0.070796
0 0.903000 0.176991 0.034000 0.141593
0 0.939000 0.654867 0.046000 0.141593