1 0.111000 0.192308 0.034000 0.196581
1 0.121000 0.606838 0.042000 0.136752
3 0.150000 0.760684 0.024000 0.239316
1 0.204000 0.619658 0.036000 0.179487
1 0.502000 0.320513 0.052000 0.282051
1 0.692000 0.175214 0.024000 0.179487
2 0.860000 0.367521 0.024000 0.017094
1 0.934000 0.269231 0.052000 0.213675
3 0.744000 0.576923 0.468000 0.042735
1 0.752000 0.807692 0.036000 0.196581
0 0.041000 0.423077 0.042000 0.333333
2 0.331000 0.491453 0.046000 0.111111
3 0.617000 0.380342 0.098000 0.162393
3 0.780000 0.282051 0.060000 0.222222