3 0.023000 0.512500 0.006000 0.425000
3 0.042000 0.512500 0.008000 0.375000
1 0.064000 0.487500 0.004000 0.225000
1 0.082000 0.487500 0.020000 0.275000
1 0.106000 0.487500 0.020000 0.275000
1 0.169000 0.500000 0.018000 0.300000
1 0.190000 0.525000 0.016000 0.300000
3 0.216000 0.487500 0.008000 0.375000
2 0.250000 0.512500 0.020000 0.225000
1 0.276000 0.500000 0.004000 0.300000
1 0.294000 0.500000 0.020000 0.300000
3 0.347000 0.475000 0.010000 0.450000
2 0.372000 0.487500 0.020000 0.025000
3 0.398000 0.525000 0.008000 0.400000
3 0.415000 0.550000 0.006000 0.400000
1 0.438000 0.487500 0.020000 0.325000
1 0.460000 0.487500 0.016000 0.325000
1 0.525000 0.475000 0.002000 0.200000
1 0.541000 0.475000 0.014000 0.300000
1 0.562000 0.512500 0.016000 0.275000
3 0.587000 0.512500 0.010000 0.375000
3 0.620000 0.525000 0.016000 0.200000
3 0.644000 0.537500 0.008000 0.375000
1 0.666000 0.512500 0.016000 0.225000
1 0.686000 0.525000 0.012000 0.250000
3 0.713000 0.550000 0.014000 0.200000
1 0.758000 0.512500 0.016000 0.325000
1 0.776000 0.487500 0.016000 0.275000
3 0.792000 0.475000 0.008000 0.350000
3 0.808000 0.462500 0.012000 0.375000
2 0.870000 0.487500 0.012000 0.025000
1 0.915000 0.487500 0.010000 0.275000
1 0.929000 0.500000 0.010000 0.250000
1 0.951000 0.525000 0.014000 0.200000
1 0.968000 0.500000 0.020000 0.250000
3 0.136000 0.512500 0.016000 0.225000
1 0.323000 0.500000 0.014000 0.250000
3 0.493000 0.487500 0.014000 0.325000
1 0.741000 0.500000 0.006000 0.250000
2 0.840000 0.562500 0.012000 0.125000
1 0.886000 0.462500 0.004000 0.275000
1 0.898000 0.450000 0.004000 0.250000
3 0.942000 0.625000 0.004000 0.050000