1 0.033000 0.591837 0.026000 0.326531
1 0.077000 0.581633 0.018000 0.346939
1 0.249000 0.500000 0.034000 0.346939
1 0.283000 0.489796 0.026000 0.326531
1 0.306000 0.530612 0.020000 0.326531
2 0.352000 0.520408 0.024000 0.510204
3 0.421000 0.500000 0.014000 0.591837
3 0.454000 0.479592 0.012000 0.510204
1 0.532000 0.510204 0.024000 0.326531
1 0.556000 0.530612 0.024000 0.244898
3 0.622000 0.581633 0.024000 0.224490
1 0.687000 0.530612 0.026000 0.326531
1 0.710000 0.510204 0.016000 0.285714
1 0.733000 0.489796 0.018000 0.285714
3 0.759000 0.479592 0.014000 0.428571
2 0.828000 0.500000 0.020000 0.265306
1 0.880000 0.520408 0.028000 0.387755
1 0.903000 0.540816 0.018000 0.306122
1 0.928000 0.540816 0.024000 0.306122
3 0.971000 0.520408 0.014000 0.551020
1 0.060000 0.591837 0.016000 0.326531
3 0.170000 0.520408 0.028000 0.428571
1 0.487000 0.479592 0.030000 0.346939