0 0.038000 0.742105 0.036000 0.178947
3 0.111000 0.610526 0.022000 0.547368
1 0.207000 0.384211 0.022000 0.178947
0 0.252000 0.405263 0.020000 0.157895
2 0.291000 0.426316 0.014000 0.115789
1 0.336000 0.321053 0.024000 0.242105
3 0.380000 0.536842 0.028000 0.715789
0 0.577000 0.710526 0.042000 0.200000
0 0.720000 0.721053 0.068000 0.200000
1 0.763000 0.357895 0.042000 0.189474
0 0.829000 0.352632 0.034000 0.221053
2 0.878000 0.352632 0.036000 0.178947
1 0.927000 0.305263 0.018000 0.210526
3 0.963000 0.442105 0.030000 0.673684
0 0.165000 0.736842 0.058000 0.168421
2 0.467000 0.721053 0.038000 0.136842
3 0.649000 0.578947 0.010000 0.547368