1 0.025000 0.552632 0.010000 0.298246
0 0.054000 0.587719 0.028000 0.228070
1 0.084000 0.385965 0.012000 0.175439
2 0.111000 0.605263 0.022000 0.017544
1 0.163000 0.552632 0.030000 0.228070
0 0.207000 0.543860 0.026000 0.280702
1 0.232000 0.377193 0.012000 0.122807
2 0.261000 0.552632 0.022000 0.228070
1 0.296000 0.578947 0.016000 0.245614
0 0.330000 0.561404 0.032000 0.280702
2 0.368000 0.587719 0.016000 0.017544
3 0.484000 0.500000 0.016000 0.473684
0 0.506000 0.543860 0.028000 0.280702
1 0.569000 0.561404 0.018000 0.245614
3 0.595000 0.517544 0.022000 0.543860
3 0.621000 0.482456 0.014000 0.578947
1 0.647000 0.491228 0.014000 0.315789
0 0.678000 0.543860 0.032000 0.315789
1 0.713000 0.280702 0.010000 0.140351
2 0.740000 0.535088 0.020000 0.192982
0 0.779000 0.535088 0.034000 0.403509
2 0.832000 0.561404 0.020000 0.210526
3 0.884000 0.491228 0.028000 0.631579
2 0.927000 0.552632 0.022000 0.228070
1 0.967000 0.535088 0.022000 0.228070
1 0.402000 0.526316 0.020000 0.245614
2 0.439000 0.587719 0.026000 0.122807
1 0.865000 0.570175 0.018000 0.192982