1 0.099000 0.325397 0.026000 0.333333
1 0.277000 0.555556 0.034000 0.507937
1 0.319000 0.563492 0.022000 0.492063
1 0.423000 0.325397 0.018000 0.333333
1 0.586000 0.523810 0.036000 0.571429
1 0.778000 0.476190 0.028000 0.476190
1 0.955000 0.666667 0.046000 0.349206
2 0.882000 0.714286 0.048000 0.190476
2 0.510000 0.563492 0.032000 0.015873
2 0.712000 0.619048 0.028000 0.031746
2 0.183000 0.587302 0.046000 0.476190
0 0.046000 0.611111 0.052000 0.333333
0 0.379000 0.650794 0.042000 0.317460
0 0.638000 0.642857 0.044000 0.301587