1 0.045000 0.528571 0.050000 0.485714
2 0.092000 0.557143 0.040000 0.600000
3 0.166000 0.478571 0.032000 0.671429
1 0.223000 0.564286 0.026000 0.442857
1 0.265000 0.528571 0.022000 0.371429
2 0.344000 0.535714 0.024000 0.185714
1 0.424000 0.485714 0.036000 0.457143
1 0.476000 0.507143 0.028000 0.357143
2 0.535000 0.557143 0.038000 0.200000
1 0.612000 0.500000 0.052000 0.400000
3 0.650000 0.464286 0.040000 0.642857
1 0.904000 0.607143 0.036000 0.300000
1 0.965000 0.521429 0.026000 0.357143
2 0.724000 0.600000 0.040000 0.228571
1 0.822000 0.478571 0.064000 0.385714
3 0.851000 0.700000 0.022000 0.171429