1 0.034000 0.380597 0.028000 0.462687
3 0.199000 0.440299 0.010000 0.522388
1 0.252000 0.462687 0.028000 0.328358
1 0.294000 0.477612 0.020000 0.328358
1 0.393000 0.470149 0.026000 0.343284
2 0.445000 0.477612 0.022000 0.029851
1 0.500000 0.417910 0.032000 0.328358
1 0.537000 0.388060 0.018000 0.388060
1 0.574000 0.470149 0.040000 0.283582
3 0.617000 0.477612 0.010000 0.417910
1 0.880000 0.447761 0.032000 0.268657
1 0.934000 0.410448 0.020000 0.343284
1 0.966000 0.455224 0.024000 0.283582
1 0.071000 0.402985 0.014000 0.417910
2 0.137000 0.500000 0.022000 0.671642
2 0.715000 0.544776 0.034000 0.104478
3 0.898000 0.679104 0.008000 0.194030