1 0.035000 0.539216 0.030000 0.411765
1 0.221000 0.401961 0.022000 0.176471
1 0.470000 0.549020 0.032000 0.352941
2 0.502000 0.617647 0.016000 0.019608
3 0.693000 0.450980 0.010000 0.509804
3 0.731000 0.460784 0.014000 0.450980
1 0.756000 0.490196 0.024000 0.392157
2 0.799000 0.598039 0.022000 0.254902
3 0.973000 0.568627 0.010000 0.431373
3 0.170000 0.627451 0.084000 0.235294
0 0.260000 0.656863 0.048000 0.215686
2 0.364000 0.656863 0.036000 0.137255
3 0.573000 0.607843 0.086000 0.235294
0 0.654000 0.607843 0.040000 0.196078
3 0.862000 0.617647 0.076000 0.254902
0 0.937000 0.617647 0.050000 0.254902
3 0.437000 0.480392 0.018000 0.568627