3 0.025000 0.500000 0.010000 0.500000
3 0.050000 0.500000 0.008000 0.454545
1 0.076000 0.477273 0.004000 0.272727
1 0.096000 0.477273 0.016000 0.272727
1 0.166000 0.522727 0.004000 0.318182
1 0.181000 0.545455 0.002000 0.318182
3 0.214000 0.522727 0.012000 0.454545
2 0.246000 0.545455 0.012000 0.045455
1 0.276000 0.534091 0.004000 0.250000
1 0.300000 0.545455 0.016000 0.318182
1 0.327000 0.545455 0.018000 0.318182
3 0.353000 0.477273 0.010000 0.454545
2 0.386000 0.556818 0.024000 0.250000
3 0.434000 0.454545 0.012000 0.454545
1 0.467000 0.477273 0.022000 0.318182
1 0.507000 0.477273 0.018000 0.318182
2 0.549000 0.511364 0.022000 0.022727
3 0.593000 0.465909 0.010000 0.340909
1 0.619000 0.522727 0.018000 0.318182
1 0.644000 0.511364 0.012000 0.295455
1 0.726000 0.511364 0.024000 0.295455
1 0.749000 0.511364 0.018000 0.250000
3 0.776000 0.511364 0.012000 0.477273
3 0.796000 0.500000 0.012000 0.500000
1 0.918000 0.545455 0.020000 0.318182
1 0.960000 0.556818 0.036000 0.295455
2 0.146000 0.522727 0.012000 0.409091
1 0.197000 0.568182 0.002000 0.227273
2 0.675000 0.534091 0.014000 0.386364
3 0.843000 0.579545 0.026000 0.386364