2 0.049000 0.368421 0.058000 0.026316
0 0.182000 0.605263 0.040000 0.526316
1 0.239000 0.572368 0.026000 0.276316
0 0.399000 0.506579 0.046000 0.539474
1 0.466000 0.559211 0.036000 0.276316
0 0.633000 0.486842 0.042000 0.578947
1 0.697000 0.605263 0.026000 0.342105
0 0.851000 0.546053 0.050000 0.539474
1 0.922000 0.664474 0.032000 0.302632
3 0.138000 0.421053 0.012000 0.394737
2 0.322000 0.427632 0.036000 0.328947
3 0.524000 0.414474 0.016000 0.565789
3 0.585000 0.401316 0.022000 0.539474
2 0.772000 0.414474 0.048000 0.302632
3 0.965000 0.506579 0.026000 0.644737