1 0.032000 0.532787 0.024000 0.344262
1 0.902000 0.516393 0.028000 0.377049
1 0.482000 0.565574 0.032000 0.377049
1 0.526000 0.606557 0.036000 0.295082
1 0.717000 0.598361 0.034000 0.278689
1 0.341000 0.516393 0.034000 0.344262
1 0.098000 0.581967 0.020000 0.344262
1 0.937000 0.549180 0.018000 0.409836
1 0.968000 0.540984 0.020000 0.426230
3 0.183000 0.663934 0.042000 0.311475
3 0.430000 0.647541 0.024000 0.245902
2 0.620000 0.663934 0.032000 0.016393
2 0.826000 0.688525 0.028000 0.032787
3 0.276000 0.442623 0.020000 0.557377
3 0.304000 0.500000 0.020000 0.508197
3 0.561000 0.524590 0.014000 0.459016
3 0.760000 0.508197 0.024000 0.557377
1 0.065000 0.573770 0.026000 0.327869
1 0.377000 0.557377 0.030000 0.393443
1 0.675000 0.590164 0.030000 0.426230