1 0.033000 0.465116 0.026000 0.325581
3 0.143000 0.488372 0.010000 0.511628
1 0.164000 0.488372 0.004000 0.279070
1 0.179000 0.476744 0.006000 0.255814
3 0.296000 0.488372 0.008000 0.418605
1 0.314000 0.476744 0.016000 0.255814
1 0.339000 0.453488 0.014000 0.255814
2 0.372000 0.488372 0.028000 0.279070
1 0.404000 0.511628 0.020000 0.279070
1 0.430000 0.500000 0.016000 0.302326
3 0.448000 0.488372 0.012000 0.418605
3 0.465000 0.488372 0.014000 0.465116
0 0.503000 0.558140 0.014000 0.186047
3 0.531000 0.511628 0.006000 0.465116
3 0.551000 0.500000 0.010000 0.441860
1 0.579000 0.488372 0.018000 0.232558
1 0.606000 0.476744 0.016000 0.255814
2 0.634000 0.488372 0.024000 0.232558
1 0.657000 0.500000 0.006000 0.255814
1 0.670000 0.511628 0.016000 0.325581
1 0.692000 0.441860 0.020000 0.279070
3 0.716000 0.441860 0.012000 0.418605
0 0.743000 0.558140 0.014000 0.232558
3 0.764000 0.476744 0.008000 0.441860
1 0.787000 0.476744 0.006000 0.255814
1 0.800000 0.453488 0.016000 0.302326
1 0.829000 0.453488 0.018000 0.302326
1 0.891000 0.441860 0.006000 0.279070
1 0.931000 0.418605 0.018000 0.279070
3 0.954000 0.476744 0.012000 0.488372
3 0.971000 0.476744 0.014000 0.488372
0 0.094000 0.418605 0.028000 0.372093
1 0.201000 0.488372 0.010000 0.279070
0 0.241000 0.511628 0.022000 0.325581
0 0.855000 0.476744 0.018000 0.348837
1 0.910000 0.430233 0.012000 0.302326