0 0.031000 0.382353 0.022000 0.176471
0 0.171000 0.362745 0.026000 0.215686
0 0.220000 0.377451 0.024000 0.264706
2 0.283000 0.446078 0.026000 0.009804
3 0.566000 0.460784 0.420000 0.058824
0 0.414000 0.235294 0.024000 0.254902
0 0.458000 0.250000 0.024000 0.245098
2 0.518000 0.299020 0.020000 0.009804
0 0.593000 0.200980 0.030000 0.205882
0 0.636000 0.250000 0.020000 0.245098
2 0.666000 0.318627 0.012000 0.009804
0 0.829000 0.401961 0.018000 0.352941
3 0.868000 0.382353 0.012000 0.235294
0 0.900000 0.372549 0.020000 0.176471
0 0.935000 0.397059 0.026000 0.264706
3 0.969000 0.446078 0.018000 0.284314
0 0.405000 0.715686 0.026000 0.294118
3 0.435000 0.715686 0.018000 0.196078
0 0.457000 0.696078 0.018000 0.196078
0 0.500000 0.686275 0.028000 0.235294
3 0.528000 0.720588 0.008000 0.245098
2 0.565000 0.759804 0.018000 0.029412
0 0.603000 0.730392 0.026000 0.343137
3 0.628000 0.730392 0.016000 0.186275
0 0.651000 0.730392 0.014000 0.186275
2 0.715000 0.818627 0.018000 0.009804
3 0.774000 0.740196 0.016000 0.284314
2 0.092000 0.421569 0.028000 0.098039
1 0.709000 0.259804 0.026000 0.166667
0 0.681000 0.740196 0.018000 0.264706
1 0.741000 0.769608 0.034000 0.166667