1 0.054000 0.156463 0.060000 0.176871
3 0.065000 0.391156 0.090000 0.020408
0 0.067000 0.585034 0.050000 0.176871
2 0.219000 0.391156 0.062000 0.006803
1 0.380000 0.217687 0.068000 0.204082
3 0.385000 0.438776 0.122000 0.034014
2 0.853000 0.227891 0.046000 0.020408
0 0.945000 0.210884 0.042000 0.122449
3 0.852000 0.462585 0.252000 0.068027
0 0.813000 0.656463 0.062000 0.142857
0 0.387000 0.687075 0.054000 0.326531
2 0.599000 0.408163 0.062000 0.149660
0 0.782000 0.295918 0.036000 0.306122
0 0.891000 0.744898 0.066000 0.374150