3 0.393000 0.500000 0.498000 0.733333
0 0.208000 0.420000 0.028000 0.306667
1 0.231000 0.280000 0.018000 0.133333
1 0.349000 0.320000 0.018000 0.133333
1 0.478000 0.293333 0.020000 0.133333
3 0.535000 0.586667 0.042000 0.480000
3 0.958000 0.586667 0.040000 0.480000
0 0.035000 0.486667 0.030000 0.173333
2 0.085000 0.526667 0.022000 0.066667
0 0.314000 0.486667 0.036000 0.146667
3 0.421000 0.440000 0.086000 0.240000
2 0.711000 0.453333 0.026000 0.213333
0 0.780000 0.480000 0.040000 0.133333
3 0.866000 0.466667 0.092000 0.186667