1 0.389000 0.879487 0.066000 0.117949
2 0.517000 0.523077 0.098000 0.051282
1 0.639000 0.458974 0.066000 0.261538
3 0.728000 0.441026 0.072000 0.410256
0 0.874000 0.548718 0.104000 0.174359
3 0.074000 0.479487 0.108000 0.323077
2 0.232000 0.174359 0.072000 0.184615
3 0.330000 0.128205 0.124000 0.153846
3 0.295000 0.474359 0.190000 0.405128
0 0.215000 0.856410 0.030000 0.184615
2 0.291000 0.841026 0.058000 0.010256
3 0.422000 0.466667 0.036000 0.338462
0 0.794000 0.184615 0.040000 0.215385
0 0.965000 0.551282 0.026000 0.241026