3 0.036000 0.568966 0.032000 0.482759
2 0.059000 0.620690 0.018000 0.034483
0 0.093000 0.637931 0.030000 0.206897
3 0.134000 0.517241 0.012000 0.413793
0 0.160000 0.431034 0.016000 0.206897
3 0.266000 0.517241 0.020000 0.413793
2 0.293000 0.543103 0.018000 0.017241
0 0.335000 0.594828 0.038000 0.189655
3 0.376000 0.500000 0.016000 0.448276
3 0.411000 0.594828 0.030000 0.258621
3 0.448000 0.517241 0.028000 0.448276
2 0.467000 0.543103 0.022000 0.017241
0 0.498000 0.586207 0.028000 0.172414
3 0.530000 0.474138 0.020000 0.500000
3 0.580000 0.551724 0.020000 0.275862
3 0.613000 0.474138 0.026000 0.431034
2 0.630000 0.525862 0.020000 0.017241
0 0.661000 0.534483 0.026000 0.206897
3 0.698000 0.405172 0.016000 0.431034
3 0.724000 0.517241 0.028000 0.241379
3 0.850000 0.517241 0.032000 0.241379
3 0.896000 0.379310 0.024000 0.379310
0 0.940000 0.422414 0.028000 0.155172
3 0.972000 0.379310 0.008000 0.413793
2 0.210000 0.620690 0.020000 0.103448
3 0.784000 0.568966 0.048000 0.068966