1 0.068000 0.552239 0.036000 0.477612
0 0.111000 0.656716 0.042000 0.208955
1 0.156000 0.417910 0.020000 0.179104
3 0.296000 0.500000 0.224000 0.701493
1 0.247000 0.537313 0.054000 0.358209
2 0.288000 0.611940 0.020000 0.268657
1 0.328000 0.574627 0.032000 0.343284
3 0.376000 0.529851 0.064000 0.402985
2 0.451000 0.641791 0.026000 0.268657
1 0.525000 0.552239 0.070000 0.477612
2 0.639000 0.634328 0.030000 0.044776
3 0.836000 0.485075 0.284000 0.611940
2 0.799000 0.589552 0.026000 0.223881
1 0.842000 0.567164 0.032000 0.328358
3 0.894000 0.522388 0.064000 0.388060
1 0.041000 0.485075 0.042000 0.522388
1 0.386000 0.574627 0.048000 0.313433
0 0.567000 0.686567 0.054000 0.208955
1 0.760000 0.552239 0.056000 0.328358
1 0.912000 0.567164 0.060000 0.328358