1 0.039000 0.388889 0.026000 0.200000
1 0.072000 0.427778 0.020000 0.144444
3 0.032000 0.394444 0.024000 0.344444
0 0.108000 0.494444 0.020000 0.100000
1 0.134000 0.577778 0.016000 0.200000
0 0.163000 0.500000 0.018000 0.088889
1 0.187000 0.622222 0.022000 0.177778
2 0.228000 0.472222 0.020000 0.033333
1 0.276000 0.400000 0.016000 0.222222
0 0.306000 0.461111 0.016000 0.100000
1 0.325000 0.288889 0.010000 0.133333
1 0.330000 0.588889 0.012000 0.200000
3 0.361000 0.444444 0.014000 0.400000
2 0.394000 0.394444 0.016000 0.166667
1 0.462000 0.372222 0.024000 0.188889
1 0.488000 0.400000 0.016000 0.133333
0 0.516000 0.483333 0.020000 0.100000
1 0.542000 0.533333 0.016000 0.155556
3 0.570000 0.422222 0.008000 0.311111
0 0.597000 0.472222 0.018000 0.122222
1 0.618000 0.555556 0.012000 0.133333
0 0.710000 0.305556 0.020000 0.100000
1 0.735000 0.366667 0.010000 0.155556
0 0.759000 0.300000 0.010000 0.111111
1 0.780000 0.372222 0.016000 0.144444
3 0.750000 0.550000 0.080000 0.011111
1 0.731000 0.761111 0.018000 0.166667
0 0.753000 0.788889 0.010000 0.066667
1 0.772000 0.794444 0.016000 0.166667
3 0.803000 0.438889 0.022000 0.588889
1 0.834000 0.194444 0.016000 0.166667
1 0.965000 0.394444 0.026000 0.188889
2 0.883000 0.494444 0.014000 0.100000