3 0.027000 0.478261 0.014000 0.434783
1 0.075000 0.467391 0.018000 0.282609
1 0.138000 0.445652 0.020000 0.326087
0 0.204000 0.597826 0.028000 0.326087
3 0.284000 0.467391 0.012000 0.369565
1 0.351000 0.434783 0.022000 0.217391
1 0.509000 0.402174 0.026000 0.282609
1 0.542000 0.434783 0.024000 0.304348
1 0.573000 0.434783 0.018000 0.347826
3 0.617000 0.489130 0.010000 0.543478
3 0.635000 0.467391 0.010000 0.413043
2 0.706000 0.565217 0.024000 0.043478
1 0.750000 0.423913 0.032000 0.282609
1 0.787000 0.445652 0.022000 0.326087
1 0.106000 0.456522 0.024000 0.347826
1 0.315000 0.456522 0.030000 0.260870
0 0.431000 0.510870 0.038000 0.369565
0 0.857000 0.434783 0.042000 0.391304
1 0.926000 0.402174 0.024000 0.369565
1 0.965000 0.434783 0.026000 0.304348