1 0.046000 0.490909 0.052000 0.509091
1 0.355000 0.463636 0.058000 0.490909
1 0.610000 0.472727 0.044000 0.472727
1 0.665000 0.463636 0.042000 0.418182
1 0.100000 0.572727 0.032000 0.309091
1 0.879000 0.481818 0.022000 0.454545
1 0.144000 0.545455 0.036000 0.509091
1 0.715000 0.509091 0.038000 0.509091
1 0.414000 0.463636 0.020000 0.418182
1 0.464000 0.500000 0.024000 0.490909
1 0.950000 0.481818 0.056000 0.600000
3 0.226000 0.509091 0.064000 0.581818
2 0.536000 0.518182 0.048000 0.381818
2 0.809000 0.454545 0.034000 0.472727