1 0.047000 0.454545 0.054000 0.545455
1 0.114000 0.424242 0.024000 0.515152
1 0.156000 0.446970 0.028000 0.469697
3 0.377000 0.424242 0.018000 0.545455
1 0.409000 0.568182 0.034000 0.348485
1 0.455000 0.522727 0.030000 0.409091
1 0.661000 0.500000 0.034000 0.424242
1 0.703000 0.545455 0.026000 0.363636
1 0.745000 0.537879 0.042000 0.348485
3 0.774000 0.515152 0.024000 0.636364
2 0.849000 0.537879 0.022000 0.045455
1 0.924000 0.522727 0.036000 0.378788
1 0.956000 0.568182 0.044000 0.378788
0 0.268000 0.500000 0.044000 0.484848
0 0.562000 0.575758 0.060000 0.363636