0 0.029000 0.573770 0.018000 0.524590
3 0.057000 0.508197 0.006000 0.229508
0 0.080000 0.524590 0.012000 0.098361
2 0.132000 0.532787 0.008000 0.114754
0 0.159000 0.475410 0.010000 0.229508
2 0.225000 0.532787 0.010000 0.114754
0 0.247000 0.532787 0.010000 0.081967
3 0.293000 0.459016 0.006000 0.360656
1 0.390000 0.286885 0.020000 0.114754
2 0.417000 0.319672 0.010000 0.114754
2 0.540000 0.327869 0.012000 0.098361
3 0.468000 0.581967 0.228000 0.081967
1 0.471000 0.737705 0.018000 0.163934
3 0.608000 0.516393 0.008000 0.245902
0 0.634000 0.508197 0.012000 0.065574
2 0.674000 0.524590 0.012000 0.131148
0 0.692000 0.500000 0.008000 0.147541
2 0.742000 0.540984 0.008000 0.098361
0 0.757000 0.540984 0.010000 0.065574
0 0.786000 0.483607 0.028000 0.213115
3 0.811000 0.516393 0.006000 0.409836
1 0.840000 0.327869 0.012000 0.131148
2 0.860000 0.352459 0.008000 0.016393
2 0.901000 0.303279 0.010000 0.016393
2 0.942000 0.286885 0.012000 0.016393
0 0.962000 0.270492 0.012000 0.147541
3 0.904000 0.549180 0.148000 0.049180
1 0.900000 0.688525 0.016000 0.131148
0 0.103000 0.459016 0.010000 0.163934
0 0.188000 0.590164 0.012000 0.327869
0 0.267000 0.508197 0.010000 0.163934
2 0.319000 0.524590 0.010000 0.065574
0 0.440000 0.270492 0.012000 0.147541
2 0.469000 0.311475 0.006000 0.098361
0 0.508000 0.352459 0.016000 0.311475
0 0.559000 0.311475 0.010000 0.131148
0 0.653000 0.475410 0.006000 0.163934
0 0.711000 0.590164 0.014000 0.295082
0 0.883000 0.245902 0.010000 0.163934
0 0.921000 0.344262 0.010000 0.327869