1 0.031000 0.459016 0.022000 0.196721
1 0.063000 0.459016 0.014000 0.229508
0 0.101000 0.647541 0.014000 0.114754
1 0.122000 0.663934 0.012000 0.180328
0 0.149000 0.680328 0.018000 0.147541
1 0.169000 0.737705 0.018000 0.131148
1 0.183000 0.540984 0.014000 0.131148
2 0.226000 0.483607 0.024000 0.016393
1 0.251000 0.467213 0.010000 0.180328
1 0.275000 0.459016 0.014000 0.131148
1 0.295000 0.475410 0.022000 0.131148
0 0.304000 0.655738 0.012000 0.131148
1 0.322000 0.721311 0.012000 0.196721
0 0.342000 0.680328 0.016000 0.114754
1 0.360000 0.745902 0.012000 0.180328
0 0.378000 0.672131 0.012000 0.131148
1 0.398000 0.762295 0.012000 0.114754
2 0.419000 0.516393 0.022000 0.147541
1 0.448000 0.459016 0.012000 0.196721
1 0.471000 0.467213 0.014000 0.213115
0 0.496000 0.500000 0.016000 0.147541
1 0.512000 0.655738 0.012000 0.163934
1 0.515000 0.237705 0.010000 0.147541
2 0.542000 0.483607 0.020000 0.016393
1 0.572000 0.459016 0.016000 0.229508
1 0.598000 0.483607 0.016000 0.147541
0 0.611000 0.639344 0.014000 0.131148
0 0.652000 0.647541 0.016000 0.147541
1 0.669000 0.729508 0.010000 0.147541
0 0.689000 0.639344 0.014000 0.131148
1 0.706000 0.729508 0.016000 0.180328
2 0.737000 0.508197 0.018000 0.163934
1 0.768000 0.459016 0.020000 0.196721
1 0.790000 0.459016 0.012000 0.163934
0 0.839000 0.500000 0.018000 0.147541
1 0.863000 0.278689 0.014000 0.131148
0 0.887000 0.491803 0.018000 0.098361
1 0.909000 0.549180 0.014000 0.114754
1 0.968000 0.450820 0.020000 0.147541
1 0.092000 0.475410 0.028000 0.163934
1 0.629000 0.713115 0.022000 0.114754
1 0.811000 0.459016 0.030000 0.163934
2 0.938000 0.508197 0.020000 0.065574
1 0.855000 0.639344 0.030000 0.163934