0 0.046000 0.396694 0.052000 0.181818
0 0.110000 0.495868 0.032000 0.099174
0 0.356000 0.297521 0.048000 0.280992
0 0.410000 0.450413 0.036000 0.107438
2 0.528000 0.442149 0.060000 0.024793
1 0.707000 0.206612 0.074000 0.247934
3 0.797000 0.450413 0.362000 0.057851
1 0.646000 0.706612 0.056000 0.223140
3 0.719000 0.719008 0.022000 0.247934
0 0.763000 0.752066 0.030000 0.132231
2 0.830000 0.756198 0.048000 0.157025
1 0.899000 0.714876 0.046000 0.157025
3 0.950000 0.739669 0.024000 0.355372
2 0.215000 0.458678 0.066000 0.107438