1 0.044000 0.578947 0.048000 0.552632
2 0.113000 0.638158 0.038000 0.355263
1 0.186000 0.572368 0.036000 0.355263
2 0.253000 0.657895 0.030000 0.236842
1 0.318000 0.552632 0.040000 0.447368
2 0.385000 0.657895 0.034000 0.263158
2 0.556000 0.631579 0.032000 0.315789
3 0.644000 0.546053 0.012000 0.539474
0 0.688000 0.598684 0.036000 0.197368
2 0.746000 0.572368 0.024000 0.039474
1 0.783000 0.513158 0.006000 0.263158
3 0.810000 0.421053 0.028000 0.578947
2 0.891000 0.611842 0.034000 0.381579
0 0.955000 0.638158 0.046000 0.197368
0 0.486000 0.717105 0.056000 0.065789