3 0.027000 0.459677 0.014000 0.596774
1 0.061000 0.435484 0.030000 0.387097
1 0.087000 0.451613 0.022000 0.354839
2 0.149000 0.508065 0.022000 0.048387
1 0.196000 0.443548 0.028000 0.370968
1 0.226000 0.435484 0.012000 0.419355
2 0.289000 0.548387 0.022000 0.258065
1 0.350000 0.443548 0.032000 0.435484
1 0.389000 0.475806 0.034000 0.435484
1 0.418000 0.443548 0.020000 0.403226
3 0.442000 0.540323 0.012000 0.564516
0 0.500000 0.508065 0.020000 0.209677
1 0.562000 0.419355 0.020000 0.387097
1 0.585000 0.451613 0.022000 0.387097
2 0.805000 0.459677 0.018000 0.048387
1 0.845000 0.500000 0.030000 0.387097
1 0.880000 0.435484 0.016000 0.451613
1 0.901000 0.483871 0.014000 0.419355
1 0.923000 0.459677 0.018000 0.338710
1 0.960000 0.435484 0.036000 0.387097
0 0.709000 0.443548 0.042000 0.467742