1 0.038000 0.490566 0.036000 0.377358
1 0.115000 0.518868 0.022000 0.396226
2 0.167000 0.547170 0.022000 0.264151
1 0.230000 0.443396 0.024000 0.396226
1 0.300000 0.424528 0.028000 0.433962
2 0.376000 0.650943 0.028000 0.320755
1 0.433000 0.424528 0.026000 0.471698
1 0.461000 0.471698 0.030000 0.452830
2 0.552000 0.490566 0.032000 0.037736
1 0.649000 0.415094 0.030000 0.415094
1 0.882000 0.433962 0.016000 0.415094
1 0.080000 0.424528 0.028000 0.471698
1 0.267000 0.481132 0.026000 0.471698
1 0.681000 0.386792 0.018000 0.358491
0 0.803000 0.471698 0.034000 0.566038
1 0.915000 0.433962 0.034000 0.452830
1 0.957000 0.462264 0.042000 0.547170