3 0.098000 0.452055 0.016000 0.465753
1 0.205000 0.226027 0.018000 0.150685
2 0.259000 0.472603 0.034000 0.205479
0 0.315000 0.609589 0.046000 0.506849
1 0.360000 0.246575 0.008000 0.136986
3 0.381000 0.479452 0.018000 0.493151
2 0.443000 0.506849 0.026000 0.027397
1 0.503000 0.424658 0.002000 0.273973
1 0.532000 0.458904 0.028000 0.205479
3 0.576000 0.404110 0.024000 0.534247
1 0.655000 0.315068 0.010000 0.164384
2 0.698000 0.513699 0.028000 0.041096
0 0.755000 0.582192 0.046000 0.452055
1 0.803000 0.301370 0.010000 0.164384
3 0.828000 0.506849 0.020000 0.575342
1 0.955000 0.506849 0.046000 0.246575
0 0.039000 0.486301 0.038000 0.205479
0 0.161000 0.506849 0.042000 0.191781
0 0.620000 0.520548 0.036000 0.191781
2 0.889000 0.582192 0.034000 0.095890