3 0.036000 0.492308 0.032000 0.553846
1 0.066000 0.523077 0.036000 0.276923
3 0.202000 0.392308 0.008000 0.476923
3 0.227000 0.461538 0.030000 0.523077
2 0.310000 0.500000 0.024000 0.046154
0 0.335000 0.584615 0.022000 0.184615
3 0.385000 0.461538 0.018000 0.523077
3 0.523000 0.461538 0.038000 0.523077
2 0.558000 0.469231 0.028000 0.015385
1 0.583000 0.530769 0.030000 0.200000
2 0.642000 0.523077 0.016000 0.030769
3 0.715000 0.430769 0.014000 0.492308
0 0.756000 0.584615 0.036000 0.215385
2 0.810000 0.553846 0.032000 0.215385
0 0.878000 0.430769 0.028000 0.461538
2 0.922000 0.492308 0.044000 0.184615
0 0.960000 0.546154 0.036000 0.230769
0 0.151000 0.569231 0.030000 0.553846
0 0.256000 0.561538 0.036000 0.200000
2 0.472000 0.553846 0.028000 0.123077
0 0.674000 0.592308 0.028000 0.446154
0 0.843000 0.584615 0.030000 0.523077