1 0.030000 0.441176 0.020000 0.450980
1 0.065000 0.480392 0.030000 0.411765
2 0.129000 0.558824 0.018000 0.019608
1 0.186000 0.529412 0.032000 0.392157
1 0.231000 0.519608 0.038000 0.372549
2 0.290000 0.588235 0.036000 0.274510
1 0.339000 0.470588 0.034000 0.352941
1 0.386000 0.441176 0.040000 0.333333
1 0.422000 0.539216 0.032000 0.215686
2 0.481000 0.598039 0.026000 0.019608
1 0.528000 0.529412 0.040000 0.352941
1 0.572000 0.450980 0.028000 0.352941
1 0.604000 0.500000 0.028000 0.372549
2 0.662000 0.558824 0.044000 0.215686
1 0.719000 0.431373 0.038000 0.431373
1 0.750000 0.431373 0.028000 0.392157
1 0.916000 0.441176 0.048000 0.450980
1 0.960000 0.411765 0.036000 0.431373
3 0.832000 0.539216 0.036000 0.529412