1 0.038000 0.510417 0.036000 0.437500
1 0.087000 0.468750 0.026000 0.437500
1 0.134000 0.489583 0.028000 0.312500
2 0.202000 0.583333 0.040000 0.333333
1 0.267000 0.427083 0.026000 0.395833
2 0.341000 0.552083 0.042000 0.270833
1 0.403000 0.427083 0.026000 0.354167
1 0.450000 0.447917 0.028000 0.270833
2 0.550000 0.552083 0.040000 0.270833
1 0.612000 0.427083 0.028000 0.312500
1 0.661000 0.427083 0.018000 0.354167
1 0.697000 0.406250 0.014000 0.312500
1 0.846000 0.427083 0.020000 0.437500
1 0.902000 0.468750 0.032000 0.437500
1 0.962000 0.468750 0.032000 0.354167
0 0.764000 0.541667 0.036000 0.458333