3 0.023000 0.375000 0.006000 0.357143
1 0.057000 0.482143 0.010000 0.107143
3 0.073000 0.535714 0.006000 0.178571
1 0.112000 0.455357 0.008000 0.125000
3 0.128000 0.544643 0.004000 0.160714
1 0.170000 0.482143 0.008000 0.142857
3 0.184000 0.526786 0.004000 0.160714
2 0.277000 0.428571 0.018000 0.142857
3 0.311000 0.383929 0.010000 0.410714
0 0.333000 0.526786 0.014000 0.303571
3 0.358000 0.526786 0.004000 0.125000
0 0.377000 0.526786 0.014000 0.303571
1 0.385000 0.660714 0.010000 0.107143
3 0.408000 0.562500 0.004000 0.125000
0 0.429000 0.500000 0.010000 0.250000
1 0.440000 0.687500 0.008000 0.160714
3 0.587000 0.482143 0.010000 0.607143
2 0.641000 0.455357 0.014000 0.089286
0 0.659000 0.535714 0.014000 0.285714
1 0.671000 0.633929 0.002000 0.160714
3 0.684000 0.580357 0.004000 0.125000
1 0.723000 0.517857 0.006000 0.071429
2 0.741000 0.455357 0.010000 0.089286
0 0.757000 0.571429 0.014000 0.321429
1 0.770000 0.678571 0.008000 0.107143
1 0.834000 0.508929 0.004000 0.125000
2 0.854000 0.437500 0.016000 0.089286
0 0.876000 0.491071 0.012000 0.303571
1 0.887000 0.598214 0.006000 0.089286
3 0.906000 0.562500 0.004000 0.160714
0 0.038000 0.401786 0.020000 0.125000
0 0.097000 0.375000 0.018000 0.107143
0 0.152000 0.383929 0.020000 0.125000
0 0.215000 0.428571 0.030000 0.035714
3 0.246000 0.419643 0.008000 0.410714
1 0.345000 0.616071 0.002000 0.089286
3 0.458000 0.580357 0.004000 0.125000
3 0.493000 0.517857 0.030000 0.035714
3 0.531000 0.526786 0.010000 0.589286
2 0.557000 0.437500 0.010000 0.017857
0 0.607000 0.446429 0.022000 0.142857
0 0.701000 0.464286 0.022000 0.107143
3 0.789000 0.553571 0.002000 0.178571
0 0.814000 0.446429 0.020000 0.107143
3 0.939000 0.473214 0.038000 0.053571
3 0.973000 0.473214 0.010000 0.482143