0 0.053000 0.364865 0.066000 0.148649
1 0.078000 0.209459 0.032000 0.148649
2 0.154000 0.354730 0.064000 0.155405
0 0.248000 0.381757 0.036000 0.222973
1 0.268000 0.148649 0.052000 0.162162
0 0.140000 0.817568 0.048000 0.108108
1 0.163000 0.682432 0.034000 0.135135
2 0.369000 0.500000 0.054000 0.013514
0 0.520000 0.422297 0.056000 0.141892
1 0.553000 0.250000 0.050000 0.108108
0 0.513000 0.844595 0.042000 0.162162
1 0.558000 0.702703 0.036000 0.094595
2 0.635000 0.500000 0.050000 0.027027
1 0.719000 0.469595 0.026000 0.141892
1 0.957000 0.395270 0.038000 0.141892
2 0.850000 0.439189 0.084000 0.081081
3 0.149000 0.547297 0.186000 0.040541
3 0.513000 0.597973 0.070000 0.033784