3 0.026000 0.542254 0.012000 0.605634
1 0.059000 0.549296 0.018000 0.366197
1 0.089000 0.535211 0.026000 0.281690
2 0.135000 0.584507 0.018000 0.211268
3 0.174000 0.542254 0.016000 0.492958
1 0.199000 0.605634 0.022000 0.309859
1 0.225000 0.563380 0.022000 0.253521
1 0.253000 0.591549 0.018000 0.253521
1 0.340000 0.598592 0.024000 0.295775
1 0.371000 0.626761 0.026000 0.154930
3 0.394000 0.549296 0.028000 0.450704
3 0.448000 0.563380 0.028000 0.253521
1 0.502000 0.471831 0.024000 0.352113
1 0.544000 0.471831 0.024000 0.352113
3 0.582000 0.492958 0.020000 0.704225
1 0.835000 0.387324 0.026000 0.408451
1 0.922000 0.464789 0.028000 0.338028
1 0.956000 0.436620 0.044000 0.422535
3 0.296000 0.669014 0.004000 0.183099
3 0.693000 0.535211 0.034000 0.422535
1 0.878000 0.443662 0.044000 0.436620