1 0.031000 0.532609 0.022000 0.282609
3 0.117000 0.500000 0.014000 0.391304
1 0.150000 0.500000 0.020000 0.391304
1 0.176000 0.510870 0.016000 0.326087
2 0.211000 0.554348 0.018000 0.021739
1 0.236000 0.521739 0.012000 0.347826
1 0.266000 0.510870 0.012000 0.369565
1 0.291000 0.532609 0.014000 0.326087
2 0.324000 0.543478 0.016000 0.217391
1 0.358000 0.543478 0.012000 0.347826
1 0.380000 0.543478 0.016000 0.260870
2 0.404000 0.554348 0.008000 0.021739
1 0.431000 0.543478 0.014000 0.260870
3 0.452000 0.445652 0.012000 0.456522
2 0.492000 0.510870 0.020000 0.239130
3 0.524000 0.500000 0.012000 0.391304
3 0.545000 0.500000 0.010000 0.304348
1 0.566000 0.510870 0.016000 0.282609
1 0.590000 0.510870 0.016000 0.282609
3 0.624000 0.608696 0.028000 0.217391
1 0.656000 0.543478 0.012000 0.304348
1 0.711000 0.543478 0.014000 0.347826
3 0.734000 0.521739 0.008000 0.478261
3 0.791000 0.543478 0.010000 0.347826
1 0.822000 0.510870 0.016000 0.282609
2 0.899000 0.565217 0.014000 0.217391
1 0.945000 0.554348 0.018000 0.239130
3 0.960000 0.478261 0.008000 0.391304
3 0.973000 0.467391 0.010000 0.456522
3 0.076000 0.532609 0.020000 0.369565
1 0.683000 0.543478 0.018000 0.304348
2 0.766000 0.521739 0.008000 0.434783
1 0.842000 0.510870 0.012000 0.369565
1 0.923000 0.500000 0.018000 0.304348
1 0.869000 0.510870 0.014000 0.369565