0 0.029000 0.638158 0.018000 0.328947
1 0.043000 0.710526 0.022000 0.184211
2 0.090000 0.532895 0.024000 0.171053
0 0.142000 0.598684 0.024000 0.407895
1 0.164000 0.690789 0.020000 0.197368
2 0.227000 0.493421 0.022000 0.197368
0 0.271000 0.618421 0.018000 0.342105
1 0.296000 0.717105 0.020000 0.223684
0 0.441000 0.677632 0.026000 0.381579
1 0.452000 0.769737 0.020000 0.144737
1 0.498000 0.269737 0.024000 0.223684
2 0.553000 0.440789 0.030000 0.197368
0 0.594000 0.585526 0.024000 0.355263
1 0.604000 0.690789 0.016000 0.197368
1 0.636000 0.269737 0.016000 0.276316
2 0.693000 0.500000 0.018000 0.184211
0 0.751000 0.572368 0.022000 0.302632
1 0.770000 0.703947 0.024000 0.250000
1 0.811000 0.296053 0.026000 0.276316
1 0.958000 0.381579 0.040000 0.342105
2 0.356000 0.592105 0.028000 0.105263
2 0.895000 0.546053 0.026000 0.118421