3 0.034000 0.433824 0.028000 0.573529
0 0.078000 0.536765 0.032000 0.132353
1 0.103000 0.279412 0.018000 0.117647
3 0.125000 0.720588 0.010000 0.147059
1 0.202000 0.316176 0.020000 0.161765
3 0.244000 0.691176 0.008000 0.147059
1 0.341000 0.323529 0.018000 0.176471
3 0.384000 0.669118 0.012000 0.220588
1 0.462000 0.301471 0.016000 0.191176
3 0.655000 0.500000 0.038000 0.705882
0 0.683000 0.463235 0.022000 0.279412
3 0.698000 0.705882 0.008000 0.117647
0 0.741000 0.514706 0.026000 0.235294
3 0.777000 0.647059 0.018000 0.235294
3 0.872000 0.691176 0.020000 0.205882
0 0.173000 0.558824 0.034000 0.205882
0 0.308000 0.544118 0.032000 0.205882
0 0.432000 0.536765 0.036000 0.161765
3 0.483000 0.455882 0.022000 0.617647
2 0.531000 0.544118 0.018000 0.117647
3 0.838000 0.463235 0.052000 0.338235
3 0.935000 0.485294 0.034000 0.558824
3 0.964000 0.477941 0.028000 0.661765