0 0.073000 0.326923 0.034000 0.326923
0 0.120000 0.336538 0.024000 0.230769
3 0.147000 0.317308 0.034000 0.346154
3 0.032000 0.370192 0.024000 0.355769
1 0.183000 0.225962 0.022000 0.125000
1 0.315000 0.663462 0.030000 0.211538
0 0.363000 0.788462 0.030000 0.211538
3 0.412000 0.668269 0.016000 0.298077
3 0.545000 0.673077 0.018000 0.288462
3 0.630000 0.697115 0.036000 0.298077
2 0.696000 0.769231 0.016000 0.019231
3 0.837000 0.658654 0.014000 0.298077
3 0.879000 0.687500 0.034000 0.201923
1 0.912000 0.802885 0.016000 0.048077
3 0.935000 0.692308 0.026000 0.288462
3 0.964000 0.668269 0.028000 0.298077
3 0.625000 0.475962 0.662000 0.067308
0 0.572000 0.264423 0.024000 0.336538
3 0.622000 0.288462 0.016000 0.307692
0 0.658000 0.293269 0.020000 0.278846
3 0.730000 0.307692 0.032000 0.307692
1 0.756000 0.187500 0.028000 0.125000
2 0.248000 0.418269 0.016000 0.105769
3 0.701000 0.298077 0.030000 0.230769
3 0.478000 0.745192 0.076000 0.125000
3 0.587000 0.682692 0.042000 0.211538
3 0.771000 0.701923 0.078000 0.134615