1 0.021000 0.385246 0.002000 0.442623
1 0.234000 0.385246 0.004000 0.377049
3 0.339000 0.500000 0.018000 0.442623
3 0.371000 0.557377 0.018000 0.393443
1 0.410000 0.467213 0.004000 0.311475
1 0.437000 0.491803 0.022000 0.360656
1 0.477000 0.475410 0.034000 0.327869
2 0.529000 0.491803 0.038000 0.032787
1 0.568000 0.475410 0.008000 0.360656
1 0.585000 0.467213 0.006000 0.311475
1 0.621000 0.508197 0.030000 0.262295
3 0.647000 0.426230 0.022000 0.524590
3 0.759000 0.483607 0.022000 0.475410
1 0.806000 0.500000 0.032000 0.344262
1 0.850000 0.467213 0.028000 0.344262
0 0.899000 0.565574 0.026000 0.180328
1 0.929000 0.508197 0.002000 0.262295
3 0.946000 0.426230 0.016000 0.360656
3 0.968000 0.442623 0.020000 0.557377
1 0.043000 0.426230 0.006000 0.327869
1 0.077000 0.393443 0.026000 0.360656
0 0.134000 0.409836 0.036000 0.393443
1 0.194000 0.426230 0.036000 0.360656
0 0.283000 0.590164 0.038000 0.327869
0 0.709000 0.614754 0.034000 0.409836