3 0.032000 0.431034 0.024000 0.482759
1 0.069000 0.431034 0.026000 0.344828
1 0.244000 0.439655 0.024000 0.362069
1 0.653000 0.474138 0.030000 0.327586
1 0.134000 0.491379 0.040000 0.362069
1 0.276000 0.500000 0.032000 0.344828
1 0.738000 0.551724 0.040000 0.344828
1 0.950000 0.534483 0.056000 0.344828
1 0.101000 0.474138 0.026000 0.362069
1 0.406000 0.551724 0.028000 0.344828
1 0.451000 0.577586 0.026000 0.431034
1 0.689000 0.551724 0.026000 0.275862
3 0.564000 0.586207 0.092000 0.344828
3 0.794000 0.637931 0.048000 0.344828
2 0.365000 0.594828 0.030000 0.051724
2 0.899000 0.681034 0.030000 0.017241
3 0.489000 0.465517 0.026000 0.586207
1 0.310000 0.508621 0.020000 0.396552
2 0.192000 0.568966 0.028000 0.241379