3 0.021000 0.536364 0.002000 0.563636
1 0.051000 0.536364 0.018000 0.381818
1 0.086000 0.527273 0.016000 0.363636
1 0.113000 0.572727 0.018000 0.309091
2 0.158000 0.600000 0.020000 0.145455
3 0.193000 0.527273 0.014000 0.472727
1 0.245000 0.572727 0.018000 0.272727
2 0.272000 0.509091 0.016000 0.472727
1 0.304000 0.572727 0.020000 0.309091
1 0.334000 0.581818 0.024000 0.327273
3 0.355000 0.472727 0.010000 0.545455
3 0.374000 0.490909 0.012000 0.618182
2 0.409000 0.663636 0.014000 0.018182
3 0.458000 0.500000 0.008000 0.527273
1 0.522000 0.536364 0.024000 0.309091
2 0.555000 0.518182 0.018000 0.490909
3 0.579000 0.518182 0.010000 0.454545
1 0.605000 0.536364 0.018000 0.272727
1 0.634000 0.563636 0.020000 0.290909
2 0.660000 0.500000 0.020000 0.454545
1 0.682000 0.554545 0.016000 0.345455
3 0.711000 0.481818 0.010000 0.490909
1 0.818000 0.445455 0.020000 0.345455
1 0.848000 0.518182 0.020000 0.309091
1 0.880000 0.481818 0.016000 0.381818
1 0.929000 0.527273 0.022000 0.327273
1 0.965000 0.500000 0.026000 0.454545
1 0.216000 0.545455 0.012000 0.218182
1 0.488000 0.509091 0.028000 0.254545
3 0.736000 0.463636 0.008000 0.563636
2 0.770000 0.600000 0.016000 0.145455