0 0.032000 0.816327 0.024000 0.142857
3 0.261000 0.428571 0.026000 0.408163
0 0.307000 0.530612 0.038000 0.122449
0 0.354000 0.602041 0.032000 0.142857
2 0.438000 0.525510 0.032000 0.030612
0 0.532000 0.505102 0.048000 0.173469
0 0.584000 0.602041 0.032000 0.122449
2 0.629000 0.596939 0.014000 0.010204
1 0.664000 0.602041 0.020000 0.142857
3 0.712000 0.403061 0.020000 0.602041
0 0.126000 0.408163 0.140000 0.367347
3 0.085000 0.790816 0.046000 0.193878
3 0.177000 0.775510 0.070000 0.142857
2 0.834000 0.540816 0.032000 0.122449
0 0.953000 0.408163 0.050000 0.448980