0 0.039000 0.424242 0.038000 0.202020
0 0.218000 0.333333 0.036000 0.121212
0 0.269000 0.262626 0.042000 0.242424
3 0.309000 0.267677 0.014000 0.272727
0 0.358000 0.323232 0.024000 0.121212
2 0.402000 0.318182 0.024000 0.010101
0 0.458000 0.292929 0.028000 0.202020
3 0.488000 0.277778 0.020000 0.272727
2 0.537000 0.308081 0.026000 0.010101
0 0.626000 0.303030 0.028000 0.121212
0 0.654000 0.257576 0.032000 0.252525
3 0.710000 0.277778 0.012000 0.272727
0 0.761000 0.303030 0.034000 0.121212
2 0.814000 0.297980 0.032000 0.010101
0 0.861000 0.227273 0.034000 0.212121
3 0.896000 0.242424 0.024000 0.282828
3 0.591000 0.474747 0.774000 0.080808
0 0.439000 0.757576 0.034000 0.242424
0 0.486000 0.808081 0.032000 0.101010
2 0.543000 0.752525 0.034000 0.010101
0 0.608000 0.803030 0.036000 0.131313
0 0.653000 0.737374 0.030000 0.303030
2 0.111000 0.459596 0.034000 0.090909