3 0.260000 0.330508 0.028000 0.457627
0 0.347000 0.394068 0.050000 0.194915
1 0.407000 0.436441 0.026000 0.161017
0 0.466000 0.449153 0.032000 0.101695
2 0.531000 0.432203 0.042000 0.152542
1 0.572000 0.364407 0.024000 0.220339
3 0.610000 0.360169 0.028000 0.449153
0 0.068000 0.834746 0.032000 0.161017
2 0.236000 0.834746 0.032000 0.127119
3 0.292000 0.847458 0.064000 0.084746
2 0.813000 0.389831 0.050000 0.033898
3 0.913000 0.432203 0.130000 0.118644
3 0.093000 0.300847 0.146000 0.432203
3 0.149000 0.822034 0.090000 0.101695
2 0.695000 0.415254 0.046000 0.118644