3 0.025000 0.376923 0.010000 0.446154
3 0.059000 0.392308 0.018000 0.446154
1 0.084000 0.392308 0.004000 0.261538
1 0.120000 0.384615 0.024000 0.338462
1 0.151000 0.438462 0.026000 0.323077
2 0.201000 0.438462 0.026000 0.015385
1 0.254000 0.430769 0.032000 0.338462
1 0.299000 0.469231 0.022000 0.323077
3 0.340000 0.430769 0.016000 0.461538
2 0.394000 0.384615 0.032000 0.461538
1 0.432000 0.400000 0.004000 0.307692
1 0.470000 0.407692 0.032000 0.323077
3 0.556000 0.423077 0.024000 0.507692
2 0.616000 0.384615 0.028000 0.400000
1 0.649000 0.392308 0.006000 0.384615
1 0.686000 0.423077 0.024000 0.384615
1 0.728000 0.400000 0.028000 0.338462
1 0.957000 0.469231 0.042000 0.261538
1 0.518000 0.430769 0.028000 0.338462
3 0.841000 0.523077 0.046000 0.646154