0 0.037000 0.632353 0.034000 0.460784
0 0.259000 0.671569 0.030000 0.441176
0 0.312000 0.666667 0.032000 0.450980
0 0.353000 0.495098 0.030000 0.166667
0 0.398000 0.411765 0.036000 0.450980
3 0.481000 0.338235 0.034000 0.480392
0 0.586000 0.598039 0.028000 0.176471
2 0.653000 0.480392 0.030000 0.019608
3 0.861000 0.642157 0.010000 0.127451
3 0.966000 0.377451 0.020000 0.441176
2 0.135000 0.573529 0.050000 0.147059
0 0.532000 0.426471 0.064000 0.186275
0 0.749000 0.431373 0.062000 0.176471
0 0.817000 0.637255 0.038000 0.235294
0 0.896000 0.539216 0.060000 0.156863