0 0.188000 0.521978 0.024000 0.230769
3 0.213000 0.582418 0.022000 0.461538
3 0.039000 0.620879 0.038000 0.516484
1 0.223000 0.208791 0.018000 0.197802
1 0.495000 0.296703 0.030000 0.175824
1 0.692000 0.489011 0.040000 0.230769
0 0.799000 0.439560 0.034000 0.263736
0 0.942000 0.423077 0.044000 0.274725
1 0.957000 0.219780 0.042000 0.197802
0 0.069000 0.609890 0.038000 0.164835
2 0.126000 0.571429 0.040000 0.241758
2 0.328000 0.576923 0.052000 0.120879
0 0.478000 0.543956 0.036000 0.186813
0 0.759000 0.461538 0.030000 0.153846
2 0.595000 0.521978 0.058000 0.230769
2 0.881000 0.434066 0.042000 0.208791