3 0.030000 0.540698 0.020000 0.639535
0 0.103000 0.598837 0.062000 0.267442
2 0.170000 0.546512 0.028000 0.255814
1 0.236000 0.505814 0.032000 0.383721
3 0.259000 0.552326 0.026000 0.639535
1 0.309000 0.267442 0.038000 0.279070
2 0.382000 0.546512 0.036000 0.023256
3 0.474000 0.465116 0.024000 0.581395
0 0.540000 0.552326 0.048000 0.267442
2 0.613000 0.523256 0.026000 0.023256
1 0.672000 0.500000 0.036000 0.325581
3 0.738000 0.546512 0.020000 0.651163
1 0.784000 0.244186 0.028000 0.255814
1 0.953000 0.593023 0.050000 0.232558
2 0.850000 0.627907 0.040000 0.093023