2 0.043000 0.321739 0.046000 0.017391
0 0.118000 0.265217 0.044000 0.339130
1 0.159000 0.165217 0.022000 0.086957
1 0.169000 0.421739 0.018000 0.095652
2 0.237000 0.352174 0.034000 0.217391
0 0.304000 0.278261 0.044000 0.295652
1 0.346000 0.178261 0.020000 0.095652
1 0.360000 0.391304 0.028000 0.086957
3 0.246000 0.573913 0.336000 0.052174
0 0.226000 0.756522 0.040000 0.260870
1 0.278000 0.860870 0.016000 0.104348
0 0.714000 0.247826 0.044000 0.321739
1 0.763000 0.330435 0.018000 0.104348
0 0.592000 0.708696 0.040000 0.286957
1 0.642000 0.791304 0.020000 0.086957
0 0.691000 0.682609 0.042000 0.269565
1 0.733000 0.791304 0.018000 0.104348
2 0.788000 0.743478 0.024000 0.008696
0 0.839000 0.660870 0.042000 0.295652
1 0.882000 0.765217 0.024000 0.069565
0 0.931000 0.643478 0.038000 0.295652
1 0.970000 0.756522 0.016000 0.069565
2 0.480000 0.517391 0.036000 0.060870
3 0.767000 0.500000 0.418000 0.043478