1 0.032000 0.560606 0.024000 0.303030
1 0.072000 0.598485 0.024000 0.409091
1 0.113000 0.530303 0.022000 0.333333
0 0.185000 0.621212 0.026000 0.181818
3 0.246000 0.575758 0.012000 0.545455
1 0.280000 0.590909 0.016000 0.272727
1 0.310000 0.583333 0.020000 0.227273
1 0.345000 0.560606 0.018000 0.242424
2 0.391000 0.590909 0.026000 0.181818
1 0.443000 0.545455 0.018000 0.272727
1 0.468000 0.575758 0.024000 0.242424
1 0.516000 0.545455 0.024000 0.242424
2 0.566000 0.583333 0.020000 0.015152
1 0.601000 0.537879 0.018000 0.257576
1 0.627000 0.530303 0.018000 0.303030
1 0.664000 0.500000 0.020000 0.242424
3 0.689000 0.446970 0.022000 0.590909
1 0.824000 0.515152 0.016000 0.272727
1 0.850000 0.492424 0.016000 0.227273
1 0.886000 0.537879 0.036000 0.227273
1 0.926000 0.553030 0.028000 0.318182
1 0.962000 0.537879 0.032000 0.227273
2 0.752000 0.583333 0.024000 0.106061