3 0.038000 0.500000 0.004000 0.428571
1 0.054000 0.489796 0.020000 0.326531
1 0.074000 0.479592 0.020000 0.306122
1 0.098000 0.489796 0.020000 0.367347
1 0.160000 0.520408 0.020000 0.346939
1 0.191000 0.540816 0.022000 0.387755
3 0.217000 0.489796 0.010000 0.448980
2 0.237000 0.540816 0.018000 0.020408
1 0.308000 0.510204 0.020000 0.367347
1 0.336000 0.530612 0.024000 0.408163
1 0.410000 0.500000 0.028000 0.387755
1 0.444000 0.510204 0.028000 0.326531
1 0.475000 0.551020 0.022000 0.326531
3 0.506000 0.459184 0.012000 0.428571
1 0.614000 0.500000 0.020000 0.387755
1 0.673000 0.510204 0.030000 0.326531
1 0.820000 0.500000 0.024000 0.346939
1 0.862000 0.479592 0.028000 0.387755
1 0.933000 0.530612 0.022000 0.367347
1 0.965000 0.469388 0.026000 0.367347
3 0.024000 0.479592 0.008000 0.551020
2 0.131000 0.551020 0.022000 0.204082
3 0.267000 0.469388 0.010000 0.489796
1 0.282000 0.520408 0.024000 0.346939
0 0.374000 0.612245 0.016000 0.204082
3 0.523000 0.428571 0.006000 0.448980
2 0.569000 0.500000 0.026000 0.265306
2 0.725000 0.530612 0.018000 0.122449
2 0.773000 0.510204 0.022000 0.040816
1 0.640000 0.469388 0.016000 0.326531
1 0.904000 0.551020 0.028000 0.448980