2 0.164000 0.573770 0.040000 0.065574
3 0.232000 0.459016 0.020000 0.459016
1 0.259000 0.459016 0.034000 0.426230
2 0.327000 0.459016 0.030000 0.491803
1 0.370000 0.500000 0.028000 0.409836
3 0.438000 0.549180 0.028000 0.377049
1 0.547000 0.549180 0.034000 0.475410
1 0.598000 0.467213 0.012000 0.508197
3 0.626000 0.450820 0.016000 0.540984
3 0.655000 0.500000 0.014000 0.672131
3 0.352000 0.475410 0.024000 0.622951
2 0.855000 0.549180 0.034000 0.081967
1 0.962000 0.442623 0.032000 0.459016
1 0.040000 0.540984 0.040000 0.459016
1 0.088000 0.549180 0.032000 0.409836
1 0.287000 0.450820 0.030000 0.344262
1 0.498000 0.532787 0.028000 0.409836
3 0.740000 0.483607 0.052000 0.606557
1 0.915000 0.401639 0.034000 0.442623