3 0.026000 0.523256 0.012000 0.488372
2 0.124000 0.476744 0.020000 0.023256
3 0.161000 0.500000 0.014000 0.395349
1 0.183000 0.488372 0.006000 0.232558
1 0.202000 0.500000 0.016000 0.255814
1 0.222000 0.476744 0.016000 0.302326
3 0.259000 0.523256 0.018000 0.209302
1 0.286000 0.488372 0.008000 0.279070
1 0.306000 0.523256 0.020000 0.255814
3 0.325000 0.488372 0.014000 0.418605
3 0.351000 0.488372 0.018000 0.465116
3 0.423000 0.488372 0.006000 0.372093
3 0.448000 0.500000 0.012000 0.395349
1 0.497000 0.453488 0.022000 0.302326
3 0.521000 0.523256 0.014000 0.255814
1 0.552000 0.488372 0.020000 0.279070
1 0.576000 0.476744 0.024000 0.302326
3 0.599000 0.500000 0.014000 0.441860
2 0.627000 0.500000 0.014000 0.023256
3 0.656000 0.476744 0.008000 0.395349
1 0.699000 0.476744 0.018000 0.302326
3 0.725000 0.534884 0.014000 0.232558
1 0.761000 0.430233 0.018000 0.255814
1 0.782000 0.441860 0.008000 0.325581
3 0.801000 0.476744 0.014000 0.395349
3 0.822000 0.441860 0.008000 0.418605
1 0.911000 0.465116 0.018000 0.325581
1 0.954000 0.476744 0.020000 0.348837
1 0.969000 0.418605 0.018000 0.325581
1 0.058000 0.465116 0.016000 0.279070
1 0.085000 0.465116 0.022000 0.232558
2 0.390000 0.488372 0.012000 0.418605
1 0.471000 0.476744 0.014000 0.302326
1 0.673000 0.465116 0.014000 0.279070
2 0.857000 0.511628 0.014000 0.139535
3 0.930000 0.639535 0.004000 0.116279