1 0.116000 0.300000 0.020000 0.200000
3 0.136000 0.481818 0.012000 0.309091
0 0.164000 0.527273 0.028000 0.145455
3 0.193000 0.481818 0.010000 0.309091
3 0.214000 0.472727 0.012000 0.363636
1 0.244000 0.481818 0.020000 0.236364
1 0.398000 0.336364 0.024000 0.163636
3 0.419000 0.481818 0.006000 0.272727
0 0.446000 0.618182 0.024000 0.363636
3 0.471000 0.527273 0.006000 0.436364
3 0.488000 0.490909 0.012000 0.436364
1 0.636000 0.354545 0.020000 0.200000
3 0.656000 0.463636 0.008000 0.272727
0 0.686000 0.590909 0.024000 0.309091
3 0.712000 0.527273 0.008000 0.436364
3 0.735000 0.509091 0.010000 0.400000
1 0.759000 0.490909 0.022000 0.218182
2 0.796000 0.554545 0.028000 0.018182
1 0.891000 0.345455 0.018000 0.181818
3 0.911000 0.481818 0.006000 0.272727
0 0.932000 0.481818 0.024000 0.127273
3 0.956000 0.463636 0.008000 0.200000
3 0.972000 0.427273 0.012000 0.490909
0 0.057000 0.500000 0.074000 0.236364
0 0.351000 0.472727 0.062000 0.290909
2 0.524000 0.572727 0.028000 0.090909
0 0.592000 0.490909 0.056000 0.218182
0 0.847000 0.509091 0.058000 0.254545