0 0.040000 0.540268 0.040000 0.530201
3 0.078000 0.516779 0.012000 0.241611
0 0.121000 0.526846 0.058000 0.140940
3 0.158000 0.526846 0.020000 0.261745
3 0.445000 0.439597 0.082000 0.422819
0 0.369000 0.872483 0.042000 0.107383
2 0.462000 0.892617 0.028000 0.013423
0 0.554000 0.473154 0.064000 0.127517
0 0.615000 0.510067 0.046000 0.093960
3 0.682000 0.459732 0.020000 0.382550
0 0.723000 0.493289 0.058000 0.154362
2 0.794000 0.489933 0.032000 0.013423
0 0.867000 0.500000 0.058000 0.127517
3 0.907000 0.479866 0.022000 0.355705
0 0.951000 0.338926 0.054000 0.073826
2 0.241000 0.486577 0.038000 0.087248
2 0.394000 0.097315 0.036000 0.060403
3 0.452000 0.114094 0.052000 0.093960
2 0.417000 0.889262 0.022000 0.046980
3 0.532000 0.872483 0.064000 0.120805