0 0.059000 0.503937 0.078000 0.566929
3 0.111000 0.480315 0.030000 0.472441
0 0.159000 0.515748 0.054000 0.165354
3 0.191000 0.484252 0.046000 0.527559
3 0.422000 0.464567 0.120000 0.346457
0 0.379000 0.854331 0.062000 0.133858
1 0.507000 0.803150 0.038000 0.125984
3 0.426000 0.153543 0.076000 0.149606
0 0.568000 0.511811 0.076000 0.141732
0 0.649000 0.413386 0.062000 0.086614
0 0.706000 0.527559 0.040000 0.157480
3 0.763000 0.437008 0.014000 0.338583
1 0.807000 0.484252 0.038000 0.212598
0 0.863000 0.330709 0.062000 0.062992
3 0.962000 0.405512 0.032000 0.433071
2 0.286000 0.551181 0.068000 0.094488
2 0.442000 0.854331 0.048000 0.102362
0 0.910000 0.484252 0.060000 0.102362