1 0.050000 0.309302 0.060000 0.162791
2 0.132000 0.318605 0.040000 0.079070
1 0.253000 0.190698 0.030000 0.130233
3 0.252000 0.300000 0.040000 0.013953
1 0.249000 0.411628 0.042000 0.116279
2 0.415000 0.286047 0.042000 0.088372
1 0.518000 0.174419 0.032000 0.144186
3 0.511000 0.290698 0.058000 0.023256
1 0.490000 0.395349 0.024000 0.093023
1 0.541000 0.404651 0.038000 0.055814
1 0.659000 0.165116 0.026000 0.106977
2 0.710000 0.246512 0.024000 0.065116
1 0.802000 0.127907 0.044000 0.162791
3 0.808000 0.260465 0.048000 0.027907
1 0.774000 0.365116 0.028000 0.106977
1 0.826000 0.388372 0.032000 0.069767
1 0.959000 0.123256 0.038000 0.134884
3 0.496000 0.518605 0.944000 0.060465
1 0.226000 0.737209 0.052000 0.209302
2 0.314000 0.774419 0.048000 0.023256
3 0.439000 0.790698 0.062000 0.027907
2 0.624000 0.751163 0.044000 0.088372
3 0.746000 0.753488 0.064000 0.018605
1 0.773000 0.904651 0.038000 0.079070
1 0.905000 0.634884 0.030000 0.144186
0 0.334000 0.320930 0.064000 0.083721
0 0.611000 0.274419 0.058000 0.074419
0 0.907000 0.220930 0.062000 0.079070
1 0.442000 0.888372 0.048000 0.120930
0 0.527000 0.765116 0.066000 0.097674
1 0.724000 0.888372 0.032000 0.111628
0 0.861000 0.723256 0.070000 0.097674
1 0.443000 0.651163 0.058000 0.167442
1 0.748000 0.627907 0.076000 0.204651