0 0.039000 0.357955 0.038000 0.488636
0 0.086000 0.528409 0.028000 0.443182
0 0.117000 0.573864 0.034000 0.193182
0 0.307000 0.403409 0.046000 0.465909
0 0.360000 0.534091 0.032000 0.272727
0 0.392000 0.625000 0.020000 0.159091
2 0.480000 0.539773 0.052000 0.215909
0 0.595000 0.414773 0.046000 0.556818
0 0.646000 0.607955 0.024000 0.556818
0 0.677000 0.642045 0.042000 0.215909
2 0.764000 0.579545 0.036000 0.022727
0 0.856000 0.539773 0.040000 0.352273
0 0.959000 0.710227 0.038000 0.193182
2 0.197000 0.465909 0.026000 0.113636
0 0.909000 0.596591 0.030000 0.375000