0 0.032000 0.658228 0.024000 0.151899
0 0.153000 0.632911 0.022000 0.151899
3 0.183000 0.563291 0.010000 0.341772
1 0.207000 0.582278 0.018000 0.202532
2 0.241000 0.594937 0.022000 0.101266
3 0.281000 0.582278 0.010000 0.354430
2 0.361000 0.607595 0.018000 0.025316
1 0.387000 0.582278 0.018000 0.177215
3 0.410000 0.582278 0.020000 0.405063
2 0.454000 0.613924 0.028000 0.139241
3 0.500000 0.405063 0.012000 0.278481
2 0.569000 0.398734 0.014000 0.012658
3 0.611000 0.354430 0.014000 0.278481
1 0.640000 0.215190 0.016000 0.177215
3 0.562000 0.569620 0.116000 0.075949
1 0.559000 0.740506 0.022000 0.164557
2 0.682000 0.569620 0.028000 0.126582
3 0.765000 0.613924 0.010000 0.291139
3 0.780000 0.620253 0.008000 0.253165
0 0.811000 0.658228 0.030000 0.101266
2 0.847000 0.620253 0.018000 0.025316
1 0.878000 0.588608 0.024000 0.215190
3 0.901000 0.575949 0.014000 0.291139
1 0.930000 0.373418 0.016000 0.164557
3 0.943000 0.575949 0.026000 0.392405
3 0.961000 0.607595 0.034000 0.506329
0 0.056000 0.525316 0.028000 0.113924
2 0.092000 0.632911 0.016000 0.101266
0 0.318000 0.620253 0.032000 0.151899
0 0.531000 0.430380 0.034000 0.126582
1 0.596000 0.367089 0.020000 0.151899
0 0.740000 0.658228 0.024000 0.101266