3 0.022000 0.477778 0.004000 0.422222
1 0.047000 0.466667 0.014000 0.222222
1 0.067000 0.488889 0.010000 0.266667
1 0.090000 0.466667 0.012000 0.266667
2 0.136000 0.511111 0.016000 0.044444
1 0.189000 0.511111 0.010000 0.222222
1 0.208000 0.511111 0.008000 0.222222
2 0.241000 0.511111 0.010000 0.044444
1 0.276000 0.455556 0.020000 0.244444
1 0.295000 0.477778 0.010000 0.244444
1 0.316000 0.522222 0.012000 0.244444
2 0.350000 0.533333 0.016000 0.177778
1 0.375000 0.533333 0.014000 0.222222
1 0.390000 0.555556 0.012000 0.222222
1 0.407000 0.555556 0.014000 0.177778
3 0.433000 0.511111 0.010000 0.533333
2 0.459000 0.466667 0.022000 0.488889
3 0.483000 0.500000 0.014000 0.466667
3 0.501000 0.511111 0.014000 0.488889
1 0.521000 0.511111 0.014000 0.311111
1 0.551000 0.466667 0.018000 0.266667
2 0.587000 0.544444 0.014000 0.022222
1 0.614000 0.544444 0.016000 0.200000
1 0.635000 0.511111 0.014000 0.222222
1 0.650000 0.533333 0.012000 0.311111
3 0.666000 0.500000 0.008000 0.511111
2 0.700000 0.533333 0.020000 0.222222
3 0.721000 0.466667 0.006000 0.400000
1 0.749000 0.444444 0.014000 0.266667
1 0.773000 0.422222 0.018000 0.177778
3 0.802000 0.466667 0.020000 0.133333
1 0.817000 0.455556 0.014000 0.200000
1 0.837000 0.444444 0.018000 0.177778
3 0.850000 0.444444 0.008000 0.355556
3 0.861000 0.455556 0.010000 0.377778
1 0.928000 0.477778 0.012000 0.111111
1 0.950000 0.511111 0.012000 0.177778
1 0.969000 0.544444 0.018000 0.288889
1 0.176000 0.511111 0.008000 0.222222
2 0.890000 0.511111 0.012000 0.088889
3 0.934000 0.611111 0.008000 0.066667