2 0.189000 0.858333 0.026000 0.016667
0 0.353000 0.320833 0.042000 0.475000
3 0.393000 0.295833 0.014000 0.191667
0 0.420000 0.308333 0.032000 0.066667
3 0.453000 0.275000 0.026000 0.216667
3 0.416000 0.575000 0.144000 0.016667
3 0.105000 0.425000 0.170000 0.433333
0 0.064000 0.850000 0.036000 0.133333
3 0.123000 0.858333 0.046000 0.100000
3 0.238000 0.858333 0.056000 0.100000
0 0.403000 0.737500 0.050000 0.125000
2 0.663000 0.545833 0.042000 0.108333
3 0.856000 0.454167 0.048000 0.241667
3 0.939000 0.520833 0.078000 0.175000