0 0.043000 0.269608 0.034000 0.343137
0 0.092000 0.343137 0.024000 0.137255
0 0.130000 0.372549 0.024000 0.117647
3 0.180000 0.284314 0.020000 0.313725
0 0.213000 0.377451 0.026000 0.107843
3 0.246000 0.274510 0.016000 0.313725
3 0.154000 0.524510 0.268000 0.049020
0 0.129000 0.745098 0.034000 0.294118
0 0.175000 0.818627 0.026000 0.127451
2 0.496000 0.411765 0.024000 0.019608
0 0.545000 0.421569 0.046000 0.196078
0 0.598000 0.436275 0.028000 0.127451
3 0.660000 0.362745 0.020000 0.274510
0 0.694000 0.441176 0.028000 0.137255
3 0.734000 0.323529 0.016000 0.352941
0 0.799000 0.338235 0.030000 0.343137
0 0.845000 0.421569 0.026000 0.117647
3 0.896000 0.318627 0.012000 0.382353
0 0.927000 0.421569 0.026000 0.137255
3 0.969000 0.323529 0.018000 0.431373
2 0.383000 0.406863 0.030000 0.088235