1 0.061000 0.539474 0.030000 0.421053
1 0.104000 0.500000 0.036000 0.342105
2 0.149000 0.546053 0.042000 0.513158
1 0.198000 0.539474 0.036000 0.394737
3 0.239000 0.493421 0.030000 0.486842
3 0.340000 0.539474 0.028000 0.210526
1 0.429000 0.513158 0.026000 0.394737
1 0.481000 0.473684 0.030000 0.368421
1 0.739000 0.493421 0.050000 0.302632
1 0.804000 0.526316 0.060000 0.342105
1 0.862000 0.539474 0.028000 0.368421
1 0.939000 0.500000 0.078000 0.421053
3 0.036000 0.506579 0.032000 0.697368
3 0.618000 0.447368 0.072000 0.631579