1 0.023000 0.460000 0.006000 0.440000
1 0.059000 0.490000 0.042000 0.460000
1 0.104000 0.510000 0.028000 0.380000
3 0.200000 0.520000 0.016000 0.480000
3 0.227000 0.560000 0.018000 0.440000
1 0.261000 0.520000 0.006000 0.320000
1 0.286000 0.550000 0.024000 0.420000
1 0.318000 0.520000 0.020000 0.440000
0 0.367000 0.610000 0.026000 0.300000
1 0.404000 0.540000 0.004000 0.320000
3 0.483000 0.490000 0.014000 0.580000
2 0.527000 0.630000 0.022000 0.020000
3 0.558000 0.530000 0.016000 0.500000
1 0.581000 0.560000 0.006000 0.360000
1 0.640000 0.580000 0.024000 0.440000
2 0.681000 0.590000 0.026000 0.060000
1 0.713000 0.530000 0.006000 0.340000
1 0.746000 0.510000 0.016000 0.380000
1 0.772000 0.520000 0.020000 0.360000
3 0.796000 0.480000 0.012000 0.480000
3 0.825000 0.490000 0.018000 0.580000
0 0.879000 0.580000 0.038000 0.240000
1 0.917000 0.500000 0.010000 0.280000
1 0.964000 0.530000 0.028000 0.300000
0 0.158000 0.510000 0.036000 0.340000
1 0.449000 0.560000 0.018000 0.440000
1 0.610000 0.550000 0.032000 0.340000
1 0.939000 0.500000 0.006000 0.280000