0 0.044000 0.471264 0.048000 0.160920
0 0.420000 0.264368 0.028000 0.298851
2 0.472000 0.310345 0.024000 0.022989
0 0.537000 0.264368 0.030000 0.275862
1 0.577000 0.344828 0.022000 0.091954
0 0.500000 0.758621 0.052000 0.229885
0 0.769000 0.339080 0.054000 0.149425
2 0.840000 0.350575 0.028000 0.011494
3 0.849000 0.540230 0.258000 0.022989
0 0.838000 0.735632 0.064000 0.206897
2 0.153000 0.482759 0.038000 0.114943
0 0.305000 0.459770 0.078000 0.160920
1 0.359000 0.574713 0.022000 0.137931
3 0.494000 0.517241 0.216000 0.045977
2 0.670000 0.477011 0.044000 0.103448
0 0.898000 0.287356 0.048000 0.183908
1 0.929000 0.373563 0.026000 0.126437