0 0.052000 0.644366 0.064000 0.401408
3 0.144000 0.517606 0.036000 0.359155
0 0.217000 0.552817 0.070000 0.133803
3 0.272000 0.538732 0.044000 0.443662
3 0.557000 0.475352 0.110000 0.401408
3 0.544000 0.151408 0.084000 0.161972
0 0.521000 0.845070 0.034000 0.098592
1 0.643000 0.845070 0.042000 0.154930
0 0.750000 0.654930 0.052000 0.338028
0 0.807000 0.647887 0.030000 0.070423
0 0.898000 0.566901 0.064000 0.147887
0 0.959000 0.401408 0.038000 0.070423
2 0.384000 0.602113 0.056000 0.119718
2 0.582000 0.873239 0.040000 0.098592