3 0.077000 0.491667 0.014000 0.616667
0 0.119000 0.416667 0.018000 0.400000
3 0.146000 0.725000 0.012000 0.083333
3 0.246000 0.508333 0.012000 0.550000
0 0.280000 0.558333 0.016000 0.216667
3 0.320000 0.600000 0.012000 0.200000
0 0.375000 0.525000 0.042000 0.250000
3 0.418000 0.541667 0.020000 0.550000
3 0.451000 0.500000 0.022000 0.666667
3 0.676000 0.491667 0.012000 0.616667
2 0.773000 0.525000 0.034000 0.216667
0 0.836000 0.491667 0.024000 0.350000
3 0.867000 0.691667 0.014000 0.150000
0 0.921000 0.541667 0.046000 0.250000
3 0.966000 0.466667 0.024000 0.533333
3 0.040000 0.541667 0.040000 0.550000
3 0.200000 0.533333 0.040000 0.500000
2 0.549000 0.566667 0.042000 0.166667
3 0.623000 0.558333 0.046000 0.483333
0 0.718000 0.400000 0.024000 0.433333