1 0.081000 0.500000 0.054000 0.485714
2 0.175000 0.642857 0.038000 0.057143
0 0.268000 0.528571 0.052000 0.342857
1 0.454000 0.357143 0.028000 0.257143
3 0.521000 0.514286 0.014000 0.600000
1 0.579000 0.492857 0.046000 0.471429
2 0.656000 0.550000 0.044000 0.357143
0 0.743000 0.564286 0.050000 0.300000
3 0.801000 0.492857 0.026000 0.614286
1 0.962000 0.335714 0.032000 0.385714
3 0.028000 0.571429 0.016000 0.571429
3 0.328000 0.514286 0.020000 0.628571
0 0.366000 0.328571 0.028000 0.228571
2 0.915000 0.392857 0.038000 0.357143
0 0.861000 0.442857 0.050000 0.600000
2 0.409000 0.342857 0.026000 0.200000