1 0.035000 0.202128 0.030000 0.219858
2 0.125000 0.234043 0.042000 0.113475
3 0.427000 0.280142 0.474000 0.021277
1 0.204000 0.464539 0.036000 0.177305
2 0.269000 0.464539 0.026000 0.120567
3 0.474000 0.478723 0.292000 0.035461
1 0.330000 0.599291 0.024000 0.106383
2 0.385000 0.595745 0.022000 0.099291
3 0.481000 0.638298 0.130000 0.014184
1 0.427000 0.734043 0.018000 0.120567
2 0.462000 0.730496 0.020000 0.085106
3 0.518000 0.787234 0.068000 0.014184
1 0.473000 0.861702 0.022000 0.078014
2 0.504000 0.868794 0.020000 0.063830
1 0.538000 0.836879 0.008000 0.056738
1 0.571000 0.882979 0.022000 0.078014
1 0.857000 0.177305 0.018000 0.141844
1 0.910000 0.173759 0.036000 0.163121
1 0.950000 0.191489 0.028000 0.141844
3 0.892000 0.379433 0.172000 0.021277
1 0.874000 0.531915 0.028000 0.141844
1 0.925000 0.535461 0.026000 0.163121
1 0.363000 0.124113 0.050000 0.106383
1 0.451000 0.397163 0.038000 0.113475
1 0.494000 0.560284 0.032000 0.085106
1 0.520000 0.705674 0.028000 0.063830
3 0.554000 0.872340 0.012000 0.085106
2 0.747000 0.241135 0.042000 0.085106