3 0.066000 0.495763 0.092000 0.822034
1 0.208000 0.292373 0.032000 0.211864
3 0.211000 0.461864 0.098000 0.025424
3 0.223000 0.622881 0.014000 0.194915
0 0.247000 0.750000 0.034000 0.211864
0 0.346000 0.300847 0.024000 0.279661
0 0.377000 0.474576 0.038000 0.271186
3 0.649000 0.432203 0.078000 0.661017
0 0.720000 0.444915 0.044000 0.296610
3 0.774000 0.292373 0.020000 0.262712
3 0.842000 0.317797 0.012000 0.296610
0 0.905000 0.296610 0.022000 0.254237
0 0.185000 0.631356 0.030000 0.211864
3 0.281000 0.622881 0.010000 0.262712
2 0.526000 0.351695 0.028000 0.093220
0 0.810000 0.347458 0.040000 0.118644
0 0.953000 0.355932 0.050000 0.101695