1 0.111000 0.179688 0.030000 0.125000
0 0.234000 0.351562 0.032000 0.250000
1 0.283000 0.187500 0.026000 0.140625
3 0.166000 0.574219 0.292000 0.039062
0 0.135000 0.847656 0.046000 0.117188
1 0.187000 0.753906 0.038000 0.132812
0 0.491000 0.335938 0.050000 0.234375
1 0.551000 0.148438 0.038000 0.140625
3 0.505000 0.558594 0.134000 0.007812
0 0.479000 0.843750 0.050000 0.156250
1 0.538000 0.738281 0.036000 0.132812
1 0.744000 0.453125 0.044000 0.343750
1 0.949000 0.476562 0.058000 0.296875
0 0.065000 0.289062 0.054000 0.171875
2 0.151000 0.328125 0.042000 0.125000
2 0.386000 0.511719 0.032000 0.007812
2 0.651000 0.550781 0.038000 0.164062
2 0.869000 0.519531 0.030000 0.085938