0 0.034000 0.494186 0.028000 0.151163
0 0.093000 0.505814 0.050000 0.127907
3 0.156000 0.465116 0.020000 0.302326
0 0.195000 0.575581 0.022000 0.267442
3 0.239000 0.465116 0.026000 0.325581
1 0.459000 0.459302 0.034000 0.197674
1 0.494000 0.511628 0.028000 0.139535
3 0.787000 0.418605 0.034000 0.604651
0 0.835000 0.279070 0.018000 0.186047
3 0.850000 0.540698 0.096000 0.034884
1 0.835000 0.732558 0.026000 0.116279
2 0.876000 0.773256 0.020000 0.011628
0 0.909000 0.790698 0.022000 0.186047
3 0.959000 0.476744 0.038000 0.651163
2 0.354000 0.540698 0.056000 0.104651
3 0.624000 0.482558 0.112000 0.453488