0 0.056000 0.275229 0.052000 0.366972
2 0.151000 0.256881 0.034000 0.091743
2 0.255000 0.224771 0.042000 0.027523
0 0.331000 0.261468 0.050000 0.284404
3 0.226000 0.513761 0.412000 0.036697
0 0.126000 0.766055 0.048000 0.119266
2 0.177000 0.857798 0.022000 0.082569
1 0.201000 0.853211 0.002000 0.110092
2 0.273000 0.793578 0.022000 0.009174
0 0.357000 0.779817 0.058000 0.165138
0 0.629000 0.449541 0.046000 0.532110
3 0.682000 0.366972 0.020000 0.385321
0 0.736000 0.422018 0.052000 0.146789
0 0.898000 0.486239 0.028000 0.293578
3 0.968000 0.376147 0.020000 0.495413
0 0.103000 0.238532 0.006000 0.165138
1 0.187000 0.266055 0.002000 0.183486
0 0.382000 0.233945 0.008000 0.211009
0 0.162000 0.798165 0.012000 0.165138
0 0.395000 0.802752 0.022000 0.155963
2 0.513000 0.449541 0.046000 0.110092
0 0.780000 0.412844 0.012000 0.201835
3 0.849000 0.555046 0.002000 0.119266
0 0.931000 0.486239 0.002000 0.201835