0 0.042000 0.451923 0.044000 0.538462
3 0.078000 0.442308 0.016000 0.288462
0 0.108000 0.490385 0.036000 0.096154
3 0.149000 0.461538 0.018000 0.326923
3 0.331000 0.250000 0.086000 0.307692
0 0.353000 0.322115 0.038000 0.105769
2 0.435000 0.293269 0.030000 0.028846
1 0.498000 0.269231 0.036000 0.192308
2 0.413000 0.812500 0.034000 0.009615
0 0.738000 0.302885 0.064000 0.144231
1 0.885000 0.245192 0.050000 0.163462
0 0.717000 0.831731 0.058000 0.144231
1 0.772000 0.677885 0.032000 0.125000
2 0.813000 0.774038 0.026000 0.009615
1 0.864000 0.754808 0.020000 0.201923
3 0.806000 0.552885 0.344000 0.028846
3 0.389000 0.533654 0.250000 0.048077
2 0.210000 0.504808 0.044000 0.086538
0 0.341000 0.822115 0.042000 0.125000
1 0.480000 0.807692 0.028000 0.192308
2 0.590000 0.500000 0.028000 0.096154