3 0.061000 0.474227 0.010000 0.206186
0 0.090000 0.505155 0.024000 0.123711
3 0.118000 0.489691 0.012000 0.298969
0 0.313000 0.273196 0.018000 0.175258
1 0.340000 0.293814 0.012000 0.154639
0 0.384000 0.257732 0.016000 0.226804
1 0.413000 0.304124 0.014000 0.134021
3 0.356000 0.484536 0.292000 0.123711
0 0.251000 0.659794 0.018000 0.164948
1 0.283000 0.685567 0.010000 0.134021
0 0.324000 0.659794 0.016000 0.164948
1 0.353000 0.685567 0.018000 0.113402
2 0.393000 0.675258 0.022000 0.010309
0 0.427000 0.628866 0.014000 0.185567
1 0.450000 0.644330 0.008000 0.092784
0 0.475000 0.603093 0.014000 0.195876
1 0.499000 0.623711 0.018000 0.072165
2 0.572000 0.432990 0.024000 0.103093
0 0.683000 0.324742 0.014000 0.195876
1 0.707000 0.144330 0.010000 0.082474
1 0.714000 0.402062 0.012000 0.103093
3 0.736000 0.582474 0.252000 0.010309
0 0.649000 0.731959 0.014000 0.185567
1 0.672000 0.845361 0.012000 0.103093
0 0.705000 0.752577 0.014000 0.206186
1 0.730000 0.845361 0.012000 0.061856
2 0.778000 0.757732 0.020000 0.010309
0 0.811000 0.747423 0.014000 0.216495
1 0.836000 0.835052 0.012000 0.082474
0 0.868000 0.773196 0.020000 0.206186
1 0.894000 0.824742 0.012000 0.082474
0 0.924000 0.551546 0.024000 0.113402
2 0.954000 0.438144 0.016000 0.010309
1 0.969000 0.422680 0.014000 0.061856
0 0.028000 0.458763 0.016000 0.216495
2 0.184000 0.479381 0.016000 0.072165