0 0.048000 0.515957 0.056000 0.734043
3 0.101000 0.558511 0.030000 0.351064
0 0.165000 0.558511 0.050000 0.223404
0 0.234000 0.494681 0.032000 0.351064
2 0.253000 0.244681 0.022000 0.021277
1 0.294000 0.244681 0.016000 0.255319
2 0.392000 0.531915 0.052000 0.021277
0 0.490000 0.505319 0.032000 0.223404
0 0.556000 0.436170 0.036000 0.319149
2 0.589000 0.132979 0.026000 0.031915
1 0.626000 0.207447 0.012000 0.202128
3 0.686000 0.420213 0.016000 0.521277
1 0.955000 0.446809 0.046000 0.212766
2 0.837000 0.505319 0.058000 0.159574