0 0.031000 0.432836 0.022000 0.567164
3 0.064000 0.477612 0.016000 0.537313
0 0.092000 0.567164 0.024000 0.179104
3 0.108000 0.664179 0.004000 0.104478
0 0.331000 0.626866 0.022000 0.179104
1 0.367000 0.365672 0.022000 0.194030
3 0.406000 0.589552 0.016000 0.522388
1 0.552000 0.291045 0.020000 0.194030
2 0.608000 0.537313 0.024000 0.208955
3 0.743000 0.477612 0.026000 0.328358
1 0.768000 0.253731 0.020000 0.179104
0 0.936000 0.559701 0.020000 0.194030
1 0.966000 0.246269 0.024000 0.194030
3 0.157000 0.425373 0.030000 0.283582
3 0.183000 0.522388 0.014000 0.537313
2 0.257000 0.634328 0.026000 0.194030
3 0.460000 0.597015 0.060000 0.208955
3 0.517000 0.514925 0.034000 0.343284
3 0.683000 0.507463 0.054000 0.298507
3 0.794000 0.477612 0.012000 0.507463
2 0.876000 0.574627 0.020000 0.164179