0 0.044000 0.203822 0.048000 0.280255
1 0.111000 0.315287 0.038000 0.121019
0 0.077000 0.665605 0.030000 0.235669
1 0.117000 0.761146 0.026000 0.121019
0 0.397000 0.226115 0.046000 0.273885
1 0.438000 0.353503 0.028000 0.159236
0 0.417000 0.697452 0.034000 0.235669
1 0.473000 0.808917 0.042000 0.101911
0 0.689000 0.245223 0.050000 0.261146
2 0.822000 0.328025 0.052000 0.133758
0 0.908000 0.254777 0.048000 0.254777
1 0.958000 0.366242 0.040000 0.121019
0 0.776000 0.694268 0.040000 0.242038
1 0.826000 0.837580 0.036000 0.197452
3 0.092000 0.484076 0.132000 0.025478
2 0.231000 0.496815 0.050000 0.089172
3 0.428000 0.509554 0.092000 0.025478
2 0.564000 0.525478 0.040000 0.121019
3 0.819000 0.503185 0.262000 0.038217
1 0.739000 0.337580 0.022000 0.101911