1 0.035000 0.527778 0.030000 0.462963
1 0.082000 0.518519 0.032000 0.407407
1 0.205000 0.481481 0.014000 0.370370
1 0.251000 0.537037 0.026000 0.259259
1 0.294000 0.527778 0.024000 0.388889
3 0.380000 0.481481 0.012000 0.481481
3 0.403000 0.518519 0.014000 0.518519
1 0.437000 0.444444 0.014000 0.407407
1 0.479000 0.518519 0.026000 0.370370
3 0.516000 0.620370 0.016000 0.166667
1 0.563000 0.555556 0.026000 0.407407
3 0.602000 0.481481 0.008000 0.592593
3 0.651000 0.555556 0.018000 0.222222
3 0.707000 0.453704 0.014000 0.500000
1 0.735000 0.500000 0.030000 0.333333
1 0.769000 0.555556 0.026000 0.481481
1 0.857000 0.527778 0.002000 0.351852
1 0.884000 0.481481 0.020000 0.407407
1 0.916000 0.537037 0.028000 0.259259
3 0.942000 0.472222 0.008000 0.462963
3 0.971000 0.500000 0.014000 0.592593
3 0.131000 0.583333 0.042000 0.314815
2 0.345000 0.462963 0.010000 0.555556
2 0.815000 0.527778 0.010000 0.462963