3 0.035000 0.500000 0.030000 0.014493
1 0.037000 0.659420 0.014000 0.159420
1 0.125000 0.405797 0.026000 0.173913
2 0.168000 0.413043 0.012000 0.014493
1 0.195000 0.326087 0.018000 0.188406
3 0.204000 0.456522 0.016000 0.014493
1 0.208000 0.608696 0.024000 0.173913
1 0.279000 0.326087 0.018000 0.188406
3 0.286000 0.449275 0.028000 0.028986
2 0.326000 0.413043 0.012000 0.014493
1 0.355000 0.304348 0.018000 0.202899
1 0.370000 0.594203 0.024000 0.173913
2 0.399000 0.369565 0.018000 0.130435
2 0.491000 0.369565 0.022000 0.188406
3 0.538000 0.246377 0.008000 0.202899
2 0.551000 0.268116 0.014000 0.014493
1 0.568000 0.268116 0.004000 0.130435
3 0.581000 0.275362 0.014000 0.231884
0 0.602000 0.181159 0.020000 0.072464
3 0.582000 0.492754 0.116000 0.028986
1 0.537000 0.695652 0.014000 0.144928
0 0.558000 0.731884 0.016000 0.130435
2 0.581000 0.702899 0.018000 0.130435
1 0.607000 0.702899 0.002000 0.130435
2 0.661000 0.413043 0.022000 0.130435
3 0.807000 0.427536 0.030000 0.275362
0 0.783000 0.739130 0.022000 0.202899
1 0.831000 0.775362 0.014000 0.130435
3 0.872000 0.340580 0.008000 0.217391
2 0.887000 0.355072 0.010000 0.014493
1 0.904000 0.340580 0.004000 0.130435
3 0.920000 0.340580 0.012000 0.217391
0 0.944000 0.224638 0.024000 0.159420
3 0.913000 0.579710 0.130000 0.028986
1 0.888000 0.746377 0.016000 0.159420
0 0.917000 0.731884 0.022000 0.217391
2 0.939000 0.746377 0.022000 0.130435
1 0.966000 0.753623 0.004000 0.173913
0 0.035000 0.384058 0.030000 0.130435
2 0.075000 0.463768 0.018000 0.057971
2 0.249000 0.427536 0.018000 0.159420
1 0.287000 0.623188 0.018000 0.144928
3 0.448000 0.434783 0.044000 0.057971
3 0.708000 0.471014 0.036000 0.043478
2 0.751000 0.485507 0.022000 0.043478
3 0.814000 0.210145 0.020000 0.101449
2 0.803000 0.797101 0.014000 0.057971