0 0.032000 0.541667 0.024000 0.150000
1 0.056000 0.658333 0.016000 0.083333
0 0.164000 0.500000 0.024000 0.166667
0 0.197000 0.666667 0.018000 0.133333
0 0.230000 0.425000 0.036000 0.350000
1 0.262000 0.600000 0.012000 0.133333
0 0.376000 0.366667 0.024000 0.300000
0 0.408000 0.650000 0.012000 0.166667
0 0.435000 0.491667 0.022000 0.150000
1 0.460000 0.625000 0.012000 0.116667
2 0.464000 0.316667 0.012000 0.033333
1 0.483000 0.233333 0.010000 0.100000
0 0.606000 0.525000 0.020000 0.150000
0 0.636000 0.716667 0.016000 0.200000
2 0.623000 0.325000 0.006000 0.016667
1 0.640000 0.233333 0.008000 0.133333
0 0.691000 0.383333 0.022000 0.366667
1 0.707000 0.633333 0.010000 0.100000
2 0.712000 0.250000 0.008000 0.033333
1 0.731000 0.233333 0.010000 0.133333
0 0.832000 0.383333 0.020000 0.366667
0 0.855000 0.650000 0.014000 0.233333
2 0.868000 0.275000 0.008000 0.016667
1 0.887000 0.258333 0.010000 0.150000
1 0.966000 0.400000 0.024000 0.266667
3 0.103000 0.575000 0.050000 0.050000
3 0.313000 0.566667 0.038000 0.033333
3 0.535000 0.583333 0.054000 0.033333
3 0.775000 0.591667 0.038000 0.016667
2 0.917000 0.566667 0.014000 0.100000