3 0.033000 0.507812 0.026000 0.546875
1 0.066000 0.476562 0.004000 0.234375
1 0.095000 0.515625 0.030000 0.218750
1 0.140000 0.453125 0.032000 0.343750
2 0.188000 0.468750 0.024000 0.468750
3 0.234000 0.531250 0.028000 0.406250
1 0.267000 0.460938 0.002000 0.234375
1 0.299000 0.476562 0.026000 0.390625
2 0.365000 0.617188 0.042000 0.296875
1 0.410000 0.515625 0.004000 0.312500
1 0.442000 0.476562 0.036000 0.328125
1 0.486000 0.468750 0.028000 0.343750
3 0.534000 0.429688 0.020000 0.390625
3 0.564000 0.429688 0.028000 0.546875
2 0.633000 0.570312 0.034000 0.265625
1 0.700000 0.531250 0.028000 0.250000
1 0.737000 0.468750 0.034000 0.468750
1 0.898000 0.554688 0.008000 0.296875
1 0.920000 0.562500 0.008000 0.250000
1 0.961000 0.585938 0.030000 0.265625
3 0.811000 0.570312 0.058000 0.546875
1 0.673000 0.476562 0.010000 0.296875