0 0.044000 0.788235 0.032000 0.117647
0 0.378000 0.258824 0.032000 0.282353
2 0.461000 0.300000 0.038000 0.035294
0 0.518000 0.294118 0.040000 0.141176
3 0.463000 0.517647 0.242000 0.047059
0 0.426000 0.758824 0.024000 0.152941
0 0.615000 0.488235 0.038000 0.482353
3 0.669000 0.411765 0.022000 0.447059
1 0.754000 0.511765 0.028000 0.105882
3 0.783000 0.458824 0.030000 0.564706
1 0.955000 0.400000 0.046000 0.211765
3 0.067000 0.364706 0.094000 0.305882
3 0.114000 0.805882 0.072000 0.152941
2 0.182000 0.741176 0.032000 0.164706
3 0.242000 0.741176 0.064000 0.188235
0 0.704000 0.411765 0.052000 0.164706
2 0.870000 0.470588 0.064000 0.117647