0 0.052000 0.325301 0.064000 0.204819
3 0.109000 0.472892 0.030000 0.295181
1 0.150000 0.500000 0.048000 0.204819
3 0.167000 0.587349 0.018000 0.090361
1 0.215000 0.512048 0.034000 0.156627
3 0.247000 0.496988 0.022000 0.295181
1 0.678000 0.424699 0.056000 0.186747
2 0.757000 0.280120 0.050000 0.030120
1 0.887000 0.361446 0.050000 0.240964
3 0.736000 0.545181 0.364000 0.042169
1 0.727000 0.849398 0.038000 0.168675
2 0.799000 0.768072 0.042000 0.018072
0 0.884000 0.737952 0.088000 0.186747
2 0.430000 0.379518 0.088000 0.120482
0 0.647000 0.307229 0.074000 0.385542
0 0.851000 0.262048 0.074000 0.403614
0 0.651000 0.746988 0.106000 0.204819
1 0.964000 0.831325 0.028000 0.204819