1 0.038000 0.500000 0.036000 0.418182
1 0.082000 0.445455 0.028000 0.454545
1 0.238000 0.400000 0.032000 0.436364
1 0.278000 0.418182 0.016000 0.327273
1 0.322000 0.509091 0.036000 0.436364
2 0.397000 0.500000 0.030000 0.272727
3 0.464000 0.472727 0.020000 0.581818
1 0.501000 0.463636 0.026000 0.345455
1 0.531000 0.481818 0.022000 0.381818
2 0.593000 0.527273 0.026000 0.218182
3 0.673000 0.472727 0.018000 0.545455
1 0.705000 0.409091 0.030000 0.418182
1 0.742000 0.490909 0.020000 0.363636
0 0.826000 0.581818 0.016000 0.218182
1 0.873000 0.509091 0.022000 0.363636
1 0.906000 0.563636 0.028000 0.218182
3 0.962000 0.500000 0.032000 0.636364
0 0.162000 0.427273 0.040000 0.381818
1 0.779000 0.472727 0.026000 0.363636
3 0.937000 0.500000 0.018000 0.527273