3 0.024000 0.510000 0.008000 0.460000
3 0.052000 0.490000 0.012000 0.580000
1 0.094000 0.510000 0.016000 0.260000
1 0.121000 0.490000 0.018000 0.300000
2 0.165000 0.570000 0.018000 0.020000
1 0.203000 0.510000 0.018000 0.260000
1 0.230000 0.510000 0.020000 0.300000
1 0.255000 0.510000 0.014000 0.220000
3 0.274000 0.470000 0.016000 0.500000
2 0.306000 0.470000 0.020000 0.540000
3 0.340000 0.420000 0.008000 0.440000
1 0.364000 0.470000 0.028000 0.260000
1 0.398000 0.480000 0.012000 0.320000
1 0.424000 0.510000 0.020000 0.260000
2 0.459000 0.540000 0.022000 0.160000
1 0.491000 0.500000 0.018000 0.280000
1 0.515000 0.540000 0.014000 0.240000
3 0.533000 0.480000 0.014000 0.440000
3 0.559000 0.490000 0.018000 0.580000
2 0.595000 0.490000 0.026000 0.580000
3 0.623000 0.480000 0.010000 0.520000
1 0.641000 0.540000 0.018000 0.280000
2 0.708000 0.590000 0.012000 0.020000
1 0.731000 0.540000 0.018000 0.240000
1 0.756000 0.560000 0.016000 0.240000
1 0.776000 0.580000 0.016000 0.160000
2 0.807000 0.580000 0.018000 0.040000
1 0.861000 0.540000 0.014000 0.240000
3 0.880000 0.520000 0.012000 0.520000
1 0.966000 0.540000 0.024000 0.200000
1 0.662000 0.520000 0.008000 0.320000
1 0.675000 0.550000 0.034000 0.300000
1 0.839000 0.530000 0.014000 0.220000
3 0.916000 0.440000 0.028000 0.320000