1 0.037000 0.637931 0.034000 0.379310
1 0.082000 0.620690 0.036000 0.206897
0 0.148000 0.629310 0.032000 0.327586
1 0.183000 0.275862 0.018000 0.206897
2 0.229000 0.698276 0.026000 0.017241
0 0.302000 0.568966 0.032000 0.310345
1 0.336000 0.293103 0.024000 0.241379
2 0.406000 0.750000 0.032000 0.017241
1 0.484000 0.534483 0.028000 0.379310
1 0.534000 0.560345 0.032000 0.396552
0 0.597000 0.560345 0.030000 0.362069
2 0.659000 0.672414 0.026000 0.206897
1 0.723000 0.534483 0.026000 0.379310
1 0.761000 0.534483 0.034000 0.344828
1 0.953000 0.568966 0.050000 0.344828
2 0.847000 0.741379 0.038000 0.103448