3 0.129000 0.442211 0.218000 0.321608
0 0.109000 0.173367 0.070000 0.125628
0 0.110000 0.776382 0.060000 0.336683
2 0.176000 0.814070 0.036000 0.050251
1 0.217000 0.793970 0.006000 0.160804
0 0.313000 0.346734 0.078000 0.371859
2 0.411000 0.381910 0.054000 0.090452
2 0.532000 0.356784 0.092000 0.020101
1 0.539000 0.160804 0.006000 0.221106
1 0.550000 0.587940 0.080000 0.140704
3 0.651000 0.354271 0.050000 0.326633
0 0.711000 0.351759 0.038000 0.190955
1 0.768000 0.253769 0.032000 0.085427
2 0.816000 0.422111 0.072000 0.180905
0 0.897000 0.376884 0.050000 0.160804
3 0.962000 0.394472 0.032000 0.286432