3 0.093000 0.410112 0.146000 0.325843
0 0.103000 0.129213 0.042000 0.146067
0 0.074000 0.823034 0.060000 0.196629
2 0.134000 0.808989 0.044000 0.078652
1 0.195000 0.820225 0.006000 0.179775
0 0.262000 0.516854 0.064000 0.337079
2 0.360000 0.533708 0.052000 0.078652
2 0.493000 0.567416 0.098000 0.022472
1 0.518000 0.342697 0.012000 0.235955
1 0.503000 0.744382 0.066000 0.151685
3 0.615000 0.595506 0.042000 0.696629
0 0.679000 0.646067 0.054000 0.179775
1 0.739000 0.491573 0.042000 0.117978
2 0.802000 0.640449 0.072000 0.157303
0 0.891000 0.617978 0.058000 0.168539
3 0.963000 0.558989 0.030000 0.522472