3 0.035000 0.595890 0.030000 0.506849
0 0.076000 0.534247 0.040000 0.246575
1 0.117000 0.342466 0.022000 0.082192
2 0.134000 0.547945 0.040000 0.273973
0 0.175000 0.500000 0.018000 0.369863
1 0.205000 0.287671 0.026000 0.164384
3 0.243000 0.513699 0.026000 0.506849
3 0.296000 0.568493 0.028000 0.479452
0 0.336000 0.575342 0.040000 0.273973
1 0.373000 0.376712 0.030000 0.095890
2 0.403000 0.609589 0.042000 0.260274
0 0.445000 0.493151 0.030000 0.493151
1 0.481000 0.335616 0.034000 0.178082
3 0.508000 0.527397 0.024000 0.616438
3 0.599000 0.547945 0.066000 0.356164
3 0.671000 0.595890 0.018000 0.424658
0 0.719000 0.582192 0.046000 0.232877
0 0.760000 0.575342 0.032000 0.246575
2 0.800000 0.561644 0.032000 0.328767
0 0.857000 0.458904 0.026000 0.397260
0 0.885000 0.445205 0.030000 0.397260
3 0.922000 0.527397 0.028000 0.506849
1 0.958000 0.212329 0.036000 0.150685