3 0.108000 0.415625 0.156000 0.343750
0 0.038000 0.815625 0.036000 0.118750
3 0.106000 0.800000 0.048000 0.075000
3 0.196000 0.756250 0.068000 0.087500
3 0.289000 0.465625 0.038000 0.556250
0 0.347000 0.143750 0.038000 0.162500
1 0.323000 0.875000 0.026000 0.112500
0 0.416000 0.487500 0.072000 0.150000
2 0.453000 0.309375 0.022000 0.018750
0 0.498000 0.306250 0.028000 0.162500
1 0.531000 0.203125 0.026000 0.068750
0 0.580000 0.428125 0.040000 0.268750
0 0.641000 0.603125 0.042000 0.256250
2 0.749000 0.453125 0.042000 0.056250
2 0.899000 0.478125 0.158000 0.018750
3 0.904000 0.225000 0.136000 0.225000
3 0.917000 0.300000 0.046000 0.150000
1 0.917000 0.703125 0.102000 0.168750