0 0.048000 0.484615 0.056000 0.184615
3 0.115000 0.465385 0.034000 0.269231
0 0.163000 0.480769 0.034000 0.130769
3 0.210000 0.438462 0.020000 0.261538
2 0.276000 0.453846 0.032000 0.107692
3 0.392000 0.446154 0.124000 0.323077
0 0.398000 0.134615 0.028000 0.115385
0 0.355000 0.803846 0.030000 0.223077
2 0.398000 0.830769 0.020000 0.061538
1 0.437000 0.823077 0.014000 0.153846
3 0.513000 0.496154 0.034000 0.361538
2 0.575000 0.484615 0.050000 0.015385
1 0.622000 0.465385 0.004000 0.192308
3 0.653000 0.515385 0.030000 0.384615
0 0.701000 0.280769 0.026000 0.084615
2 0.738000 0.257692 0.020000 0.007692
0 0.773000 0.257692 0.026000 0.130769
0 0.880000 0.461538 0.056000 0.338462
3 0.962000 0.480769 0.032000 0.315385