3 0.129000 0.388889 0.218000 0.444444
0 0.059000 0.833333 0.066000 0.194444
3 0.127000 0.826389 0.042000 0.138889
3 0.198000 0.815972 0.064000 0.173611
3 0.322000 0.447917 0.052000 0.604167
1 0.395000 0.416667 0.006000 0.277778
2 0.478000 0.430556 0.060000 0.222222
2 0.591000 0.319444 0.098000 0.041667
1 0.593000 0.208333 0.006000 0.250000
0 0.584000 0.496528 0.068000 0.187500
3 0.677000 0.430556 0.054000 0.708333
0 0.743000 0.159722 0.046000 0.180556
2 0.820000 0.479167 0.056000 0.069444
0 0.943000 0.493056 0.070000 0.250000