0 0.047000 0.543333 0.054000 0.140000
3 0.099000 0.510000 0.022000 0.206667
0 0.132000 0.553333 0.024000 0.133333
3 0.179000 0.546667 0.018000 0.186667
2 0.256000 0.490000 0.040000 0.086667
3 0.393000 0.450000 0.106000 0.340000
0 0.404000 0.116667 0.048000 0.100000
0 0.373000 0.836667 0.042000 0.180000
2 0.422000 0.843333 0.044000 0.060000
1 0.469000 0.830000 0.002000 0.086667
3 0.505000 0.470000 0.026000 0.326667
2 0.563000 0.493333 0.050000 0.026667
1 0.611000 0.493333 0.014000 0.200000
3 0.649000 0.543333 0.014000 0.273333
0 0.693000 0.220000 0.026000 0.093333
2 0.752000 0.220000 0.036000 0.013333
0 0.812000 0.176667 0.032000 0.166667
0 0.893000 0.396667 0.058000 0.273333
3 0.969000 0.386667 0.018000 0.320000