3 0.060000 0.506211 0.080000 0.664596
1 0.134000 0.130435 0.016000 0.136646
1 0.080000 0.819876 0.004000 0.037267
3 0.200000 0.555901 0.056000 0.677019
2 0.405000 0.667702 0.326000 0.105590
0 0.301000 0.434783 0.058000 0.136646
1 0.347000 0.282609 0.038000 0.080745
2 0.413000 0.447205 0.046000 0.024845
1 0.478000 0.409938 0.004000 0.136646
0 0.371000 0.866460 0.066000 0.130435
1 0.428000 0.785714 0.032000 0.031056
3 0.598000 0.555901 0.032000 0.614907
0 0.664000 0.593168 0.064000 0.167702
0 0.695000 0.444099 0.042000 0.105590
2 0.748000 0.428571 0.032000 0.086957
2 0.807000 0.465839 0.062000 0.024845
1 0.812000 0.366460 0.008000 0.111801
0 0.802000 0.534161 0.056000 0.062112
0 0.891000 0.478261 0.046000 0.211180
0 0.949000 0.527950 0.058000 0.111801