3 0.063000 0.352941 0.086000 0.411765
3 0.138000 0.441176 0.012000 0.294118
3 0.167000 0.441176 0.038000 0.264706
2 0.212000 0.426471 0.024000 0.235294
3 0.242000 0.573529 0.032000 0.529412
3 0.282000 0.397059 0.012000 0.411765
3 0.340000 0.382353 0.068000 0.411765
3 0.405000 0.404412 0.022000 0.250000
3 0.439000 0.397059 0.034000 0.294118
2 0.476000 0.463235 0.020000 0.044118
3 0.516000 0.551471 0.032000 0.573529
3 0.558000 0.404412 0.024000 0.397059
2 0.611000 0.382353 0.026000 0.147059
3 0.686000 0.389706 0.068000 0.308824
1 0.735000 0.198529 0.022000 0.102941
3 0.757000 0.397059 0.034000 0.264706
2 0.805000 0.389706 0.038000 0.073529
3 0.887000 0.330882 0.070000 0.367647
1 0.932000 0.198529 0.020000 0.102941
3 0.957000 0.558824 0.042000 0.529412