3 0.061000 0.349206 0.082000 0.317460
3 0.134000 0.365079 0.020000 0.285714
3 0.177000 0.380952 0.022000 0.253968
2 0.215000 0.365079 0.026000 0.158730
3 0.249000 0.460317 0.026000 0.507937
3 0.303000 0.333333 0.014000 0.317460
3 0.374000 0.325397 0.068000 0.301587
3 0.441000 0.365079 0.018000 0.285714
3 0.483000 0.349206 0.022000 0.253968
2 0.518000 0.396825 0.024000 0.031746
3 0.556000 0.436508 0.032000 0.460317
3 0.601000 0.325397 0.014000 0.333333
2 0.639000 0.357143 0.014000 0.142857
3 0.708000 0.341270 0.064000 0.365079
1 0.752000 0.230159 0.020000 0.142857
3 0.778000 0.428571 0.032000 0.285714
2 0.830000 0.412698 0.028000 0.031746
3 0.886000 0.357143 0.056000 0.301587
1 0.926000 0.230159 0.012000 0.111111
3 0.959000 0.531746 0.038000 0.619048