3 0.053000 0.443850 0.066000 0.491979
1 0.111000 0.235294 0.034000 0.117647
1 0.106000 0.676471 0.004000 0.155080
3 0.218000 0.497326 0.052000 0.887701
2 0.366000 0.497326 0.248000 0.064171
0 0.309000 0.288770 0.050000 0.181818
1 0.350000 0.114973 0.036000 0.048128
2 0.410000 0.256684 0.040000 0.021390
1 0.458000 0.248663 0.004000 0.165775
0 0.356000 0.762032 0.100000 0.165775
1 0.420000 0.649733 0.052000 0.069519
3 0.543000 0.438503 0.058000 0.770053
0 0.622000 0.430481 0.060000 0.187166
0 0.678000 0.272727 0.048000 0.106952
2 0.735000 0.224599 0.038000 0.117647
2 0.789000 0.227273 0.042000 0.016043
1 0.786000 0.157754 0.004000 0.122995
0 0.796000 0.326203 0.044000 0.085561
0 0.877000 0.398396 0.046000 0.208556
0 0.950000 0.435829 0.056000 0.144385