0 0.054000 0.415441 0.068000 0.154412
3 0.119000 0.441176 0.026000 0.191176
0 0.180000 0.433824 0.028000 0.161765
3 0.220000 0.463235 0.012000 0.235294
2 0.297000 0.430147 0.034000 0.080882
3 0.439000 0.419118 0.102000 0.367647
0 0.432000 0.158088 0.044000 0.169118
0 0.412000 0.819853 0.040000 0.213235
2 0.455000 0.852941 0.030000 0.058824
1 0.484000 0.849265 0.008000 0.125000
3 0.531000 0.444853 0.042000 0.257353
2 0.590000 0.441176 0.032000 0.014706
1 0.621000 0.459559 0.006000 0.139706
3 0.667000 0.481618 0.018000 0.272059
0 0.730000 0.275735 0.028000 0.110294
2 0.783000 0.283088 0.034000 0.007353
0 0.814000 0.272059 0.040000 0.205882
0 0.896000 0.459559 0.056000 0.272059
3 0.968000 0.518382 0.020000 0.360294