3 0.034000 0.465517 0.028000 0.603448
0 0.095000 0.487069 0.054000 0.267241
2 0.147000 0.258621 0.034000 0.017241
0 0.144000 0.159483 0.028000 0.094828
1 0.154000 0.387931 0.032000 0.103448
2 0.228000 0.478448 0.044000 0.232759
0 0.280000 0.594828 0.036000 0.362069
2 0.326000 0.301724 0.052000 0.034483
0 0.329000 0.172414 0.030000 0.120690
1 0.336000 0.396552 0.032000 0.086207
3 0.393000 0.443966 0.030000 0.663793
3 0.447000 0.452586 0.034000 0.681034
0 0.494000 0.478448 0.036000 0.215517
2 0.534000 0.318966 0.040000 0.017241
0 0.536000 0.198276 0.040000 0.120690
1 0.539000 0.422414 0.030000 0.103448
2 0.599000 0.508621 0.038000 0.017241
0 0.653000 0.599138 0.034000 0.370690
2 0.703000 0.344828 0.034000 0.017241
0 0.709000 0.211207 0.034000 0.094828
1 0.710000 0.452586 0.024000 0.077586
3 0.793000 0.500000 0.034000 0.827586
2 0.865000 0.461207 0.034000 0.094828
0 0.950000 0.465517 0.056000 0.241379