3 0.055000 0.453608 0.070000 0.350515
3 0.117000 0.386598 0.014000 0.319588
3 0.146000 0.350515 0.040000 0.288660
2 0.182000 0.309278 0.016000 0.164948
3 0.213000 0.422680 0.026000 0.577320
3 0.245000 0.288660 0.018000 0.371134
3 0.315000 0.314433 0.070000 0.278351
3 0.380000 0.335052 0.016000 0.298969
3 0.405000 0.335052 0.026000 0.298969
2 0.432000 0.298969 0.020000 0.041237
3 0.454000 0.417526 0.024000 0.484536
3 0.478000 0.304124 0.016000 0.278351
2 0.537000 0.335052 0.038000 0.113402
3 0.629000 0.365979 0.074000 0.257732
1 0.682000 0.257732 0.020000 0.103093
3 0.715000 0.376289 0.038000 0.319588
2 0.761000 0.381443 0.034000 0.041237
3 0.840000 0.355670 0.088000 0.319588
1 0.909000 0.304124 0.026000 0.134021
3 0.953000 0.592784 0.050000 0.608247