3 0.089000 0.460317 0.138000 0.396825
0 0.064000 0.825397 0.040000 0.126984
3 0.105000 0.813492 0.030000 0.103175
3 0.149000 0.809524 0.038000 0.079365
3 0.236000 0.488095 0.064000 0.738095
0 0.300000 0.154762 0.028000 0.150794
1 0.269000 0.837302 0.030000 0.119048
0 0.369000 0.623016 0.062000 0.214286
2 0.427000 0.464286 0.018000 0.023810
0 0.468000 0.448413 0.036000 0.166667
1 0.513000 0.293651 0.014000 0.079365
0 0.555000 0.615079 0.050000 0.325397
0 0.626000 0.710317 0.064000 0.325397
2 0.723000 0.599206 0.046000 0.119048
2 0.891000 0.595238 0.170000 0.047619
3 0.904000 0.345238 0.136000 0.404762
3 0.927000 0.424603 0.070000 0.214286
1 0.885000 0.833333 0.046000 0.158730