3 0.112000 0.390845 0.124000 0.457746
0 0.045000 0.855634 0.050000 0.133803
3 0.095000 0.816901 0.042000 0.126761
3 0.164000 0.802817 0.060000 0.140845
3 0.238000 0.485915 0.060000 0.633803
0 0.304000 0.172535 0.044000 0.176056
1 0.272000 0.771127 0.024000 0.091549
0 0.380000 0.500000 0.064000 0.197183
2 0.411000 0.313380 0.022000 0.049296
0 0.449000 0.334507 0.030000 0.190141
1 0.481000 0.161972 0.034000 0.070423
0 0.564000 0.401408 0.064000 0.309859
0 0.649000 0.549296 0.062000 0.267606
2 0.748000 0.447183 0.040000 0.077465
2 0.910000 0.577465 0.132000 0.042254
3 0.914000 0.257042 0.120000 0.373239
3 0.940000 0.380282 0.076000 0.225352
1 0.900000 0.799296 0.064000 0.176056