3 0.057000 0.339744 0.074000 0.371795
3 0.132000 0.365385 0.012000 0.474359
3 0.170000 0.371795 0.028000 0.410256
2 0.211000 0.384615 0.030000 0.333333
3 0.261000 0.442308 0.034000 0.500000
3 0.299000 0.326923 0.014000 0.320513
3 0.376000 0.307692 0.080000 0.358974
3 0.446000 0.326923 0.008000 0.294872
3 0.493000 0.326923 0.030000 0.320513
2 0.538000 0.346154 0.028000 0.025641
3 0.578000 0.487179 0.032000 0.538462
3 0.613000 0.371795 0.018000 0.384615
2 0.652000 0.371795 0.028000 0.102564
3 0.719000 0.384615 0.058000 0.333333
1 0.756000 0.217949 0.020000 0.128205
3 0.796000 0.410256 0.036000 0.410256
2 0.844000 0.403846 0.020000 0.064103
3 0.898000 0.410256 0.056000 0.384615
1 0.935000 0.307692 0.018000 0.102564
3 0.964000 0.634615 0.028000 0.474359