0 0.051000 0.398876 0.062000 0.370787
2 0.136000 0.382022 0.044000 0.078652
3 0.445000 0.415730 0.506000 0.719101
0 0.265000 0.480337 0.034000 0.117978
2 0.322000 0.457865 0.044000 0.129213
2 0.500000 0.477528 0.268000 0.044944
1 0.473000 0.311798 0.010000 0.162921
3 0.491000 0.699438 0.262000 0.297753
0 0.416000 0.741573 0.040000 0.123596
2 0.477000 0.727528 0.046000 0.140449
2 0.555000 0.752809 0.074000 0.011236
1 0.551000 0.662921 0.002000 0.089888
3 0.544000 0.865169 0.068000 0.146067
0 0.550000 0.896067 0.032000 0.084270
2 0.733000 0.449438 0.050000 0.168539
3 0.880000 0.393258 0.196000 0.337079
0 0.875000 0.404494 0.038000 0.213483