3 0.097000 0.487013 0.154000 0.350649
0 0.052000 0.857143 0.036000 0.103896
3 0.112000 0.853896 0.040000 0.097403
3 0.180000 0.866883 0.060000 0.110390
3 0.280000 0.587662 0.048000 0.681818
0 0.361000 0.243506 0.034000 0.136364
1 0.322000 0.837662 0.024000 0.077922
0 0.429000 0.551948 0.046000 0.155844
2 0.498000 0.392857 0.020000 0.006494
0 0.554000 0.350649 0.032000 0.168831
1 0.601000 0.207792 0.018000 0.051948
0 0.649000 0.444805 0.054000 0.292208
0 0.694000 0.610390 0.028000 0.220779
2 0.761000 0.493506 0.018000 0.077922
2 0.910000 0.448052 0.136000 0.038961
3 0.906000 0.194805 0.120000 0.259740
3 0.928000 0.288961 0.040000 0.149351
1 0.922000 0.730519 0.048000 0.162338