3 0.055000 0.529412 0.070000 0.352941
3 0.117000 0.463235 0.010000 0.250000
3 0.143000 0.477941 0.022000 0.250000
2 0.177000 0.492647 0.014000 0.132353
3 0.223000 0.558824 0.018000 0.529412
3 0.261000 0.522059 0.014000 0.250000
3 0.331000 0.485294 0.070000 0.294118
3 0.390000 0.426471 0.012000 0.235294
3 0.422000 0.441176 0.024000 0.176471
2 0.459000 0.463235 0.018000 0.014706
3 0.494000 0.529412 0.028000 0.617647
3 0.532000 0.522059 0.012000 0.308824
2 0.594000 0.419118 0.024000 0.132353
3 0.679000 0.433824 0.070000 0.308824
1 0.739000 0.257353 0.022000 0.132353
3 0.764000 0.448529 0.024000 0.220588
2 0.804000 0.463235 0.024000 0.014706
3 0.877000 0.426471 0.066000 0.264706
1 0.928000 0.227941 0.020000 0.132353
3 0.958000 0.448529 0.040000 0.602941