3 0.039000 0.552632 0.038000 0.719298
0 0.104000 0.574561 0.036000 0.271930
2 0.150000 0.289474 0.040000 0.035088
0 0.154000 0.188596 0.024000 0.114035
1 0.158000 0.372807 0.020000 0.078947
2 0.223000 0.530702 0.046000 0.149123
0 0.296000 0.557018 0.036000 0.324561
2 0.348000 0.267544 0.044000 0.026316
0 0.347000 0.166667 0.026000 0.140351
1 0.358000 0.364035 0.024000 0.061404
3 0.420000 0.429825 0.024000 0.666667
3 0.480000 0.486842 0.032000 0.657895
0 0.529000 0.513158 0.026000 0.254386
2 0.558000 0.267544 0.036000 0.026316
0 0.557000 0.149123 0.022000 0.105263
1 0.567000 0.368421 0.030000 0.052632
2 0.614000 0.548246 0.024000 0.026316
0 0.683000 0.561404 0.042000 0.333333
2 0.721000 0.254386 0.038000 0.017544
0 0.725000 0.144737 0.014000 0.114035
1 0.727000 0.342105 0.014000 0.052632
3 0.792000 0.416667 0.028000 0.535088
2 0.880000 0.394737 0.032000 0.087719
0 0.950000 0.416667 0.056000 0.271930