3 0.098000 0.526490 0.156000 0.430464
0 0.048000 0.857616 0.056000 0.139073
3 0.115000 0.834437 0.058000 0.092715
3 0.187000 0.841060 0.050000 0.105960
3 0.289000 0.509934 0.050000 0.701987
0 0.346000 0.149007 0.056000 0.165563
1 0.347000 0.814570 0.030000 0.119205
0 0.392000 0.559603 0.052000 0.298013
2 0.450000 0.400662 0.032000 0.033113
0 0.495000 0.453642 0.034000 0.271523
1 0.534000 0.311258 0.036000 0.119205
0 0.592000 0.407285 0.040000 0.271523
0 0.648000 0.582781 0.048000 0.450331
2 0.729000 0.460265 0.054000 0.086093
2 0.890000 0.460265 0.176000 0.112583
3 0.867000 0.208609 0.130000 0.284768
3 0.886000 0.284768 0.084000 0.185430
1 0.867000 0.662252 0.082000 0.158940