3 0.029000 0.690141 0.018000 0.309859
0 0.064000 0.767606 0.024000 0.154930
1 0.086000 0.598592 0.020000 0.126761
2 0.131000 0.683099 0.034000 0.239437
0 0.174000 0.640845 0.016000 0.352113
1 0.213000 0.528169 0.026000 0.126761
3 0.245000 0.654930 0.010000 0.380282
3 0.293000 0.640845 0.018000 0.408451
0 0.325000 0.718310 0.022000 0.169014
1 0.364000 0.464789 0.028000 0.197183
2 0.397000 0.661972 0.018000 0.253521
0 0.457000 0.584507 0.042000 0.380282
1 0.497000 0.415493 0.018000 0.154930
3 0.529000 0.612676 0.018000 0.464789
3 0.595000 0.626761 0.034000 0.380282
3 0.661000 0.577465 0.014000 0.422535
0 0.708000 0.619718 0.036000 0.169014
0 0.749000 0.626761 0.026000 0.126761
2 0.788000 0.577465 0.028000 0.253521
0 0.841000 0.492958 0.018000 0.309859
0 0.882000 0.471831 0.036000 0.408451
3 0.925000 0.535211 0.010000 0.507042
1 0.967000 0.225352 0.022000 0.169014