3 0.027000 0.569444 0.014000 0.546296
0 0.075000 0.657407 0.042000 0.259259
2 0.130000 0.444444 0.028000 0.018519
0 0.134000 0.305556 0.016000 0.166667
1 0.139000 0.574074 0.026000 0.129630
2 0.217000 0.643519 0.034000 0.194444
0 0.275000 0.740741 0.034000 0.333333
2 0.340000 0.365741 0.024000 0.009259
0 0.340000 0.263889 0.020000 0.120370
1 0.349000 0.504630 0.030000 0.138889
3 0.407000 0.435185 0.014000 0.592593
3 0.464000 0.467593 0.024000 0.620370
0 0.521000 0.578704 0.042000 0.231481
2 0.569000 0.314815 0.034000 0.018519
0 0.568000 0.185185 0.016000 0.092593
1 0.580000 0.425926 0.032000 0.129630
2 0.649000 0.541667 0.034000 0.027778
0 0.703000 0.648148 0.034000 0.425926
2 0.760000 0.277778 0.028000 0.018519
0 0.761000 0.180556 0.018000 0.101852
1 0.773000 0.375000 0.026000 0.120370
3 0.817000 0.393519 0.022000 0.601852
2 0.885000 0.398148 0.018000 0.055556
0 0.957000 0.449074 0.042000 0.231481