3 0.074000 0.465986 0.108000 0.795918
1 0.109000 0.833333 0.002000 0.102041
1 0.175000 0.136054 0.026000 0.108844
3 0.241000 0.520408 0.022000 0.755102
2 0.442000 0.465986 0.280000 0.020408
0 0.345000 0.268707 0.058000 0.251701
1 0.394000 0.142857 0.044000 0.108844
2 0.452000 0.282313 0.040000 0.020408
1 0.512000 0.265306 0.008000 0.204082
0 0.400000 0.799320 0.052000 0.251701
1 0.453000 0.683673 0.030000 0.102041
3 0.627000 0.489796 0.038000 0.666667
0 0.712000 0.554422 0.064000 0.238095
0 0.754000 0.333333 0.028000 0.136054
2 0.794000 0.346939 0.028000 0.108844
2 0.847000 0.329932 0.034000 0.006803
1 0.843000 0.238095 0.002000 0.122449
0 0.845000 0.455782 0.030000 0.108844
0 0.908000 0.479592 0.040000 0.387755
0 0.959000 0.557823 0.038000 0.244898