0 0.054000 0.448529 0.068000 0.250000
2 0.120000 0.470588 0.028000 0.068627
3 0.456000 0.458333 0.512000 0.818627
0 0.326000 0.504902 0.056000 0.147059
2 0.370000 0.517157 0.032000 0.093137
2 0.555000 0.406863 0.226000 0.039216
1 0.536000 0.301471 0.004000 0.151961
3 0.550000 0.710784 0.268000 0.313725
0 0.523000 0.759804 0.066000 0.107843
2 0.582000 0.774510 0.032000 0.098039
2 0.666000 0.727941 0.072000 0.014706
1 0.665000 0.666667 0.010000 0.088235
3 0.677000 0.870098 0.098000 0.161765
0 0.719000 0.892157 0.050000 0.088235
2 0.780000 0.428922 0.056000 0.191176
3 0.917000 0.357843 0.122000 0.245098
0 0.950000 0.419118 0.040000 0.181373