0 0.052000 0.342949 0.064000 0.314103
2 0.132000 0.378205 0.040000 0.076923
3 0.408000 0.362179 0.428000 0.596154
0 0.294000 0.416667 0.052000 0.179487
2 0.360000 0.407051 0.052000 0.147436
2 0.523000 0.400641 0.186000 0.019231
1 0.516000 0.246795 0.004000 0.134615
3 0.522000 0.653846 0.220000 0.333333
0 0.484000 0.724359 0.048000 0.141026
2 0.534000 0.724359 0.036000 0.141026
2 0.625000 0.714744 0.086000 0.019231
1 0.618000 0.647436 0.004000 0.089744
3 0.625000 0.839744 0.078000 0.192308
0 0.647000 0.875000 0.046000 0.070513
2 0.732000 0.384615 0.072000 0.192308
3 0.892000 0.320513 0.172000 0.384615
0 0.914000 0.368590 0.056000 0.211538