0 0.046000 0.562092 0.052000 0.169935
3 0.101000 0.581699 0.022000 0.274510
0 0.158000 0.575163 0.052000 0.196078
3 0.212000 0.584967 0.016000 0.267974
2 0.283000 0.568627 0.042000 0.078431
3 0.438000 0.470588 0.104000 0.366013
0 0.416000 0.130719 0.072000 0.130719
0 0.424000 0.833333 0.044000 0.202614
2 0.471000 0.839869 0.018000 0.058824
1 0.503000 0.830065 0.002000 0.104575
3 0.543000 0.545752 0.046000 0.346405
2 0.583000 0.581699 0.038000 0.052288
1 0.632000 0.542484 0.012000 0.235294
3 0.675000 0.539216 0.022000 0.241830
0 0.709000 0.356209 0.058000 0.111111
2 0.769000 0.346405 0.026000 0.026144
0 0.813000 0.290850 0.042000 0.163399
0 0.878000 0.506536 0.044000 0.281046
3 0.965000 0.513072 0.026000 0.346405