0 0.052000 0.450292 0.064000 0.210526
3 0.121000 0.435673 0.018000 0.216374
0 0.177000 0.441520 0.046000 0.134503
3 0.222000 0.412281 0.020000 0.228070
2 0.302000 0.438596 0.028000 0.070175
3 0.422000 0.456140 0.104000 0.479532
0 0.412000 0.111111 0.036000 0.105263
0 0.385000 0.871345 0.030000 0.105263
2 0.425000 0.871345 0.030000 0.046784
1 0.464000 0.871345 0.008000 0.128655
3 0.538000 0.441520 0.024000 0.239766
2 0.586000 0.450292 0.040000 0.011696
1 0.632000 0.426901 0.004000 0.140351
3 0.683000 0.406433 0.022000 0.251462
0 0.708000 0.233918 0.028000 0.081871
2 0.756000 0.233918 0.028000 0.011696
0 0.799000 0.195906 0.026000 0.099415
0 0.868000 0.368421 0.052000 0.210526
3 0.958000 0.391813 0.040000 0.304094