3 0.060000 0.366667 0.080000 0.386667
3 0.150000 0.326667 0.016000 0.386667
3 0.195000 0.366667 0.042000 0.306667
2 0.249000 0.393333 0.034000 0.333333
3 0.279000 0.546667 0.034000 0.586667
3 0.312000 0.386667 0.020000 0.426667
3 0.392000 0.373333 0.076000 0.320000
3 0.456000 0.373333 0.016000 0.320000
3 0.488000 0.380000 0.032000 0.306667
2 0.529000 0.420000 0.030000 0.040000
3 0.562000 0.493333 0.032000 0.560000
3 0.593000 0.373333 0.026000 0.373333
2 0.644000 0.373333 0.024000 0.133333
3 0.691000 0.373333 0.066000 0.373333
1 0.745000 0.280000 0.018000 0.106667
3 0.783000 0.393333 0.030000 0.306667
2 0.830000 0.386667 0.024000 0.026667
3 0.882000 0.360000 0.072000 0.346667
1 0.938000 0.286667 0.020000 0.146667
3 0.964000 0.520000 0.028000 0.666667