3 0.058000 0.462329 0.076000 0.773973
1 0.147000 0.164384 0.050000 0.191781
1 0.104000 0.821918 0.004000 0.164384
3 0.250000 0.506849 0.032000 0.671233
2 0.433000 0.510274 0.206000 0.034247
0 0.363000 0.280822 0.054000 0.246575
1 0.414000 0.147260 0.044000 0.130137
2 0.436000 0.345890 0.024000 0.006849
1 0.493000 0.342466 0.014000 0.219178
0 0.420000 0.797945 0.052000 0.184932
1 0.483000 0.729452 0.046000 0.116438
3 0.575000 0.571918 0.030000 0.719178
0 0.657000 0.609589 0.054000 0.287671
0 0.704000 0.356164 0.048000 0.150685
2 0.755000 0.356164 0.034000 0.109589
2 0.806000 0.339041 0.036000 0.006849
1 0.823000 0.239726 0.006000 0.136986
0 0.814000 0.441781 0.032000 0.089041
0 0.865000 0.606164 0.042000 0.308219
0 0.948000 0.674658 0.060000 0.157534