0 0.053000 0.471429 0.066000 0.228571
3 0.120000 0.435714 0.028000 0.228571
0 0.171000 0.446429 0.030000 0.150000
3 0.216000 0.453571 0.016000 0.292857
2 0.310000 0.496429 0.036000 0.078571
3 0.440000 0.417857 0.112000 0.321429
0 0.431000 0.125000 0.038000 0.107143
0 0.403000 0.821429 0.030000 0.171429
2 0.445000 0.835714 0.026000 0.071429
1 0.482000 0.842857 0.004000 0.157143
3 0.552000 0.450000 0.020000 0.314286
2 0.605000 0.471429 0.046000 0.014286
1 0.668000 0.485714 0.004000 0.200000
3 0.708000 0.475000 0.032000 0.321429
0 0.749000 0.289286 0.030000 0.092857
2 0.796000 0.300000 0.028000 0.014286
0 0.837000 0.271429 0.034000 0.142857
0 0.908000 0.521429 0.056000 0.285714
3 0.971000 0.517857 0.014000 0.250000