3 0.102000 0.419118 0.152000 0.338235
0 0.048000 0.808824 0.056000 0.176471
3 0.114000 0.779412 0.068000 0.191176
3 0.200000 0.786765 0.064000 0.176471
3 0.306000 0.503676 0.068000 0.772059
0 0.366000 0.216912 0.052000 0.183824
1 0.340000 0.838235 0.032000 0.161765
0 0.442000 0.544118 0.048000 0.264706
2 0.485000 0.330882 0.034000 0.014706
0 0.541000 0.356618 0.038000 0.257353
1 0.572000 0.136029 0.036000 0.125000
0 0.607000 0.518382 0.046000 0.389706
0 0.676000 0.716912 0.060000 0.301471
2 0.744000 0.676471 0.044000 0.088235
2 0.882000 0.669118 0.104000 0.029412
3 0.909000 0.404412 0.138000 0.294118
3 0.917000 0.481618 0.074000 0.183824
1 0.884000 0.838235 0.064000 0.147059