0 0.048000 0.518182 0.056000 0.321212
2 0.121000 0.518182 0.026000 0.066667
3 0.414000 0.496970 0.508000 0.872727
0 0.275000 0.460606 0.046000 0.133333
2 0.338000 0.418182 0.044000 0.109091
2 0.517000 0.409091 0.206000 0.090909
1 0.556000 0.242424 0.008000 0.145455
3 0.521000 0.690909 0.218000 0.460606
0 0.490000 0.772727 0.052000 0.090909
2 0.556000 0.712121 0.032000 0.127273
2 0.618000 0.715152 0.044000 0.024242
1 0.615000 0.615152 0.002000 0.078788
3 0.613000 0.845455 0.054000 0.163636
0 0.631000 0.866667 0.042000 0.072727
2 0.744000 0.403030 0.060000 0.200000
3 0.901000 0.427273 0.154000 0.381818
0 0.926000 0.460606 0.040000 0.230303