3 0.080000 0.332278 0.116000 0.474684
0 0.037000 0.756329 0.034000 0.120253
3 0.094000 0.743671 0.048000 0.082278
3 0.155000 0.715190 0.042000 0.151899
3 0.254000 0.417722 0.048000 0.594937
0 0.324000 0.129747 0.052000 0.132911
1 0.291000 0.759494 0.026000 0.101266
0 0.396000 0.493671 0.044000 0.189873
2 0.449000 0.297468 0.034000 0.012658
0 0.506000 0.294304 0.024000 0.120253
1 0.544000 0.234177 0.024000 0.088608
0 0.580000 0.487342 0.052000 0.303797
0 0.640000 0.636076 0.024000 0.221519
2 0.698000 0.636076 0.036000 0.069620
2 0.867000 0.617089 0.194000 0.031646
3 0.884000 0.344937 0.188000 0.348101
3 0.906000 0.382911 0.068000 0.208861
1 0.861000 0.819620 0.034000 0.221519