3 0.028000 0.550725 0.016000 0.608696
0 0.085000 0.557971 0.054000 0.275362
1 0.118000 0.405797 0.020000 0.115942
2 0.174000 0.543478 0.024000 0.304348
0 0.201000 0.507246 0.030000 0.434783
1 0.227000 0.413043 0.014000 0.101449
3 0.269000 0.449275 0.022000 0.579710
3 0.316000 0.442029 0.024000 0.420290
0 0.353000 0.485507 0.026000 0.246377
1 0.391000 0.391304 0.018000 0.115942
2 0.437000 0.478261 0.030000 0.260870
0 0.478000 0.485507 0.036000 0.333333
1 0.511000 0.449275 0.018000 0.086957
3 0.536000 0.478261 0.024000 0.521739
3 0.594000 0.485507 0.040000 0.275362
3 0.659000 0.398551 0.014000 0.449275
0 0.711000 0.463768 0.038000 0.202899
0 0.747000 0.456522 0.022000 0.188406
2 0.804000 0.405797 0.032000 0.289855
0 0.847000 0.420290 0.026000 0.347826
0 0.881000 0.347826 0.030000 0.405797
3 0.926000 0.471014 0.028000 0.623188
1 0.964000 0.253623 0.028000 0.188406