3 0.032000 0.500000 0.024000 0.586207
0 0.086000 0.534483 0.036000 0.275862
1 0.101000 0.241379 0.018000 0.137931
2 0.137000 0.474138 0.026000 0.258621
0 0.183000 0.491379 0.022000 0.500000
1 0.214000 0.258621 0.032000 0.137931
3 0.253000 0.500000 0.014000 0.517241
3 0.295000 0.543103 0.022000 0.431034
0 0.330000 0.525862 0.028000 0.224138
1 0.353000 0.327586 0.014000 0.103448
2 0.391000 0.482759 0.030000 0.241379
0 0.447000 0.500000 0.034000 0.413793
1 0.489000 0.284483 0.030000 0.155172
3 0.520000 0.517241 0.012000 0.551724
3 0.588000 0.431034 0.060000 0.413793
3 0.661000 0.465517 0.018000 0.379310
0 0.702000 0.474138 0.032000 0.224138
0 0.746000 0.491379 0.032000 0.224138
2 0.786000 0.491379 0.032000 0.224138
0 0.842000 0.491379 0.020000 0.534483
0 0.881000 0.517241 0.038000 0.448276
3 0.918000 0.560345 0.028000 0.534483
1 0.968000 0.258621 0.020000 0.172414