3 0.033000 0.500000 0.026000 0.589041
0 0.070000 0.513699 0.032000 0.260274
1 0.098000 0.267123 0.040000 0.205479
2 0.130000 0.458904 0.040000 0.260274
0 0.170000 0.417808 0.020000 0.452055
1 0.199000 0.287671 0.038000 0.136986
3 0.226000 0.452055 0.044000 0.630137
3 0.275000 0.445205 0.034000 0.561644
0 0.309000 0.493151 0.034000 0.246575
1 0.353000 0.308219 0.034000 0.150685
2 0.393000 0.493151 0.054000 0.246575
0 0.443000 0.431507 0.030000 0.424658
1 0.478000 0.356164 0.032000 0.164384
3 0.502000 0.472603 0.036000 0.589041
3 0.572000 0.493151 0.056000 0.438356
3 0.662000 0.500000 0.036000 0.561644
0 0.699000 0.493151 0.042000 0.273973
0 0.736000 0.479452 0.028000 0.246575
2 0.781000 0.520548 0.038000 0.246575
0 0.827000 0.472603 0.026000 0.397260
0 0.864000 0.438356 0.032000 0.438356
3 0.893000 0.561644 0.042000 0.602740
1 0.955000 0.267123 0.046000 0.150685