3 0.064000 0.398649 0.088000 0.337838
3 0.145000 0.391892 0.014000 0.486486
3 0.177000 0.418919 0.034000 0.297297
2 0.208000 0.459459 0.024000 0.216216
3 0.240000 0.486486 0.028000 0.432432
3 0.277000 0.466216 0.022000 0.445946
3 0.347000 0.418919 0.070000 0.297297
3 0.411000 0.445946 0.018000 0.513514
3 0.448000 0.445946 0.036000 0.297297
2 0.482000 0.452703 0.020000 0.013514
3 0.517000 0.493243 0.026000 0.472973
3 0.550000 0.472973 0.016000 0.486486
2 0.598000 0.425676 0.020000 0.121622
3 0.676000 0.412162 0.076000 0.337838
1 0.735000 0.209459 0.026000 0.148649
3 0.761000 0.432432 0.038000 0.351351
2 0.813000 0.466216 0.034000 0.013514
3 0.875000 0.452703 0.062000 0.310811
1 0.927000 0.283784 0.030000 0.162162
3 0.959000 0.601351 0.038000 0.500000