2 0.480000 0.356574 0.920000 0.099602
1 0.452000 0.119522 0.108000 0.159363
2 0.551000 0.703187 0.854000 0.099602
1 0.209000 0.583665 0.034000 0.147410
0 0.282000 0.607570 0.056000 0.067729
2 0.368000 0.583665 0.044000 0.011952
1 0.454000 0.557769 0.052000 0.135458
0 0.532000 0.591633 0.056000 0.083665
3 0.605000 0.541833 0.058000 0.103586
1 0.697000 0.525896 0.042000 0.183267
0 0.755000 0.468127 0.030000 0.075697
2 0.796000 0.559761 0.056000 0.011952
1 0.871000 0.511952 0.038000 0.171315
0 0.939000 0.440239 0.046000 0.067729
1 0.337000 0.892430 0.074000 0.135458
0 0.425000 0.896414 0.050000 0.111554
2 0.502000 0.876494 0.060000 0.015936
1 0.584000 0.852590 0.028000 0.191235