3 0.094000 0.623656 0.148000 0.634409
0 0.223000 0.591398 0.046000 0.344086
0 0.279000 0.435484 0.046000 0.236559
3 0.362000 0.569892 0.056000 0.602151
3 0.432000 0.596774 0.032000 0.387097
2 0.502000 0.594086 0.060000 0.059140
0 0.503000 0.419355 0.042000 0.161290
0 0.487000 0.739247 0.042000 0.177419
3 0.556000 0.577957 0.028000 0.489247
0 0.617000 0.373656 0.066000 0.198925
2 0.667000 0.526882 0.046000 0.225806
1 0.716000 0.497312 0.032000 0.274194
3 0.774000 0.478495 0.048000 0.548387
3 0.850000 0.553763 0.072000 0.591398
2 0.944000 0.271505 0.068000 0.037634
1 0.960000 0.147849 0.024000 0.188172
0 0.941000 0.354839 0.054000 0.129032