3 0.067000 0.594675 0.094000 0.680473
0 0.148000 0.591716 0.048000 0.224852
0 0.192000 0.458580 0.052000 0.147929
3 0.290000 0.556213 0.048000 0.544379
3 0.368000 0.576923 0.020000 0.384615
2 0.427000 0.573964 0.074000 0.023669
0 0.422000 0.420118 0.044000 0.142012
0 0.434000 0.683432 0.048000 0.124260
3 0.512000 0.514793 0.048000 0.402367
0 0.555000 0.316568 0.038000 0.159763
2 0.606000 0.624260 0.044000 0.147929
1 0.684000 0.585799 0.004000 0.177515
3 0.766000 0.532544 0.064000 0.556213
3 0.850000 0.505917 0.092000 0.585799
2 0.938000 0.162722 0.060000 0.005917
1 0.949000 0.079882 0.006000 0.041420
0 0.947000 0.310651 0.062000 0.136095