3 0.184000 0.495455 0.328000 0.336364
0 0.061000 0.879545 0.042000 0.150000
3 0.176000 0.865909 0.092000 0.095455
1 0.295000 0.847727 0.074000 0.140909
2 0.634000 0.545455 0.196000 0.009091
3 0.542000 0.256818 0.140000 0.159091
3 0.646000 0.268182 0.020000 0.136364
2 0.722000 0.215909 0.040000 0.004545
0 0.736000 0.090909 0.044000 0.090909
1 0.723000 0.352273 0.034000 0.095455
2 0.805000 0.286364 0.050000 0.009091
0 0.869000 0.229545 0.034000 0.122727
3 0.964000 0.225000 0.024000 0.177273
2 0.493000 0.715909 0.054000 0.013636
1 0.596000 0.740909 0.068000 0.218182
0 0.676000 0.797727 0.048000 0.140909