3 0.040000 0.518182 0.040000 0.472727
0 0.094000 0.645455 0.044000 0.454545
2 0.165000 0.468182 0.042000 0.245455
1 0.227000 0.477273 0.002000 0.372727
3 0.286000 0.445455 0.024000 0.436364
1 0.335000 0.168182 0.050000 0.154545
2 0.404000 0.477273 0.048000 0.136364
0 0.506000 0.631818 0.076000 0.500000
1 0.587000 0.290909 0.034000 0.181818
2 0.639000 0.550000 0.062000 0.336364
1 0.725000 0.518182 0.050000 0.327273
0 0.798000 0.659091 0.068000 0.481818
2 0.890000 0.531818 0.068000 0.390909
1 0.973000 0.545455 0.010000 0.490909