3 0.103000 0.325000 0.166000 0.483333
0 0.066000 0.837500 0.044000 0.141667
3 0.115000 0.812500 0.038000 0.141667
1 0.161000 0.841667 0.026000 0.133333
2 0.625000 0.475000 0.706000 0.050000
3 0.311000 0.241667 0.022000 0.283333
2 0.404000 0.266667 0.024000 0.033333
3 0.476000 0.300000 0.072000 0.166667
0 0.543000 0.308333 0.038000 0.150000
3 0.589000 0.287500 0.018000 0.191667
3 0.638000 0.287500 0.028000 0.241667
1 0.681000 0.312500 0.002000 0.208333
2 0.730000 0.291667 0.032000 0.183333
3 0.809000 0.341667 0.082000 0.166667
0 0.883000 0.358333 0.038000 0.116667
3 0.931000 0.341667 0.026000 0.200000
0 0.454000 0.775000 0.056000 0.183333
1 0.497000 0.716667 0.026000 0.083333
3 0.547000 0.750000 0.014000 0.183333
1 0.587000 0.762500 0.002000 0.158333
2 0.635000 0.750000 0.034000 0.150000
3 0.726000 0.775000 0.088000 0.166667
0 0.814000 0.779167 0.048000 0.125000
3 0.859000 0.741667 0.030000 0.200000