0 0.047000 0.514706 0.054000 0.245098
0 0.133000 0.225490 0.042000 0.176471
0 0.105000 0.622549 0.022000 0.147059
2 0.208000 0.588235 0.024000 0.176471
0 0.274000 0.612745 0.032000 0.500000
0 0.354000 0.269608 0.020000 0.303922
0 0.315000 0.725490 0.022000 0.235294
2 0.414000 0.553922 0.024000 0.166667
0 0.492000 0.598039 0.044000 0.313725
0 0.570000 0.200980 0.032000 0.205882
0 0.543000 0.813725 0.014000 0.137255
2 0.650000 0.705882 0.032000 0.058824
0 0.717000 0.676471 0.054000 0.235294
2 0.771000 0.642157 0.026000 0.029412
0 0.824000 0.715686 0.032000 0.372549
2 0.869000 0.651961 0.030000 0.029412
0 0.954000 0.617647 0.048000 0.313725