3 0.138000 0.558233 0.236000 0.353414
0 0.053000 0.853414 0.062000 0.204819
3 0.147000 0.877510 0.066000 0.084337
1 0.251000 0.891566 0.046000 0.120482
2 0.640000 0.574297 0.672000 0.040161
3 0.418000 0.257028 0.132000 0.128514
3 0.554000 0.232932 0.032000 0.369478
2 0.644000 0.242972 0.080000 0.028112
0 0.641000 0.102410 0.062000 0.124498
1 0.633000 0.399598 0.046000 0.132530
2 0.746000 0.242972 0.056000 0.004016
0 0.848000 0.204819 0.060000 0.160643
3 0.950000 0.265060 0.040000 0.385542
2 0.528000 0.748996 0.060000 0.020080
1 0.608000 0.763052 0.052000 0.120482
0 0.690000 0.761044 0.080000 0.172691