3 0.172000 0.326848 0.304000 0.568093
0 0.072000 0.840467 0.096000 0.233463
3 0.192000 0.830739 0.084000 0.128405
1 0.290000 0.805447 0.056000 0.132296
2 0.621000 0.482490 0.450000 0.085603
3 0.488000 0.280156 0.152000 0.202335
3 0.628000 0.239300 0.056000 0.400778
2 0.728000 0.245136 0.092000 0.031128
0 0.727000 0.151751 0.062000 0.124514
1 0.719000 0.383268 0.062000 0.089494
2 0.812000 0.266537 0.040000 0.011673
0 0.880000 0.229572 0.072000 0.155642
3 0.956000 0.237354 0.044000 0.350195
2 0.484000 0.762646 0.064000 0.015564
1 0.584000 0.754864 0.080000 0.147860
0 0.661000 0.729572 0.070000 0.167315