0 0.060000 0.509901 0.080000 0.287129
0 0.130000 0.193069 0.056000 0.188119
0 0.113000 0.737624 0.050000 0.128713
2 0.192000 0.445545 0.044000 0.237624
0 0.284000 0.514851 0.088000 0.415842
0 0.362000 0.257426 0.056000 0.257426
0 0.319000 0.752475 0.062000 0.277228
2 0.411000 0.539604 0.050000 0.346535
0 0.494000 0.435644 0.060000 0.297030
0 0.538000 0.178218 0.032000 0.158416
0 0.532000 0.643564 0.028000 0.198020
2 0.611000 0.440594 0.038000 0.009901
0 0.671000 0.410891 0.062000 0.207921
2 0.739000 0.361386 0.014000 0.009901
0 0.809000 0.440594 0.078000 0.386139
2 0.903000 0.351485 0.026000 0.009901
0 0.955000 0.376238 0.046000 0.336634