0 0.044000 0.555556 0.048000 0.343434
0 0.130000 0.212121 0.040000 0.222222
0 0.115000 0.590909 0.042000 0.212121
2 0.201000 0.459596 0.042000 0.252525
0 0.285000 0.585859 0.042000 0.464646
0 0.343000 0.247475 0.030000 0.292929
0 0.333000 0.742424 0.030000 0.292929
2 0.411000 0.459596 0.046000 0.272727
0 0.474000 0.500000 0.040000 0.313131
0 0.549000 0.272727 0.042000 0.181818
0 0.536000 0.626263 0.040000 0.161616
2 0.631000 0.631313 0.046000 0.010101
0 0.687000 0.555556 0.070000 0.404040
2 0.765000 0.515152 0.046000 0.020202
0 0.821000 0.560606 0.046000 0.414141
2 0.898000 0.505051 0.044000 0.060606
0 0.951000 0.469697 0.054000 0.292929