0 0.053000 0.547170 0.066000 0.358491
0 0.126000 0.245283 0.036000 0.207547
0 0.117000 0.754717 0.026000 0.113208
2 0.204000 0.518868 0.044000 0.245283
0 0.282000 0.622642 0.056000 0.547170
0 0.336000 0.344340 0.024000 0.254717
0 0.310000 0.792453 0.020000 0.169811
2 0.396000 0.514151 0.040000 0.292453
0 0.477000 0.448113 0.070000 0.349057
0 0.535000 0.179245 0.034000 0.169811
0 0.528000 0.636792 0.036000 0.179245
2 0.612000 0.400943 0.060000 0.028302
0 0.664000 0.415094 0.044000 0.283019
2 0.746000 0.419811 0.060000 0.028302
0 0.816000 0.485849 0.048000 0.424528
2 0.881000 0.415094 0.050000 0.018868
0 0.941000 0.443396 0.074000 0.320755