0 0.063000 0.558824 0.086000 0.529412
0 0.133000 0.225490 0.034000 0.235294
0 0.150000 0.774510 0.032000 0.196078
2 0.230000 0.485294 0.044000 0.205882
0 0.319000 0.529412 0.066000 0.568627
0 0.390000 0.220588 0.048000 0.245098
0 0.393000 0.779412 0.054000 0.225490
2 0.474000 0.568627 0.036000 0.176471
0 0.567000 0.500000 0.050000 0.470588
0 0.637000 0.235294 0.022000 0.235294
0 0.629000 0.803922 0.026000 0.176471
0 0.751000 0.524510 0.050000 0.284314
0 0.857000 0.563725 0.046000 0.401961
2 0.898000 0.563725 0.012000 0.009804
0 0.956000 0.553922 0.044000 0.323529