2 0.498000 0.374286 0.956000 0.074286
1 0.469000 0.125714 0.074000 0.137143
2 0.385000 0.768571 0.446000 0.017143
1 0.194000 0.597143 0.024000 0.200000
0 0.241000 0.645714 0.046000 0.102857
2 0.315000 0.597143 0.042000 0.005714
1 0.378000 0.602857 0.040000 0.097143
0 0.423000 0.622857 0.026000 0.114286
3 0.484000 0.602857 0.036000 0.120000
1 0.545000 0.597143 0.026000 0.222857
0 0.585000 0.511429 0.018000 0.097143
2 0.626000 0.614286 0.040000 0.017143
1 0.667000 0.608571 0.030000 0.222857
0 0.715000 0.531429 0.026000 0.068571
1 0.332000 0.862857 0.036000 0.125714
0 0.380000 0.897143 0.028000 0.068571
2 0.440000 0.888571 0.044000 0.005714
1 0.478000 0.885714 0.004000 0.114286