0 0.053000 0.549505 0.066000 0.425743
0 0.149000 0.306931 0.022000 0.198020
0 0.121000 0.722772 0.030000 0.198020
2 0.199000 0.529703 0.038000 0.247525
0 0.288000 0.599010 0.048000 0.465347
0 0.377000 0.316832 0.026000 0.198020
0 0.342000 0.727723 0.024000 0.247525
2 0.423000 0.524752 0.050000 0.257426
0 0.523000 0.539604 0.050000 0.425743
0 0.582000 0.222772 0.036000 0.247525
0 0.582000 0.782178 0.032000 0.217822
0 0.715000 0.495050 0.038000 0.257426
2 0.765000 0.504950 0.030000 0.019802
0 0.823000 0.603960 0.034000 0.475248
2 0.883000 0.504950 0.030000 0.019802
0 0.946000 0.539604 0.064000 0.366337