3 0.174000 0.430876 0.188000 0.345622
0 0.058000 0.790323 0.076000 0.327189
3 0.144000 0.822581 0.064000 0.152074
1 0.225000 0.824885 0.058000 0.092166
2 0.597000 0.516129 0.358000 0.055300
3 0.452000 0.292627 0.164000 0.216590
3 0.587000 0.288018 0.062000 0.317972
2 0.645000 0.232719 0.070000 0.059908
0 0.666000 0.101382 0.088000 0.110599
1 0.648000 0.400922 0.072000 0.073733
2 0.767000 0.198157 0.070000 0.009217
0 0.835000 0.237327 0.086000 0.262673
3 0.946000 0.214286 0.064000 0.290323
2 0.427000 0.730415 0.030000 0.013825
1 0.531000 0.758065 0.058000 0.152074
0 0.613000 0.748848 0.082000 0.188940