3 0.028000 0.421053 0.016000 0.463158
0 0.122000 0.610526 0.064000 0.568421
2 0.211000 0.457895 0.050000 0.263158
1 0.287000 0.515789 0.006000 0.336842
3 0.355000 0.515789 0.034000 0.484211
1 0.409000 0.221053 0.026000 0.210526
2 0.471000 0.521053 0.038000 0.136842
0 0.581000 0.563158 0.062000 0.473684
1 0.649000 0.215789 0.038000 0.221053
2 0.694000 0.463158 0.044000 0.378947
1 0.765000 0.389474 0.038000 0.378947
0 0.813000 0.600000 0.054000 0.484211
2 0.905000 0.442105 0.054000 0.336842
1 0.976000 0.452632 0.004000 0.357895