0 0.065000 0.458716 0.090000 0.348624
0 0.138000 0.169725 0.028000 0.137615
0 0.142000 0.614679 0.028000 0.128440
2 0.211000 0.366972 0.034000 0.238532
0 0.273000 0.541284 0.062000 0.568807
0 0.331000 0.174312 0.034000 0.165138
0 0.326000 0.766055 0.036000 0.284404
2 0.398000 0.431193 0.044000 0.238532
0 0.485000 0.490826 0.042000 0.266055
0 0.514000 0.247706 0.016000 0.146789
0 0.533000 0.678899 0.026000 0.110092
2 0.592000 0.426606 0.032000 0.045872
0 0.665000 0.394495 0.054000 0.220183
0 0.799000 0.504587 0.046000 0.385321
2 0.874000 0.440367 0.028000 0.018349
0 0.950000 0.458716 0.056000 0.256881