0 0.056000 0.661616 0.072000 0.292929
1 0.147000 0.424242 0.030000 0.121212
1 0.115000 0.803030 0.010000 0.171717
2 0.239000 0.616162 0.054000 0.242424
0 0.338000 0.641414 0.060000 0.252525
1 0.408000 0.404040 0.016000 0.161616
1 0.406000 0.691919 0.020000 0.090909
2 0.500000 0.651515 0.040000 0.313131
0 0.602000 0.661616 0.072000 0.272727
1 0.695000 0.398990 0.038000 0.151515
1 0.661000 0.732323 0.018000 0.212121
2 0.788000 0.616162 0.040000 0.262626
0 0.890000 0.626263 0.068000 0.282828
1 0.961000 0.232323 0.026000 0.262626
1 0.960000 0.696970 0.036000 0.282828