3 0.039000 0.470588 0.038000 0.661765
2 0.078000 0.216912 0.036000 0.022059
3 0.078000 0.125000 0.024000 0.102941
1 0.093000 0.283088 0.026000 0.066176
1 0.068000 0.886029 0.024000 0.066176
3 0.140000 0.500000 0.028000 0.382353
3 0.198000 0.474265 0.024000 0.183824
3 0.268000 0.496324 0.076000 0.125000
0 0.336000 0.514706 0.032000 0.117647
2 0.383000 0.500000 0.030000 0.088235
0 0.425000 0.492647 0.038000 0.117647
0 0.444000 0.393382 0.016000 0.066176
3 0.482000 0.466912 0.012000 0.169118
2 0.523000 0.477941 0.030000 0.029412
3 0.587000 0.441176 0.022000 0.235294
0 0.624000 0.470588 0.036000 0.147059
0 0.647000 0.360294 0.022000 0.088235
2 0.666000 0.503676 0.032000 0.022059
3 0.740000 0.459559 0.088000 0.110294
0 0.802000 0.455882 0.036000 0.117647
3 0.836000 0.422794 0.024000 0.242647
3 0.869000 0.437500 0.022000 0.286765
0 0.927000 0.393382 0.038000 0.272059
0 0.960000 0.459559 0.036000 0.139706