2 0.499000 0.427928 0.958000 0.090090
1 0.401000 0.108108 0.078000 0.126126
2 0.516000 0.747748 0.696000 0.036036
1 0.191000 0.592342 0.030000 0.112613
0 0.261000 0.583333 0.062000 0.085586
2 0.339000 0.569820 0.038000 0.004505
1 0.398000 0.560811 0.036000 0.103604
0 0.449000 0.569820 0.050000 0.094595
3 0.526000 0.556306 0.036000 0.076577
1 0.597000 0.547297 0.042000 0.166667
0 0.640000 0.488739 0.036000 0.076577
2 0.693000 0.576577 0.054000 0.009009
1 0.760000 0.569820 0.040000 0.175676
0 0.823000 0.495495 0.046000 0.063063
1 0.436000 0.894144 0.068000 0.103604
0 0.491000 0.891892 0.042000 0.063063
2 0.552000 0.898649 0.032000 0.004505
1 0.588000 0.898649 0.008000 0.112613