2 0.499000 0.350575 0.958000 0.042146
1 0.474000 0.099617 0.040000 0.122605
2 0.356000 0.697318 0.428000 0.068966
0 0.260000 0.611111 0.088000 0.065134
2 0.352000 0.559387 0.040000 0.015326
1 0.409000 0.538314 0.026000 0.111111
0 0.472000 0.593870 0.036000 0.053640
3 0.546000 0.567050 0.028000 0.076628
1 0.614000 0.553640 0.048000 0.149425
0 0.676000 0.477011 0.024000 0.049808
2 0.729000 0.584291 0.042000 0.011494
1 0.790000 0.588123 0.044000 0.134100
0 0.874000 0.482759 0.084000 0.053640
1 0.286000 0.896552 0.056000 0.130268
0 0.375000 0.904215 0.046000 0.053640
2 0.470000 0.890805 0.044000 0.019157
1 0.511000 0.904215 0.002000 0.114943
1 0.183000 0.570881 0.034000 0.145594