3 0.063000 0.486842 0.086000 0.710526
2 0.137000 0.223684 0.026000 0.008772
3 0.140000 0.140351 0.028000 0.105263
1 0.141000 0.337719 0.026000 0.114035
1 0.099000 0.850877 0.030000 0.122807
3 0.200000 0.543860 0.028000 0.491228
3 0.238000 0.596491 0.012000 0.228070
3 0.300000 0.614035 0.076000 0.105263
0 0.368000 0.587719 0.028000 0.140351
2 0.413000 0.600877 0.022000 0.149123
0 0.456000 0.578947 0.028000 0.122807
0 0.480000 0.473684 0.020000 0.122807
3 0.515000 0.552632 0.014000 0.175439
2 0.555000 0.543860 0.026000 0.017544
3 0.596000 0.530702 0.012000 0.184211
0 0.636000 0.570175 0.032000 0.140351
0 0.657000 0.438596 0.018000 0.105263
2 0.690000 0.557018 0.028000 0.008772
3 0.754000 0.530702 0.064000 0.096491
0 0.815000 0.513158 0.026000 0.096491
3 0.845000 0.500000 0.014000 0.140351
3 0.881000 0.491228 0.018000 0.350877
0 0.924000 0.464912 0.028000 0.210526
0 0.962000 0.517544 0.032000 0.122807