3 0.058000 0.622283 0.076000 0.635870
0 0.129000 0.472826 0.034000 0.293478
0 0.175000 0.355978 0.030000 0.103261
3 0.264000 0.510870 0.024000 0.543478
3 0.329000 0.510870 0.022000 0.315217
2 0.422000 0.521739 0.080000 0.010870
0 0.430000 0.423913 0.040000 0.130435
0 0.424000 0.671196 0.016000 0.135870
3 0.518000 0.565217 0.028000 0.336957
0 0.555000 0.345109 0.038000 0.114130
2 0.634000 0.494565 0.076000 0.228261
1 0.725000 0.513587 0.006000 0.211957
3 0.794000 0.502717 0.028000 0.548913
3 0.852000 0.562500 0.072000 0.657609
2 0.944000 0.236413 0.068000 0.027174
1 0.942000 0.119565 0.004000 0.130435
0 0.948000 0.315217 0.028000 0.108696