3 0.097000 0.386986 0.154000 0.486301
0 0.057000 0.832192 0.050000 0.184932
3 0.116000 0.794521 0.060000 0.150685
1 0.185000 0.794521 0.030000 0.191781
2 0.604000 0.455479 0.748000 0.143836
3 0.247000 0.325342 0.018000 0.267123
1 0.283000 0.328767 0.006000 0.178082
2 0.313000 0.301370 0.038000 0.027397
3 0.386000 0.287671 0.068000 0.164384
0 0.441000 0.280822 0.026000 0.109589
3 0.475000 0.256849 0.022000 0.280822
3 0.520000 0.219178 0.024000 0.260274
1 0.556000 0.229452 0.012000 0.226027
2 0.593000 0.239726 0.046000 0.150685
3 0.669000 0.232877 0.078000 0.136986
0 0.735000 0.229452 0.034000 0.143836
3 0.777000 0.202055 0.022000 0.267123
0 0.330000 0.773973 0.044000 0.150685
1 0.375000 0.647260 0.034000 0.061644
3 0.420000 0.702055 0.016000 0.294521
1 0.446000 0.712329 0.008000 0.164384
2 0.479000 0.698630 0.046000 0.136986
3 0.555000 0.684932 0.074000 0.136986
0 0.627000 0.664384 0.038000 0.123288
3 0.674000 0.640411 0.028000 0.294521