3 0.066000 0.497706 0.092000 0.802752
0 0.153000 0.435780 0.054000 0.256881
0 0.216000 0.339450 0.056000 0.100917
3 0.295000 0.495413 0.090000 0.614679
3 0.365000 0.513761 0.034000 0.440367
2 0.441000 0.500000 0.090000 0.027523
0 0.447000 0.371560 0.058000 0.082569
0 0.433000 0.658257 0.030000 0.188073
3 0.521000 0.527523 0.046000 0.458716
0 0.574000 0.325688 0.060000 0.091743
2 0.627000 0.520642 0.074000 0.160550
1 0.710000 0.529817 0.008000 0.224771
3 0.772000 0.536697 0.096000 0.568807
3 0.855000 0.573394 0.058000 0.752294
2 0.946000 0.169725 0.064000 0.018349
1 0.952000 0.098624 0.004000 0.105505
0 0.951000 0.268349 0.050000 0.077982