2 0.499000 0.356195 0.958000 0.013274
1 0.516000 0.130531 0.128000 0.172566
2 0.485000 0.699115 0.650000 0.035398
1 0.156000 0.530973 0.028000 0.132743
0 0.225000 0.544248 0.054000 0.070796
2 0.313000 0.537611 0.038000 0.013274
1 0.377000 0.546460 0.042000 0.092920
0 0.432000 0.548673 0.040000 0.061947
3 0.488000 0.537611 0.036000 0.084071
1 0.535000 0.546460 0.030000 0.146018
0 0.574000 0.506637 0.020000 0.039823
2 0.653000 0.559735 0.050000 0.013274
1 0.721000 0.561947 0.030000 0.150442
0 0.783000 0.504425 0.046000 0.044248
1 0.405000 0.887168 0.062000 0.119469
0 0.477000 0.896018 0.038000 0.119469
2 0.554000 0.891593 0.028000 0.022124
1 0.598000 0.884956 0.004000 0.132743