3 0.030000 0.490566 0.020000 0.547170
0 0.110000 0.575472 0.044000 0.566038
2 0.188000 0.509434 0.040000 0.207547
1 0.242000 0.523585 0.008000 0.311321
3 0.299000 0.466981 0.046000 0.500000
1 0.326000 0.160377 0.032000 0.132075
2 0.406000 0.490566 0.040000 0.113208
0 0.537000 0.594340 0.070000 0.603774
1 0.577000 0.292453 0.026000 0.150943
2 0.651000 0.438679 0.058000 0.292453
1 0.749000 0.415094 0.058000 0.264151
0 0.827000 0.528302 0.062000 0.433962
2 0.896000 0.448113 0.044000 0.273585
1 0.969000 0.466981 0.018000 0.292453