0 0.056000 0.500000 0.072000 0.488889
0 0.125000 0.188889 0.022000 0.133333
0 0.123000 0.716667 0.022000 0.166667
2 0.189000 0.455556 0.038000 0.222222
0 0.289000 0.511111 0.058000 0.444444
0 0.345000 0.205556 0.022000 0.188889
0 0.327000 0.766667 0.026000 0.244444
2 0.414000 0.405556 0.040000 0.277778
0 0.501000 0.472222 0.046000 0.344444
0 0.551000 0.227778 0.014000 0.122222
0 0.551000 0.677778 0.018000 0.155556
2 0.608000 0.461111 0.032000 0.033333
0 0.686000 0.450000 0.052000 0.322222
2 0.760000 0.472222 0.032000 0.011111
0 0.821000 0.588889 0.038000 0.577778
2 0.896000 0.488889 0.044000 0.022222
0 0.960000 0.438889 0.036000 0.300000