2 0.499000 0.327703 0.958000 0.020270
1 0.483000 0.108108 0.110000 0.148649
2 0.501000 0.704392 0.806000 0.023649
1 0.085000 0.471284 0.050000 0.138514
0 0.168000 0.510135 0.064000 0.101351
2 0.284000 0.498311 0.052000 0.003378
1 0.350000 0.493243 0.068000 0.108108
0 0.405000 0.518581 0.050000 0.097973
3 0.518000 0.510135 0.064000 0.114865
1 0.604000 0.530405 0.048000 0.148649
0 0.678000 0.427365 0.028000 0.064189
2 0.752000 0.498311 0.068000 0.003378
1 0.835000 0.533784 0.058000 0.189189
0 0.930000 0.410473 0.068000 0.070946
1 0.376000 0.880068 0.072000 0.097973
0 0.451000 0.898649 0.046000 0.114865
2 0.556000 0.878378 0.072000 0.006757
1 0.636000 0.893581 0.004000 0.145270