3 0.061000 0.560680 0.082000 0.781553
0 0.141000 0.536408 0.058000 0.325243
0 0.185000 0.495146 0.038000 0.126214
3 0.279000 0.606796 0.046000 0.524272
3 0.369000 0.582524 0.026000 0.368932
2 0.446000 0.589806 0.084000 0.024272
0 0.436000 0.487864 0.048000 0.092233
0 0.448000 0.716019 0.032000 0.189320
3 0.507000 0.565534 0.046000 0.383495
0 0.546000 0.330097 0.032000 0.116505
2 0.631000 0.514563 0.054000 0.155340
1 0.699000 0.475728 0.002000 0.194175
3 0.757000 0.495146 0.042000 0.398058
3 0.862000 0.480583 0.072000 0.592233
2 0.952000 0.169903 0.052000 0.009709
1 0.958000 0.080097 0.004000 0.063107
0 0.953000 0.274272 0.030000 0.072816