2 0.499000 0.351064 0.958000 0.055319
1 0.517000 0.134043 0.086000 0.182979
1 0.179000 0.538298 0.042000 0.182979
0 0.251000 0.582979 0.062000 0.119149
1 0.411000 0.538298 0.062000 0.191489
0 0.464000 0.589362 0.052000 0.140426
3 0.554000 0.514894 0.056000 0.170213
1 0.623000 0.557447 0.046000 0.255319
0 0.685000 0.431915 0.034000 0.123404
2 0.760000 0.542553 0.084000 0.021277
1 0.848000 0.553191 0.048000 0.263830
0 0.921000 0.421277 0.058000 0.119149
2 0.530000 0.700000 0.756000 0.038298
1 0.363000 0.872340 0.086000 0.127660
0 0.465000 0.885106 0.050000 0.144681
2 0.575000 0.802128 0.074000 0.021277
1 0.676000 0.812766 0.008000 0.178723
2 0.345000 0.497872 0.046000 0.008511