2 0.498000 0.268349 0.956000 0.096330
1 0.432000 0.084862 0.072000 0.077982
2 0.502000 0.704128 0.536000 0.032110
1 0.213000 0.497706 0.034000 0.142202
0 0.267000 0.555046 0.042000 0.064220
2 0.321000 0.522936 0.018000 0.009174
1 0.366000 0.516055 0.036000 0.123853
0 0.404000 0.552752 0.024000 0.068807
3 0.464000 0.543578 0.032000 0.087156
1 0.518000 0.534404 0.020000 0.169725
0 0.556000 0.454128 0.032000 0.091743
2 0.623000 0.527523 0.042000 0.018349
1 0.675000 0.534404 0.038000 0.178899
0 0.728000 0.438073 0.048000 0.105505
1 0.398000 0.878440 0.056000 0.142202
0 0.464000 0.910550 0.044000 0.077982
2 0.531000 0.866972 0.038000 0.009174
1 0.572000 0.873853 0.008000 0.105505