2 0.447000 0.324468 0.854000 0.095745
1 0.421000 0.106383 0.082000 0.141844
2 0.500000 0.671986 0.784000 0.109929
1 0.142000 0.540780 0.068000 0.180851
0 0.241000 0.544326 0.082000 0.124113
2 0.335000 0.549645 0.054000 0.021277
1 0.411000 0.537234 0.074000 0.124113
0 0.480000 0.514184 0.044000 0.120567
3 0.572000 0.512411 0.056000 0.138298
1 0.660000 0.498227 0.056000 0.180851
0 0.733000 0.391844 0.030000 0.074468
2 0.790000 0.475177 0.064000 0.007092
1 0.859000 0.487589 0.062000 0.187943
0 0.947000 0.379433 0.062000 0.085106
1 0.334000 0.890071 0.100000 0.099291
0 0.399000 0.902482 0.054000 0.124113
2 0.515000 0.875887 0.082000 0.007092
1 0.620000 0.859929 0.012000 0.124113