3 0.124000 0.326531 0.124000 0.326531
0 0.048000 0.751701 0.056000 0.129252
3 0.115000 0.714286 0.054000 0.149660
1 0.169000 0.704082 0.034000 0.102041
2 0.524000 0.523810 0.492000 0.054422
3 0.260000 0.261905 0.032000 0.374150
1 0.300000 0.224490 0.020000 0.231293
3 0.436000 0.248299 0.120000 0.170068
0 0.524000 0.238095 0.056000 0.108844
3 0.555000 0.251701 0.054000 0.231293
3 0.596000 0.241497 0.036000 0.346939
1 0.659000 0.265306 0.022000 0.258503
2 0.703000 0.255102 0.042000 0.102041
3 0.805000 0.244898 0.126000 0.163265
0 0.893000 0.241497 0.062000 0.115646
3 0.956000 0.241497 0.040000 0.210884
0 0.285000 0.765306 0.082000 0.170068
1 0.355000 0.642857 0.046000 0.074830
3 0.400000 0.789116 0.040000 0.285714
1 0.458000 0.758503 0.036000 0.251701
2 0.513000 0.744898 0.058000 0.129252
3 0.625000 0.806122 0.102000 0.183673
0 0.725000 0.802721 0.066000 0.122449
3 0.798000 0.785714 0.056000 0.197279