3 0.044000 0.612903 0.048000 0.564516
0 0.112000 0.701613 0.100000 0.435484
2 0.201000 0.604839 0.050000 0.225806
1 0.268000 0.629032 0.016000 0.322581
3 0.314000 0.604839 0.060000 0.483871
1 0.361000 0.189516 0.038000 0.153226
2 0.403000 0.528226 0.026000 0.185484
0 0.500000 0.576613 0.100000 0.459677
1 0.596000 0.165323 0.020000 0.169355
2 0.604000 0.516129 0.040000 0.225806
1 0.673000 0.479839 0.050000 0.266129
0 0.750000 0.564516 0.112000 0.467742
2 0.861000 0.487903 0.078000 0.298387
1 0.968000 0.419355 0.020000 0.403226