3 0.065000 0.582031 0.090000 0.273438
1 0.083000 0.613281 0.042000 0.148438
3 0.176000 0.539062 0.048000 0.750000
2 0.262000 0.480469 0.128000 0.023438
1 0.265000 0.257812 0.006000 0.265625
3 0.275000 0.710938 0.078000 0.281250
1 0.294000 0.742188 0.040000 0.140625
3 0.387000 0.457031 0.094000 0.320312
0 0.469000 0.480469 0.034000 0.210938
2 0.549000 0.453125 0.054000 0.343750
2 0.658000 0.445312 0.112000 0.031250
1 0.656000 0.242188 0.004000 0.328125
3 0.660000 0.730469 0.092000 0.273438
1 0.682000 0.746094 0.048000 0.132812
3 0.790000 0.476562 0.100000 0.203125
0 0.881000 0.453125 0.050000 0.203125
3 0.952000 0.500000 0.048000 0.593750