3 0.065000 0.547222 0.090000 0.772222
0 0.170000 0.511111 0.040000 0.355556
0 0.222000 0.416667 0.036000 0.144444
3 0.307000 0.547222 0.038000 0.605556
3 0.379000 0.544444 0.030000 0.544444
2 0.443000 0.550000 0.102000 0.066667
0 0.435000 0.377778 0.050000 0.155556
0 0.444000 0.713889 0.044000 0.205556
3 0.512000 0.541667 0.024000 0.438889
0 0.555000 0.372222 0.038000 0.155556
2 0.622000 0.594444 0.056000 0.244444
1 0.680000 0.586111 0.008000 0.250000
3 0.776000 0.641667 0.052000 0.605556
3 0.872000 0.611111 0.048000 0.633333
2 0.946000 0.230556 0.064000 0.016667
1 0.942000 0.113889 0.008000 0.116667
0 0.944000 0.341667 0.040000 0.116667