2 0.499000 0.390873 0.958000 0.154762
1 0.478000 0.132937 0.100000 0.186508
2 0.524000 0.688492 0.616000 0.130952
1 0.248000 0.611111 0.052000 0.134921
0 0.329000 0.623016 0.054000 0.063492
2 0.407000 0.581349 0.042000 0.011905
1 0.477000 0.567460 0.054000 0.095238
0 0.535000 0.589286 0.038000 0.075397
3 0.609000 0.541667 0.038000 0.075397
1 0.679000 0.529762 0.050000 0.123016
0 0.728000 0.460317 0.032000 0.063492
2 0.767000 0.541667 0.034000 0.003968
1 0.827000 0.543651 0.034000 0.134921
0 0.874000 0.458333 0.048000 0.067460
1 0.375000 0.910714 0.058000 0.099206
0 0.434000 0.904762 0.044000 0.063492
2 0.503000 0.880952 0.038000 0.007937
1 0.553000 0.867063 0.018000 0.075397