3 0.036000 0.478992 0.032000 0.537815
0 0.102000 0.701681 0.036000 0.411765
2 0.175000 0.487395 0.050000 0.184874
1 0.261000 0.474790 0.010000 0.361345
3 0.301000 0.453782 0.034000 0.588235
1 0.363000 0.168067 0.030000 0.151261
2 0.433000 0.428571 0.042000 0.134454
0 0.507000 0.621849 0.038000 0.537815
1 0.566000 0.180672 0.032000 0.176471
2 0.646000 0.407563 0.056000 0.260504
1 0.740000 0.348739 0.036000 0.394958
0 0.800000 0.567227 0.048000 0.462185
2 0.892000 0.357143 0.052000 0.260504
1 0.972000 0.281513 0.012000 0.394958