0 0.050000 0.500000 0.060000 0.406593
0 0.111000 0.214286 0.030000 0.208791
0 0.110000 0.741758 0.048000 0.230769
2 0.182000 0.434066 0.044000 0.208791
0 0.273000 0.532967 0.050000 0.472527
0 0.314000 0.274725 0.024000 0.241758
0 0.317000 0.747253 0.026000 0.263736
2 0.388000 0.472527 0.044000 0.197802
0 0.470000 0.500000 0.052000 0.406593
0 0.518000 0.252747 0.032000 0.197802
0 0.515000 0.785714 0.030000 0.164835
2 0.586000 0.521978 0.048000 0.032967
0 0.667000 0.565934 0.070000 0.384615
2 0.726000 0.505495 0.040000 0.043956
0 0.787000 0.571429 0.042000 0.439560
2 0.850000 0.538462 0.044000 0.021978
0 0.942000 0.565934 0.072000 0.428571