3 0.108000 0.328358 0.120000 0.462687
0 0.036000 0.817164 0.032000 0.156716
3 0.086000 0.820896 0.048000 0.134328
1 0.156000 0.805970 0.036000 0.134328
2 0.614000 0.402985 0.728000 0.149254
3 0.260000 0.227612 0.020000 0.201493
1 0.298000 0.253731 0.004000 0.164179
2 0.333000 0.246269 0.034000 0.014925
3 0.431000 0.220149 0.094000 0.141791
0 0.513000 0.197761 0.042000 0.156716
3 0.579000 0.205224 0.014000 0.216418
3 0.616000 0.179104 0.016000 0.179104
1 0.652000 0.197761 0.008000 0.171642
2 0.689000 0.197761 0.046000 0.171642
3 0.789000 0.201493 0.102000 0.179104
0 0.883000 0.186567 0.042000 0.149254
3 0.928000 0.182836 0.020000 0.216418
0 0.375000 0.809701 0.038000 0.231343
1 0.428000 0.675373 0.028000 0.111940
3 0.490000 0.764925 0.020000 0.231343
1 0.537000 0.742537 0.006000 0.186567
2 0.630000 0.735075 0.064000 0.156716
3 0.749000 0.686567 0.098000 0.134328
0 0.847000 0.660448 0.042000 0.156716
3 0.884000 0.664179 0.024000 0.194030