3 0.064000 0.496753 0.088000 0.681818
2 0.177000 0.535714 0.058000 0.019481
1 0.192000 0.266234 0.040000 0.168831
1 0.192000 0.837662 0.044000 0.194805
3 0.286000 0.613636 0.028000 0.253247
1 0.357000 0.633117 0.002000 0.240260
2 0.407000 0.649351 0.038000 0.181818
2 0.480000 0.568182 0.032000 0.006494
1 0.490000 0.457792 0.036000 0.162338
1 0.482000 0.746753 0.028000 0.129870
0 0.606000 0.626623 0.032000 0.149351
3 0.680000 0.584416 0.020000 0.480519
2 0.726000 0.230519 0.028000 0.006494
1 0.737000 0.126623 0.022000 0.123377
1 0.726000 0.350649 0.024000 0.064935
2 0.811000 0.396104 0.058000 0.025974
1 0.821000 0.201299 0.030000 0.246753
1 0.815000 0.691558 0.042000 0.227273
3 0.894000 0.574675 0.044000 0.590909
1 0.967000 0.146104 0.022000 0.123377
1 0.957000 0.821429 0.030000 0.097403