0 0.061000 0.579208 0.082000 0.544554
1 0.138000 0.227723 0.048000 0.178218
1 0.119000 0.742574 0.014000 0.297030
2 0.233000 0.519802 0.042000 0.306931
0 0.347000 0.564356 0.070000 0.376238
1 0.418000 0.306931 0.048000 0.277228
1 0.409000 0.707921 0.038000 0.227723
2 0.504000 0.574257 0.036000 0.297030
0 0.621000 0.534653 0.078000 0.316832
1 0.686000 0.297030 0.040000 0.297030
1 0.685000 0.668317 0.026000 0.267327
2 0.792000 0.495050 0.052000 0.316832
0 0.883000 0.485149 0.066000 0.376238
1 0.959000 0.237624 0.038000 0.277228
1 0.941000 0.638614 0.042000 0.326733