0 0.046000 0.586735 0.052000 0.214286
0 0.129000 0.301020 0.034000 0.132653
0 0.107000 0.734694 0.042000 0.122449
2 0.189000 0.489796 0.038000 0.183673
0 0.258000 0.668367 0.040000 0.459184
0 0.344000 0.326531 0.024000 0.285714
0 0.312000 0.709184 0.020000 0.255102
2 0.407000 0.459184 0.042000 0.163265
0 0.477000 0.448980 0.046000 0.183673
0 0.548000 0.158163 0.024000 0.112245
0 0.534000 0.581633 0.024000 0.102041
2 0.603000 0.403061 0.038000 0.010204
0 0.687000 0.448980 0.058000 0.183673
2 0.764000 0.403061 0.036000 0.010204
0 0.825000 0.566327 0.034000 0.438776
2 0.885000 0.382653 0.026000 0.030612
0 0.957000 0.433673 0.042000 0.193878