3 0.067000 0.546218 0.094000 0.436975
1 0.081000 0.521008 0.034000 0.184874
3 0.170000 0.495798 0.032000 0.823529
2 0.309000 0.466387 0.190000 0.092437
1 0.314000 0.298319 0.004000 0.210084
3 0.308000 0.710084 0.108000 0.327731
1 0.322000 0.747899 0.040000 0.168067
3 0.484000 0.428571 0.092000 0.218487
0 0.569000 0.428571 0.038000 0.184874
2 0.630000 0.424370 0.032000 0.176471
2 0.726000 0.382353 0.112000 0.042017
1 0.728000 0.294118 0.004000 0.151261
3 0.721000 0.579832 0.086000 0.235294
1 0.737000 0.609244 0.038000 0.142857
3 0.839000 0.424370 0.078000 0.142857
0 0.914000 0.415966 0.028000 0.159664
3 0.963000 0.420168 0.030000 0.436975