0 0.049000 0.549180 0.058000 0.344262
1 0.129000 0.250000 0.034000 0.155738
1 0.095000 0.754098 0.006000 0.163934
2 0.218000 0.491803 0.056000 0.163934
0 0.336000 0.512295 0.052000 0.319672
1 0.427000 0.245902 0.034000 0.262295
1 0.386000 0.717213 0.040000 0.139344
2 0.506000 0.528689 0.056000 0.221311
0 0.598000 0.569672 0.068000 0.319672
1 0.699000 0.290984 0.058000 0.270492
1 0.651000 0.807377 0.034000 0.204918
2 0.785000 0.577869 0.038000 0.237705
0 0.869000 0.561475 0.058000 0.319672
1 0.960000 0.221311 0.036000 0.278689
1 0.931000 0.786885 0.050000 0.229508