3 0.071000 0.424699 0.102000 0.307229
1 0.093000 0.442771 0.046000 0.102410
3 0.191000 0.503012 0.050000 0.873494
2 0.291000 0.490964 0.150000 0.042169
1 0.315000 0.331325 0.002000 0.240964
3 0.293000 0.713855 0.110000 0.259036
1 0.317000 0.759036 0.038000 0.108434
3 0.439000 0.493976 0.098000 0.156627
0 0.521000 0.506024 0.038000 0.120482
2 0.566000 0.487952 0.032000 0.132530
2 0.669000 0.472892 0.114000 0.042169
1 0.683000 0.246988 0.006000 0.120482
3 0.667000 0.656627 0.130000 0.253012
1 0.686000 0.686747 0.044000 0.096386
3 0.786000 0.451807 0.080000 0.156627
0 0.894000 0.442771 0.052000 0.162651
3 0.943000 0.490964 0.070000 0.861446