3 0.053000 0.500000 0.066000 0.630252
3 0.123000 0.134454 0.014000 0.100840
1 0.132000 0.277311 0.012000 0.050420
1 0.124000 0.857143 0.016000 0.100840
3 0.199000 0.554622 0.030000 0.453782
3 0.244000 0.563025 0.016000 0.168067
3 0.301000 0.563025 0.066000 0.134454
0 0.360000 0.563025 0.020000 0.134454
2 0.395000 0.579832 0.018000 0.100840
0 0.431000 0.575630 0.030000 0.126050
0 0.462000 0.470588 0.016000 0.084034
3 0.500000 0.563025 0.012000 0.218487
2 0.535000 0.529412 0.026000 0.033613
3 0.566000 0.563025 0.016000 0.184874
0 0.605000 0.579832 0.030000 0.134454
0 0.643000 0.495798 0.014000 0.100840
2 0.667000 0.617647 0.018000 0.008403
3 0.723000 0.596639 0.070000 0.134454
0 0.782000 0.592437 0.020000 0.142857
3 0.825000 0.592437 0.006000 0.159664
3 0.863000 0.571429 0.022000 0.521008
0 0.914000 0.529412 0.040000 0.201681
0 0.962000 0.596639 0.032000 0.117647