3 0.046000 0.477941 0.052000 0.617647
2 0.079000 0.191176 0.026000 0.029412
3 0.079000 0.113971 0.042000 0.080882
1 0.086000 0.272059 0.020000 0.088235
1 0.070000 0.860294 0.016000 0.117647
3 0.120000 0.514706 0.024000 0.367647
3 0.167000 0.441176 0.022000 0.279412
3 0.226000 0.459559 0.076000 0.198529
0 0.302000 0.470588 0.032000 0.205882
2 0.344000 0.477941 0.032000 0.220588
0 0.402000 0.444853 0.036000 0.183824
0 0.443000 0.341912 0.030000 0.125000
3 0.468000 0.459559 0.020000 0.316176
2 0.505000 0.481618 0.034000 0.007353
3 0.559000 0.459559 0.026000 0.301471
0 0.594000 0.470588 0.032000 0.176471
0 0.626000 0.334559 0.020000 0.125000
2 0.662000 0.459559 0.032000 0.007353
3 0.745000 0.474265 0.098000 0.198529
0 0.817000 0.477941 0.034000 0.147059
3 0.857000 0.466912 0.022000 0.257353
3 0.895000 0.492647 0.034000 0.367647
0 0.934000 0.452206 0.032000 0.286765
0 0.962000 0.518382 0.032000 0.125000