0 0.062000 0.401709 0.084000 0.376068
0 0.142000 0.170940 0.048000 0.170940
0 0.142000 0.628205 0.040000 0.145299
2 0.193000 0.440171 0.050000 0.196581
0 0.267000 0.628205 0.042000 0.555556
0 0.312000 0.333333 0.024000 0.256410
0 0.313000 0.598291 0.026000 0.256410
2 0.381000 0.495726 0.050000 0.222222
0 0.470000 0.512821 0.076000 0.358974
0 0.542000 0.341880 0.044000 0.188034
0 0.533000 0.679487 0.034000 0.179487
2 0.621000 0.500000 0.066000 0.076923
0 0.714000 0.495726 0.076000 0.239316
2 0.783000 0.491453 0.038000 0.025641
0 0.838000 0.628205 0.048000 0.521368
2 0.897000 0.444444 0.038000 0.017094
0 0.953000 0.478632 0.050000 0.290598