0 0.055000 0.681034 0.070000 0.413793
1 0.156000 0.327586 0.040000 0.155172
1 0.123000 0.844828 0.002000 0.120690
2 0.211000 0.594828 0.042000 0.275862
0 0.323000 0.612069 0.078000 0.431034
1 0.416000 0.258621 0.032000 0.293103
1 0.399000 0.784483 0.026000 0.103448
2 0.493000 0.616379 0.054000 0.301724
0 0.579000 0.577586 0.070000 0.379310
1 0.675000 0.293103 0.058000 0.310345
1 0.649000 0.741379 0.022000 0.206897
2 0.771000 0.573276 0.070000 0.387931
0 0.883000 0.551724 0.074000 0.379310
1 0.955000 0.241379 0.046000 0.310345
1 0.945000 0.754310 0.050000 0.267241