0 0.053000 0.417323 0.066000 0.267717
0 0.126000 0.169291 0.044000 0.181102
0 0.116000 0.606299 0.036000 0.141732
2 0.210000 0.393701 0.036000 0.173228
0 0.271000 0.452756 0.038000 0.401575
0 0.331000 0.216535 0.038000 0.275591
0 0.322000 0.755906 0.044000 0.283465
2 0.390000 0.456693 0.048000 0.236220
0 0.470000 0.543307 0.048000 0.299213
0 0.521000 0.330709 0.030000 0.204724
0 0.521000 0.807087 0.038000 0.212598
2 0.590000 0.582677 0.036000 0.015748
0 0.693000 0.562992 0.066000 0.196850
2 0.772000 0.543307 0.044000 0.015748
0 0.831000 0.598425 0.062000 0.377953
2 0.902000 0.543307 0.032000 0.015748
0 0.950000 0.582677 0.056000 0.283465