0 0.056000 0.578358 0.072000 0.291045
1 0.142000 0.182836 0.036000 0.171642
1 0.116000 0.712687 0.004000 0.067164
2 0.199000 0.526119 0.066000 0.291045
0 0.289000 0.537313 0.082000 0.373134
1 0.399000 0.175373 0.066000 0.201493
1 0.365000 0.731343 0.038000 0.134328
2 0.470000 0.511194 0.076000 0.246269
0 0.573000 0.522388 0.070000 0.298507
1 0.682000 0.186567 0.068000 0.223881
1 0.633000 0.705224 0.046000 0.186567
2 0.709000 0.522388 0.074000 0.283582
0 0.819000 0.511194 0.090000 0.276119
1 0.946000 0.223881 0.064000 0.223881
1 0.888000 0.783582 0.064000 0.268657