3 0.049000 0.590909 0.058000 0.675325
2 0.167000 0.548701 0.094000 0.045455
1 0.181000 0.360390 0.046000 0.136364
1 0.174000 0.756494 0.044000 0.227273
3 0.277000 0.551948 0.042000 0.649351
1 0.331000 0.545455 0.002000 0.233766
2 0.407000 0.587662 0.042000 0.188312
2 0.499000 0.584416 0.082000 0.025974
1 0.504000 0.418831 0.032000 0.253247
1 0.506000 0.759740 0.056000 0.246753
0 0.592000 0.568182 0.044000 0.188312
3 0.640000 0.525974 0.048000 0.649351
2 0.696000 0.266234 0.044000 0.012987
1 0.698000 0.129870 0.032000 0.129870
1 0.710000 0.370130 0.020000 0.103896
2 0.801000 0.555195 0.102000 0.019481
1 0.802000 0.389610 0.052000 0.298701
1 0.799000 0.759740 0.042000 0.298701
3 0.888000 0.529221 0.044000 0.655844
1 0.955000 0.256494 0.046000 0.253247
1 0.936000 0.827922 0.028000 0.071429