3 0.053000 0.622066 0.066000 0.661972
0 0.129000 0.643192 0.042000 0.187793
0 0.188000 0.542254 0.052000 0.107981
3 0.280000 0.633803 0.044000 0.572770
3 0.328000 0.652582 0.028000 0.525822
2 0.398000 0.629108 0.124000 0.009390
0 0.406000 0.495305 0.048000 0.154930
0 0.402000 0.826291 0.036000 0.178404
3 0.489000 0.643192 0.034000 0.591549
0 0.546000 0.349765 0.048000 0.136150
2 0.594000 0.647887 0.060000 0.169014
1 0.679000 0.605634 0.018000 0.215962
3 0.753000 0.584507 0.050000 0.699531
3 0.861000 0.593897 0.058000 0.708920
2 0.952000 0.251174 0.052000 0.004695
1 0.948000 0.122066 0.012000 0.150235
0 0.953000 0.359155 0.038000 0.098592