3 0.057000 0.567164 0.074000 0.756219
0 0.111000 0.522388 0.018000 0.328358
0 0.164000 0.437811 0.056000 0.129353
3 0.248000 0.562189 0.072000 0.656716
3 0.330000 0.552239 0.036000 0.626866
2 0.401000 0.480100 0.078000 0.044776
0 0.409000 0.305970 0.042000 0.144279
0 0.425000 0.696517 0.030000 0.208955
3 0.484000 0.517413 0.028000 0.587065
0 0.544000 0.231343 0.048000 0.134328
2 0.609000 0.492537 0.062000 0.189055
1 0.693000 0.502488 0.006000 0.129353
3 0.764000 0.485075 0.076000 0.601990
3 0.831000 0.480100 0.078000 0.701493
2 0.931000 0.164179 0.058000 0.009950
1 0.935000 0.089552 0.002000 0.079602
0 0.951000 0.273632 0.054000 0.099502