0 0.064000 0.452174 0.088000 0.382609
0 0.156000 0.204348 0.044000 0.234783
0 0.136000 0.591304 0.044000 0.208696
2 0.223000 0.400000 0.042000 0.295652
0 0.317000 0.565217 0.082000 0.486957
0 0.402000 0.404348 0.064000 0.321739
0 0.360000 0.765217 0.052000 0.295652
2 0.438000 0.556522 0.048000 0.313043
0 0.478000 0.569565 0.076000 0.373913
0 0.534000 0.308696 0.024000 0.147826
0 0.525000 0.700000 0.034000 0.217391
2 0.619000 0.447826 0.050000 0.026087
0 0.682000 0.504348 0.088000 0.400000
2 0.747000 0.513043 0.046000 0.017391
0 0.824000 0.617391 0.092000 0.469565
2 0.886000 0.626087 0.032000 0.017391
0 0.937000 0.669565 0.078000 0.347826