2 0.499000 0.317221 0.958000 0.042296
1 0.556000 0.113293 0.100000 0.166163
2 0.529000 0.714502 0.870000 0.039275
1 0.119000 0.504532 0.070000 0.157100
0 0.211000 0.515106 0.094000 0.111782
2 0.313000 0.501511 0.046000 0.018127
1 0.371000 0.510574 0.034000 0.120846
0 0.417000 0.519637 0.050000 0.084592
3 0.502000 0.501511 0.060000 0.163142
1 0.599000 0.496979 0.070000 0.141994
0 0.675000 0.425982 0.054000 0.126888
2 0.714000 0.483384 0.040000 0.018127
1 0.777000 0.531722 0.046000 0.187311
0 0.874000 0.425982 0.084000 0.114804
1 0.287000 0.883686 0.062000 0.166163
0 0.368000 0.904834 0.072000 0.117825
2 0.529000 0.868580 0.070000 0.015106
1 0.615000 0.877644 0.042000 0.172205