2 0.499000 0.341667 0.958000 0.061111
1 0.342000 0.130556 0.108000 0.150000
2 0.482000 0.755556 0.680000 0.044444
1 0.220000 0.522222 0.028000 0.155556
0 0.264000 0.530556 0.044000 0.094444
2 0.331000 0.516667 0.034000 0.011111
1 0.384000 0.511111 0.044000 0.100000
0 0.426000 0.511111 0.024000 0.077778
3 0.472000 0.519444 0.020000 0.083333
1 0.515000 0.550000 0.030000 0.177778
0 0.560000 0.419444 0.020000 0.072222
2 0.619000 0.497222 0.050000 0.016667
1 0.680000 0.530556 0.032000 0.183333
0 0.724000 0.427778 0.036000 0.111111
1 0.372000 0.886111 0.044000 0.094444
0 0.407000 0.897222 0.026000 0.094444
2 0.467000 0.880556 0.042000 0.027778
1 0.512000 0.883333 0.008000 0.122222