3 0.065000 0.601307 0.090000 0.653595
0 0.179000 0.598039 0.046000 0.307190
0 0.241000 0.421569 0.034000 0.124183
3 0.317000 0.584967 0.054000 0.568627
3 0.387000 0.643791 0.038000 0.450980
2 0.475000 0.607843 0.098000 0.026144
0 0.476000 0.437908 0.056000 0.130719
0 0.484000 0.784314 0.040000 0.183007
3 0.536000 0.617647 0.036000 0.398693
0 0.581000 0.362745 0.030000 0.124183
2 0.645000 0.526144 0.050000 0.150327
1 0.709000 0.522876 0.006000 0.235294
3 0.791000 0.535948 0.042000 0.509804
3 0.860000 0.535948 0.060000 0.444444
2 0.945000 0.277778 0.062000 0.019608
1 0.939000 0.140523 0.010000 0.150327
0 0.944000 0.369281 0.036000 0.124183