3 0.076000 0.427673 0.112000 0.251572
1 0.094000 0.443396 0.024000 0.106918
3 0.183000 0.462264 0.034000 0.723270
2 0.307000 0.481132 0.186000 0.018868
1 0.320000 0.286164 0.004000 0.169811
3 0.310000 0.644654 0.084000 0.220126
1 0.338000 0.691824 0.032000 0.100629
3 0.465000 0.528302 0.086000 0.163522
0 0.543000 0.553459 0.042000 0.138365
2 0.603000 0.522013 0.034000 0.150943
2 0.712000 0.509434 0.116000 0.012579
1 0.733000 0.345912 0.006000 0.150943
3 0.721000 0.679245 0.082000 0.201258
1 0.746000 0.691824 0.024000 0.113208
3 0.832000 0.534591 0.084000 0.150943
0 0.907000 0.518868 0.050000 0.157233
3 0.944000 0.500000 0.068000 0.874214