3 0.065000 0.535326 0.090000 0.733696
2 0.137000 0.187500 0.038000 0.005435
3 0.137000 0.105978 0.042000 0.103261
1 0.140000 0.266304 0.024000 0.065217
1 0.105000 0.896739 0.018000 0.086957
3 0.211000 0.570652 0.034000 0.532609
3 0.258000 0.519022 0.028000 0.277174
3 0.321000 0.543478 0.074000 0.130435
0 0.386000 0.554348 0.036000 0.097826
2 0.427000 0.546196 0.026000 0.114130
0 0.482000 0.559783 0.024000 0.119565
0 0.511000 0.445652 0.030000 0.086957
3 0.544000 0.513587 0.024000 0.331522
2 0.589000 0.540761 0.022000 0.005435
3 0.637000 0.532609 0.034000 0.347826
0 0.667000 0.554348 0.034000 0.130435
0 0.706000 0.461957 0.024000 0.097826
3 0.782000 0.570652 0.060000 0.086957
0 0.834000 0.540761 0.032000 0.081522
3 0.860000 0.527174 0.036000 0.326087
3 0.890000 0.546196 0.060000 0.461957
0 0.934000 0.513587 0.028000 0.233696
0 0.963000 0.557065 0.030000 0.092391