3 0.044000 0.544444 0.048000 0.511111
0 0.133000 0.594444 0.070000 0.588889
2 0.204000 0.538889 0.032000 0.277778
1 0.268000 0.544444 0.004000 0.400000
3 0.308000 0.533333 0.028000 0.644444
1 0.356000 0.183333 0.028000 0.144444
2 0.429000 0.500000 0.034000 0.133333
0 0.545000 0.538889 0.062000 0.655556
1 0.598000 0.211111 0.032000 0.155556
2 0.675000 0.405556 0.034000 0.322222
1 0.761000 0.322222 0.058000 0.200000
0 0.831000 0.427778 0.054000 0.522222
2 0.908000 0.361111 0.052000 0.255556
1 0.975000 0.311111 0.006000 0.355556