2 0.484000 0.337461 0.928000 0.074303
1 0.493000 0.114551 0.078000 0.167183
2 0.496000 0.713622 0.944000 0.046440
1 0.061000 0.518576 0.070000 0.114551
0 0.175000 0.543344 0.082000 0.071207
2 0.279000 0.515480 0.034000 0.003096
1 0.363000 0.509288 0.054000 0.120743
0 0.424000 0.544892 0.036000 0.074303
3 0.516000 0.504644 0.040000 0.061920
1 0.613000 0.501548 0.054000 0.142415
0 0.686000 0.444272 0.036000 0.065015
2 0.772000 0.490712 0.052000 0.009288
1 0.867000 0.487616 0.050000 0.126935
0 0.951000 0.411765 0.054000 0.049536
1 0.372000 0.905573 0.056000 0.120743
0 0.442000 0.931889 0.040000 0.055728
1 0.617000 0.893189 0.010000 0.133127