3 0.051000 0.635638 0.062000 0.622340
0 0.148000 0.566489 0.044000 0.250000
0 0.188000 0.454787 0.040000 0.122340
3 0.278000 0.585106 0.024000 0.585106
3 0.363000 0.558511 0.026000 0.361702
2 0.432000 0.545213 0.056000 0.005319
0 0.434000 0.420213 0.040000 0.138298
0 0.447000 0.672872 0.034000 0.132979
3 0.496000 0.558511 0.044000 0.340426
0 0.538000 0.377660 0.040000 0.095745
2 0.607000 0.510638 0.042000 0.085106
1 0.686000 0.505319 0.008000 0.117021
3 0.761000 0.513298 0.034000 0.526596
3 0.855000 0.547872 0.054000 0.606383
1 0.940000 0.082447 0.008000 0.058511
0 0.953000 0.287234 0.050000 0.063830