0 0.051000 0.411392 0.062000 0.417722
0 0.128000 0.227848 0.032000 0.202532
0 0.112000 0.563291 0.028000 0.215190
2 0.221000 0.322785 0.034000 0.341772
0 0.270000 0.518987 0.036000 0.658228
0 0.325000 0.329114 0.018000 0.354430
0 0.309000 0.639241 0.018000 0.291139
2 0.388000 0.379747 0.036000 0.303797
0 0.447000 0.430380 0.054000 0.405063
0 0.510000 0.303797 0.040000 0.227848
0 0.498000 0.658228 0.028000 0.202532
2 0.612000 0.455696 0.044000 0.050633
0 0.701000 0.455696 0.038000 0.303797
2 0.775000 0.455696 0.050000 0.050633
0 0.818000 0.582278 0.028000 0.582278
2 0.884000 0.481013 0.044000 0.050633
0 0.955000 0.512658 0.046000 0.392405