3 0.057000 0.560606 0.074000 0.612121
2 0.175000 0.536364 0.090000 0.030303
1 0.184000 0.351515 0.040000 0.133333
1 0.183000 0.736364 0.054000 0.212121
3 0.289000 0.521212 0.042000 0.509091
1 0.343000 0.557576 0.014000 0.206061
2 0.410000 0.578788 0.040000 0.151515
2 0.510000 0.533333 0.056000 0.012121
1 0.531000 0.351515 0.030000 0.206061
1 0.521000 0.669697 0.050000 0.187879
0 0.598000 0.536364 0.048000 0.175758
3 0.663000 0.533333 0.026000 0.424242
2 0.681000 0.254545 0.038000 0.024242
1 0.680000 0.133333 0.024000 0.121212
1 0.691000 0.330303 0.030000 0.066667
2 0.790000 0.536364 0.072000 0.018182
1 0.808000 0.381818 0.048000 0.193939
1 0.801000 0.739394 0.034000 0.266667
3 0.890000 0.515152 0.060000 0.678788
1 0.956000 0.160606 0.044000 0.200000
1 0.943000 0.890909 0.030000 0.084848