0 0.078000 0.571429 0.116000 0.556391
0 0.175000 0.150376 0.034000 0.150376
0 0.208000 0.774436 0.044000 0.150376
2 0.258000 0.605263 0.032000 0.203008
0 0.330000 0.548872 0.044000 0.496241
0 0.389000 0.259398 0.030000 0.142857
0 0.396000 0.804511 0.036000 0.225564
2 0.464000 0.627820 0.040000 0.203008
0 0.538000 0.597744 0.096000 0.233083
0 0.623000 0.402256 0.050000 0.112782
0 0.622000 0.875940 0.056000 0.097744
2 0.698000 0.695489 0.040000 0.022556
0 0.755000 0.665414 0.046000 0.263158
2 0.811000 0.684211 0.030000 0.015038
0 0.862000 0.665414 0.040000 0.293233
2 0.907000 0.710526 0.022000 0.022556
0 0.951000 0.699248 0.054000 0.180451