3 0.044000 0.632231 0.048000 0.570248
0 0.163000 0.549587 0.038000 0.504132
0 0.236000 0.367769 0.024000 0.173554
3 0.319000 0.553719 0.018000 0.595041
3 0.380000 0.495868 0.012000 0.396694
2 0.449000 0.541322 0.074000 0.024793
0 0.452000 0.342975 0.032000 0.107438
0 0.453000 0.743802 0.026000 0.264463
3 0.526000 0.590909 0.016000 0.371901
0 0.586000 0.396694 0.028000 0.148760
2 0.653000 0.582645 0.042000 0.123967
1 0.720000 0.528926 0.004000 0.247934
3 0.803000 0.545455 0.022000 0.528926
3 0.872000 0.537190 0.036000 0.743802
2 0.958000 0.252066 0.036000 0.008264
1 0.971000 0.132231 0.006000 0.099174
0 0.959000 0.384298 0.038000 0.140496