3 0.103000 0.454839 0.166000 0.406452
0 0.046000 0.858065 0.048000 0.129032
3 0.109000 0.858065 0.046000 0.103226
1 0.177000 0.867742 0.034000 0.122581
2 0.602000 0.487097 0.752000 0.083871
3 0.244000 0.206452 0.020000 0.206452
1 0.284000 0.190323 0.004000 0.174194
2 0.334000 0.187097 0.036000 0.012903
3 0.432000 0.196774 0.084000 0.109677
0 0.531000 0.187097 0.050000 0.167742
3 0.570000 0.187097 0.016000 0.167742
3 0.618000 0.174194 0.020000 0.219355
1 0.675000 0.148387 0.010000 0.167742
2 0.712000 0.167742 0.044000 0.141935
3 0.792000 0.209677 0.088000 0.122581
0 0.881000 0.187097 0.038000 0.129032
3 0.936000 0.206452 0.028000 0.219355
0 0.400000 0.754839 0.048000 0.180645
1 0.438000 0.654839 0.032000 0.083871
3 0.493000 0.722581 0.022000 0.193548
1 0.551000 0.716129 0.006000 0.167742
2 0.601000 0.709677 0.046000 0.180645
3 0.696000 0.729032 0.088000 0.129032
0 0.781000 0.706452 0.046000 0.174194
3 0.834000 0.725806 0.020000 0.200000