3 0.121000 0.310056 0.146000 0.508380
0 0.050000 0.843575 0.060000 0.189944
3 0.127000 0.818436 0.054000 0.117318
1 0.209000 0.829609 0.054000 0.162011
2 0.629000 0.435754 0.698000 0.078212
1 0.604000 0.226257 0.008000 0.206704
3 0.395000 0.762570 0.130000 0.329609
0 0.483000 0.865922 0.026000 0.067039
3 0.530000 0.670391 0.024000 0.201117
1 0.583000 0.675978 0.006000 0.134078
2 0.624000 0.689944 0.028000 0.139665
0 0.707000 0.667598 0.042000 0.117318
3 0.753000 0.673184 0.038000 0.217877
2 0.815000 0.569832 0.042000 0.011173
1 0.812000 0.533520 0.004000 0.061453
0 0.823000 0.636872 0.034000 0.078212