3 0.094000 0.468872 0.148000 0.859922
0 0.189000 0.408560 0.058000 0.280156
0 0.236000 0.276265 0.040000 0.108949
3 0.316000 0.525292 0.048000 0.778210
3 0.392000 0.525292 0.040000 0.521401
2 0.469000 0.527237 0.098000 0.042802
0 0.466000 0.414397 0.056000 0.089494
0 0.486000 0.667315 0.032000 0.182879
3 0.540000 0.550584 0.036000 0.486381
0 0.589000 0.307393 0.042000 0.124514
2 0.648000 0.492218 0.064000 0.128405
1 0.703000 0.494163 0.010000 0.163424
3 0.755000 0.608949 0.102000 0.680934
3 0.827000 0.575875 0.122000 0.762646
2 0.920000 0.190661 0.116000 0.038911
1 0.908000 0.126459 0.012000 0.112840
0 0.925000 0.291829 0.050000 0.108949