3 0.053000 0.580952 0.066000 0.742857
0 0.160000 0.528571 0.048000 0.314286
0 0.225000 0.495238 0.062000 0.114286
3 0.304000 0.580952 0.032000 0.485714
3 0.365000 0.533333 0.030000 0.438095
2 0.452000 0.514286 0.108000 0.019048
0 0.444000 0.402381 0.052000 0.090476
0 0.443000 0.666667 0.030000 0.200000
3 0.523000 0.502381 0.046000 0.452381
0 0.576000 0.361905 0.040000 0.114286
2 0.660000 0.471429 0.072000 0.180952
1 0.739000 0.478571 0.006000 0.185714
3 0.796000 0.509524 0.040000 0.542857
3 0.860000 0.497619 0.044000 0.547619
2 0.937000 0.223810 0.066000 0.019048
1 0.945000 0.126190 0.010000 0.157143
0 0.952000 0.328571 0.052000 0.095238