3 0.040000 0.480263 0.040000 0.697368
0 0.139000 0.578947 0.070000 0.421053
1 0.180000 0.335526 0.020000 0.250000
2 0.231000 0.592105 0.054000 0.052632
0 0.315000 0.578947 0.058000 0.368421
1 0.371000 0.328947 0.042000 0.157895
2 0.431000 0.592105 0.046000 0.052632
0 0.500000 0.546053 0.060000 0.355263
3 0.589000 0.506579 0.030000 0.513158
3 0.656000 0.500000 0.024000 0.526316
1 0.708000 0.539474 0.048000 0.342105
0 0.748000 0.546053 0.044000 0.355263
2 0.811000 0.513158 0.042000 0.052632
1 0.875000 0.578947 0.042000 0.552632
3 0.962000 0.486842 0.032000 0.526316