3 0.112000 0.490566 0.184000 0.566038
0 0.052000 0.864780 0.028000 0.132075
2 0.090000 0.867925 0.020000 0.025157
1 0.132000 0.874214 0.024000 0.100629
3 0.112000 0.106918 0.080000 0.088050
0 0.265000 0.503145 0.054000 0.251572
0 0.372000 0.487421 0.052000 0.207547
0 0.417000 0.556604 0.018000 0.144654
2 0.505000 0.518868 0.042000 0.069182
0 0.596000 0.522013 0.060000 0.238994
3 0.768000 0.452830 0.144000 0.490566
0 0.736000 0.801887 0.028000 0.132075
2 0.764000 0.817610 0.020000 0.037736
1 0.807000 0.801887 0.022000 0.106918
3 0.752000 0.106918 0.064000 0.075472
0 0.908000 0.506289 0.076000 0.257862
0 0.967000 0.581761 0.022000 0.157233