3 0.059000 0.249077 0.078000 0.011070
1 0.041000 0.134686 0.002000 0.107011
0 0.059000 0.398524 0.046000 0.088561
1 0.104000 0.313653 0.028000 0.059041
3 0.204000 0.256458 0.084000 0.180812
3 0.426000 0.249077 0.240000 0.018450
1 0.382000 0.094096 0.004000 0.114391
0 0.354000 0.424354 0.056000 0.081181
2 0.430000 0.411439 0.032000 0.025830
1 0.497000 0.411439 0.006000 0.121771
2 0.667000 0.226937 0.050000 0.025830
3 0.828000 0.239852 0.136000 0.014760
1 0.809000 0.116236 0.014000 0.158672
0 0.815000 0.407749 0.066000 0.092251