0 0.081000 0.647059 0.038000 0.274510
2 0.143000 0.612745 0.050000 0.245098
1 0.202000 0.632353 0.024000 0.343137
3 0.032000 0.622549 0.024000 0.539216
3 0.235000 0.553922 0.014000 0.500000
0 0.275000 0.250000 0.042000 0.166667
2 0.331000 0.205882 0.034000 0.196078
1 0.372000 0.225490 0.024000 0.254902
2 0.425000 0.651961 0.054000 0.107843
0 0.526000 0.607843 0.028000 0.254902
2 0.579000 0.573529 0.042000 0.225490
1 0.636000 0.563725 0.028000 0.284314
3 0.491000 0.588235 0.022000 0.431373
3 0.673000 0.588235 0.018000 0.470588
0 0.769000 0.607843 0.038000 0.294118
2 0.828000 0.563725 0.044000 0.205882
1 0.874000 0.553922 0.028000 0.303922
3 0.719000 0.553922 0.018000 0.401961
3 0.906000 0.607843 0.020000 0.470588
0 0.956000 0.313725 0.044000 0.156863