1 0.084000 0.596639 0.128000 0.638655
0 0.184000 0.605042 0.036000 0.235294
1 0.238000 0.411765 0.032000 0.151261
0 0.299000 0.478992 0.042000 0.487395
1 0.329000 0.420168 0.034000 0.184874
2 0.400000 0.584034 0.040000 0.210084
1 0.466000 0.474790 0.072000 0.613445
0 0.555000 0.726891 0.046000 0.142857
1 0.596000 0.462185 0.028000 0.218487
0 0.645000 0.558824 0.030000 0.647059
1 0.665000 0.533613 0.018000 0.210084
3 0.868000 0.651261 0.184000 0.008403
0 0.810000 0.445378 0.048000 0.168067
1 0.854000 0.264706 0.020000 0.159664
0 0.908000 0.302521 0.036000 0.436975
1 0.967000 0.256303 0.022000 0.210084
1 0.870000 0.798319 0.052000 0.218487