3 0.120000 0.434911 0.128000 0.017751
1 0.067000 0.269231 0.034000 0.183432
2 0.104000 0.284024 0.020000 0.106509
0 0.146000 0.307692 0.036000 0.153846
1 0.186000 0.153846 0.016000 0.094675
1 0.093000 0.576923 0.018000 0.100592
2 0.124000 0.612426 0.028000 0.076923
0 0.162000 0.662722 0.032000 0.177515
1 0.192000 0.526627 0.016000 0.059172
3 0.039000 0.461538 0.038000 0.733728
3 0.218000 0.443787 0.036000 0.686391
0 0.270000 0.109467 0.024000 0.100592
3 0.363000 0.491124 0.082000 0.106509
1 0.428000 0.523669 0.036000 0.183432
0 0.470000 0.384615 0.028000 0.094675
3 0.448000 0.357988 0.004000 0.112426
3 0.495000 0.411243 0.002000 0.159763
1 0.572000 0.642012 0.012000 0.147929
2 0.610000 0.668639 0.028000 0.094675
0 0.696000 0.704142 0.044000 0.130178
0 0.809000 0.739645 0.066000 0.248521
3 0.656000 0.644970 0.028000 0.284024
3 0.853000 0.621302 0.014000 0.213018
1 0.875000 0.449704 0.034000 0.106509
3 0.543000 0.603550 0.054000 0.591716
3 0.906000 0.692308 0.024000 0.497041
0 0.960000 0.411243 0.020000 0.088757
3 0.938000 0.408284 0.004000 0.094675
3 0.975000 0.393491 0.006000 0.124260