1 0.056000 0.247170 0.072000 0.177358
0 0.126000 0.330189 0.064000 0.064151
1 0.172000 0.249057 0.028000 0.060377
0 0.251000 0.277358 0.042000 0.237736
1 0.300000 0.233962 0.028000 0.083019
2 0.342000 0.330189 0.036000 0.064151
1 0.443000 0.266038 0.058000 0.192453
0 0.487000 0.335849 0.046000 0.067925
1 0.514000 0.237736 0.024000 0.067925
0 0.564000 0.281132 0.052000 0.237736
1 0.603000 0.250943 0.022000 0.079245
2 0.684000 0.350943 0.052000 0.015094
3 0.839000 0.262264 0.146000 0.011321
0 0.797000 0.184906 0.046000 0.067925
1 0.841000 0.083019 0.046000 0.090566
0 0.878000 0.126415 0.052000 0.177358
1 0.929000 0.092453 0.026000 0.064151
1 0.839000 0.366038 0.058000 0.120755