3 0.042000 0.503425 0.044000 0.609589
1 0.049000 0.883562 0.018000 0.082192
0 0.088000 0.123288 0.020000 0.109589
3 0.238000 0.534247 0.240000 0.054795
1 0.144000 0.390411 0.052000 0.178082
0 0.191000 0.431507 0.022000 0.082192
0 0.281000 0.386986 0.030000 0.184932
0 0.321000 0.434932 0.034000 0.089041
1 0.157000 0.760274 0.026000 0.287671
2 0.235000 0.777397 0.038000 0.116438
0 0.287000 0.804795 0.034000 0.116438
1 0.331000 0.688356 0.034000 0.089041
2 0.426000 0.530822 0.036000 0.034247
3 0.558000 0.551370 0.140000 0.500000
1 0.734000 0.506849 0.064000 0.342466
2 0.810000 0.506849 0.032000 0.109589
0 0.874000 0.510274 0.048000 0.349315
1 0.918000 0.356164 0.028000 0.150685
3 0.672000 0.493151 0.020000 0.452055
3 0.970000 0.472603 0.016000 0.465753