3 0.499000 0.661232 0.958000 0.083333
0 0.262000 0.380435 0.084000 0.130435
3 0.184000 0.391304 0.008000 0.173913
3 0.356000 0.367754 0.012000 0.199275
2 0.482000 0.333333 0.084000 0.036232
0 0.673000 0.298913 0.066000 0.199275
3 0.595000 0.298913 0.014000 0.199275
3 0.738000 0.311594 0.012000 0.246377
3 0.113000 0.375000 0.046000 0.351449
3 0.802000 0.327899 0.052000 0.351449
1 0.890000 0.117754 0.072000 0.163043
0 0.349000 0.860507 0.078000 0.126812
2 0.459000 0.855072 0.078000 0.021739
0 0.563000 0.831522 0.066000 0.163043
3 0.261000 0.860507 0.006000 0.199275
3 0.647000 0.842391 0.014000 0.235507