3 0.073000 0.477723 0.106000 0.856436
0 0.137000 0.675743 0.062000 0.272277
0 0.191000 0.507426 0.034000 0.094059
0 0.264000 0.564356 0.048000 0.445545
0 0.323000 0.685644 0.042000 0.242574
2 0.394000 0.665842 0.072000 0.074257
3 0.587000 0.601485 0.302000 0.084158
0 0.508000 0.361386 0.056000 0.198020
0 0.561000 0.259901 0.030000 0.064356
2 0.616000 0.254950 0.024000 0.074257
1 0.653000 0.210396 0.034000 0.183168
0 0.521000 0.836634 0.110000 0.148515
2 0.638000 0.826733 0.056000 0.089109
1 0.712000 0.779703 0.052000 0.331683
2 0.816000 0.556931 0.052000 0.113861
0 0.942000 0.438119 0.072000 0.470297