3 0.106000 0.474026 0.064000 0.393939
0 0.096000 0.731602 0.032000 0.060606
0 0.139000 0.209957 0.030000 0.090909
0 0.174000 0.502165 0.040000 0.294372
0 0.253000 0.502165 0.026000 0.043290
3 0.227000 0.482684 0.010000 0.108225
3 0.272000 0.480519 0.020000 0.112554
0 0.316000 0.463203 0.020000 0.112554
0 0.353000 0.493506 0.026000 0.034632
3 0.026000 0.495671 0.012000 0.670996
3 0.393000 0.554113 0.022000 0.632035
3 0.473000 0.458874 0.046000 0.147186
3 0.578000 0.517316 0.080000 0.679654
0 0.559000 0.924242 0.030000 0.056277
0 0.627000 0.090909 0.030000 0.095238
0 0.691000 0.521645 0.030000 0.212121
0 0.763000 0.525974 0.026000 0.047619
3 0.734000 0.510823 0.020000 0.147186
3 0.793000 0.495671 0.022000 0.108225
3 0.648000 0.491342 0.020000 0.229437
3 0.835000 0.482684 0.014000 0.255411
0 0.884000 0.452381 0.052000 0.151515
0 0.951000 0.515152 0.050000 0.086580