0 0.044000 0.700000 0.048000 0.377778
0 0.134000 0.550000 0.040000 0.277778
3 0.167000 0.677778 0.002000 0.133333
0 0.212000 0.644444 0.064000 0.422222
3 0.099000 0.427778 0.018000 0.455556
3 0.266000 0.394444 0.032000 0.433333
2 0.334000 0.494444 0.036000 0.122222
3 0.498000 0.466667 0.244000 0.622222
1 0.386000 0.211111 0.036000 0.200000
0 0.460000 0.538889 0.044000 0.211111
0 0.555000 0.577778 0.046000 0.311111
2 0.685000 0.550000 0.030000 0.255556
3 0.845000 0.400000 0.266000 0.488889
0 0.798000 0.483333 0.040000 0.166667
2 0.856000 0.472222 0.028000 0.144444
0 0.929000 0.511111 0.066000 0.377778
3 0.758000 0.422222 0.004000 0.288889
3 0.969000 0.411111 0.002000 0.355556