3 0.098000 0.477157 0.156000 0.680203
1 0.060000 0.893401 0.040000 0.091371
1 0.204000 0.106599 0.028000 0.111675
3 0.242000 0.497462 0.164000 0.710660
1 0.206000 0.911168 0.032000 0.076142
1 0.356000 0.106599 0.020000 0.111675
0 0.370000 0.598985 0.060000 0.223350
1 0.437000 0.421320 0.034000 0.121827
0 0.524000 0.672589 0.072000 0.319797
1 0.588000 0.413706 0.028000 0.126904
0 0.685000 0.446701 0.074000 0.477157
0 0.764000 0.571066 0.048000 0.208122
0 0.865000 0.446701 0.050000 0.436548
0 0.942000 0.695431 0.072000 0.385787