3 0.132000 0.542614 0.140000 0.005682
1 0.150000 0.286932 0.028000 0.312500
0 0.130000 0.718750 0.088000 0.153409
1 0.180000 0.636364 0.028000 0.056818
2 0.262000 0.542614 0.056000 0.005682
3 0.442000 0.542614 0.172000 0.005682
1 0.363000 0.323864 0.062000 0.215909
0 0.475000 0.380682 0.138000 0.125000
0 0.432000 0.639205 0.084000 0.107955
2 0.620000 0.576705 0.120000 0.232955
1 0.800000 0.437500 0.064000 0.204545
0 0.794000 0.673295 0.064000 0.119318
0 0.859000 0.678977 0.034000 0.096591
3 0.049000 0.497159 0.058000 0.880682
3 0.936000 0.553977 0.084000 0.676136