0 0.063000 0.580000 0.034000 0.240000
2 0.112000 0.565000 0.028000 0.210000
1 0.181000 0.575000 0.042000 0.350000
3 0.028000 0.500000 0.016000 0.500000
3 0.220000 0.545000 0.024000 0.530000
0 0.263000 0.250000 0.030000 0.140000
2 0.308000 0.245000 0.024000 0.150000
1 0.345000 0.205000 0.014000 0.210000
2 0.415000 0.630000 0.042000 0.080000
0 0.523000 0.565000 0.034000 0.250000
2 0.576000 0.600000 0.032000 0.180000
1 0.646000 0.615000 0.044000 0.530000
3 0.497000 0.530000 0.026000 0.540000
3 0.674000 0.575000 0.036000 0.630000
0 0.762000 0.525000 0.028000 0.230000
2 0.818000 0.530000 0.024000 0.140000
1 0.864000 0.495000 0.028000 0.290000
3 0.724000 0.505000 0.012000 0.490000
3 0.914000 0.485000 0.028000 0.710000
0 0.965000 0.260000 0.026000 0.180000