3 0.088000 0.465686 0.136000 0.303922
1 0.174000 0.225490 0.024000 0.196078
0 0.213000 0.632353 0.042000 0.519608
2 0.281000 0.406863 0.038000 0.049020
3 0.370000 0.460784 0.088000 0.078431
1 0.341000 0.269608 0.026000 0.343137
1 0.373000 0.700980 0.034000 0.362745
3 0.517000 0.549020 0.106000 0.215686
1 0.604000 0.490196 0.032000 0.352941
0 0.650000 0.676471 0.044000 0.392157
2 0.711000 0.455882 0.030000 0.147059
1 0.761000 0.500000 0.034000 0.352941
3 0.843000 0.573529 0.090000 0.205882
0 0.929000 0.671569 0.042000 0.421569
3 0.450000 0.475490 0.028000 0.480392
3 0.969000 0.426471 0.018000 0.539216