0 0.067000 0.574468 0.094000 0.297872
0 0.107000 0.747340 0.054000 0.154255
2 0.279000 0.555851 0.126000 0.090426
0 0.416000 0.582447 0.092000 0.313830
0 0.445000 0.787234 0.038000 0.159574
2 0.487000 0.789894 0.034000 0.005319
1 0.534000 0.781915 0.032000 0.159574
3 0.803000 0.438830 0.274000 0.015957
0 0.759000 0.239362 0.050000 0.212766
2 0.821000 0.247340 0.050000 0.005319
0 0.880000 0.247340 0.036000 0.122340
0 0.813000 0.609043 0.062000 0.132979
3 0.661000 0.414894 0.078000 0.691489
3 0.962000 0.497340 0.032000 0.888298