3 0.070000 0.570866 0.100000 0.165354
1 0.123000 0.405512 0.026000 0.133858
0 0.152000 0.633858 0.052000 0.291339
2 0.227000 0.527559 0.034000 0.047244
3 0.333000 0.531496 0.118000 0.007874
1 0.333000 0.263780 0.042000 0.370079
1 0.350000 0.755906 0.056000 0.314961
3 0.492000 0.574803 0.088000 0.173228
1 0.573000 0.476378 0.030000 0.322835
0 0.623000 0.649606 0.046000 0.338583
2 0.691000 0.492126 0.034000 0.118110
1 0.751000 0.496063 0.050000 0.393701
3 0.832000 0.535433 0.080000 0.141732
0 0.906000 0.618110 0.044000 0.370079
3 0.432000 0.543307 0.020000 0.488189
3 0.959000 0.464567 0.034000 0.488189