3 0.180000 0.378453 0.320000 0.038674
1 0.065000 0.209945 0.082000 0.276243
0 0.149000 0.276243 0.062000 0.132597
2 0.221000 0.259669 0.058000 0.077348
0 0.286000 0.303867 0.088000 0.320442
0 0.176000 0.574586 0.088000 0.209945
2 0.427000 0.370166 0.082000 0.044199
3 0.740000 0.417127 0.352000 0.005525
0 0.634000 0.248619 0.108000 0.287293
2 0.743000 0.234807 0.062000 0.005525
1 0.835000 0.193370 0.062000 0.276243
0 0.636000 0.704420 0.060000 0.204420
1 0.705000 0.530387 0.030000 0.088398
2 0.763000 0.668508 0.030000 0.066298
0 0.797000 0.781768 0.062000 0.325967
1 0.859000 0.549724 0.034000 0.071823
3 0.549000 0.466851 0.026000 0.701657
3 0.946000 0.400552 0.064000 0.690608