0 0.069000 0.567073 0.026000 0.207317
0 0.168000 0.603659 0.032000 0.524390
0 0.245000 0.542683 0.038000 0.207317
3 0.212000 0.530488 0.012000 0.353659
3 0.278000 0.518293 0.012000 0.353659
3 0.024000 0.573171 0.008000 0.439024
3 0.305000 0.506098 0.010000 0.500000
3 0.374000 0.579268 0.044000 0.231707
1 0.461000 0.481707 0.038000 0.304878
0 0.586000 0.445122 0.032000 0.207317
2 0.632000 0.457317 0.024000 0.012195
1 0.678000 0.414634 0.032000 0.390244
3 0.543000 0.469512 0.018000 0.475610
3 0.729000 0.445122 0.018000 0.524390
0 0.835000 0.402439 0.038000 0.243902
1 0.862000 0.189024 0.012000 0.134146
1 0.938000 0.408537 0.020000 0.280488
3 0.798000 0.420732 0.004000 0.524390
3 0.976000 0.371951 0.004000 0.500000