3 0.155000 0.400000 0.246000 0.562500
0 0.043000 0.834375 0.046000 0.206250
3 0.134000 0.843750 0.100000 0.112500
3 0.271000 0.828125 0.118000 0.168750
3 0.480000 0.393750 0.336000 0.525000
0 0.406000 0.521875 0.068000 0.218750
2 0.489000 0.550000 0.070000 0.150000
1 0.570000 0.475000 0.088000 0.375000
2 0.665000 0.471875 0.042000 0.018750
3 0.779000 0.400000 0.134000 0.562500
0 0.818000 0.493750 0.048000 0.200000
3 0.331000 0.412500 0.054000 0.537500
3 0.874000 0.384375 0.052000 0.643750
2 0.934000 0.459375 0.032000 0.031250
1 0.966000 0.475000 0.024000 0.275000