0 0.051000 0.398551 0.062000 0.536232
0 0.107000 0.547101 0.050000 0.181159
0 0.164000 0.670290 0.044000 0.384058
0 0.232000 0.507246 0.044000 0.144928
3 0.084000 0.518116 0.020000 0.239130
3 0.264000 0.525362 0.020000 0.297101
2 0.309000 0.394928 0.042000 0.036232
0 0.390000 0.318841 0.040000 0.492754
0 0.473000 0.456522 0.026000 0.173913
3 0.501000 0.543478 0.006000 0.101449
0 0.528000 0.597826 0.032000 0.442029
3 0.442000 0.365942 0.012000 0.311594
3 0.586000 0.340580 0.016000 0.449275
2 0.612000 0.322464 0.032000 0.137681
0 0.688000 0.322464 0.056000 0.485507
0 0.770000 0.655797 0.028000 0.528986
3 0.788000 0.536232 0.004000 0.086957
0 0.823000 0.442029 0.046000 0.115942
3 0.749000 0.416667 0.006000 0.239130
3 0.865000 0.445652 0.026000 0.311594
2 0.895000 0.336957 0.022000 0.108696
1 0.929000 0.358696 0.038000 0.456522
1 0.964000 0.351449 0.028000 0.427536