0 0.050000 0.338521 0.060000 0.140078
1 0.110000 0.410506 0.016000 0.089494
2 0.185000 0.344358 0.046000 0.042802
3 0.540000 0.340467 0.592000 0.003891
1 0.299000 0.198444 0.042000 0.186770
2 0.376000 0.212062 0.052000 0.003891
3 0.560000 0.161479 0.224000 0.027237
1 0.526000 0.089494 0.060000 0.062257
3 0.562000 0.237354 0.204000 0.132296
0 0.529000 0.247082 0.042000 0.112840
2 0.579000 0.247082 0.030000 0.003891
1 0.625000 0.258755 0.026000 0.120623
3 0.274000 0.180934 0.032000 0.252918
3 0.684000 0.186770 0.020000 0.295720
0 0.754000 0.196498 0.088000 0.214008
0 0.490000 0.437743 0.072000 0.143969