0 0.047000 0.530075 0.054000 0.774436
0 0.168000 0.481203 0.060000 0.255639
0 0.228000 0.571429 0.044000 0.436090
3 0.105000 0.462406 0.026000 0.503759
3 0.284000 0.451128 0.028000 0.556391
2 0.378000 0.500000 0.052000 0.082707
0 0.466000 0.507519 0.064000 0.804511
0 0.588000 0.469925 0.064000 0.263158
3 0.538000 0.454887 0.024000 0.428571
3 0.651000 0.496241 0.022000 0.481203
2 0.727000 0.492481 0.050000 0.142857
0 0.811000 0.466165 0.050000 0.781955
0 0.922000 0.526316 0.036000 0.390977
3 0.867000 0.451128 0.038000 0.406015
3 0.971000 0.447368 0.014000 0.458647