3 0.115000 0.514354 0.058000 0.607656
0 0.112000 0.916268 0.032000 0.071770
0 0.142000 0.110048 0.028000 0.105263
0 0.174000 0.533493 0.052000 0.234450
0 0.230000 0.576555 0.044000 0.071770
3 0.200000 0.571770 0.024000 0.157895
3 0.263000 0.562201 0.022000 0.148325
0 0.320000 0.531100 0.028000 0.153110
0 0.355000 0.571770 0.026000 0.071770
3 0.022000 0.516746 0.004000 0.803828
3 0.412000 0.528708 0.016000 0.779904
3 0.513000 0.500000 0.078000 0.129187
3 0.580000 0.495215 0.040000 0.626794
0 0.576000 0.868421 0.028000 0.081340
0 0.583000 0.100478 0.018000 0.105263
0 0.684000 0.576555 0.044000 0.272727
0 0.778000 0.602871 0.048000 0.095694
3 0.738000 0.598086 0.024000 0.191388
3 0.820000 0.593301 0.024000 0.191388
3 0.615000 0.509569 0.018000 0.588517
3 0.861000 0.545455 0.010000 0.555024
0 0.901000 0.557416 0.038000 0.244019
0 0.957000 0.626794 0.042000 0.114833