1 0.110000 0.333333 0.180000 0.511628
0 0.259000 0.492248 0.074000 0.209302
1 0.278000 0.263566 0.020000 0.108527
0 0.344000 0.468992 0.036000 0.379845
1 0.375000 0.282946 0.026000 0.147287
2 0.433000 0.500000 0.038000 0.162791
1 0.504000 0.496124 0.080000 0.279070
0 0.555000 0.577519 0.046000 0.116279
1 0.596000 0.468992 0.016000 0.116279
0 0.645000 0.546512 0.034000 0.317829
1 0.685000 0.410853 0.038000 0.124031
3 0.881000 0.612403 0.146000 0.015504
0 0.837000 0.492248 0.050000 0.193798
1 0.875000 0.352713 0.046000 0.147287
0 0.933000 0.430233 0.030000 0.271318
1 0.966000 0.341085 0.024000 0.139535
1 0.879000 0.790698 0.046000 0.248062