0 0.031000 0.651316 0.022000 0.434211
1 0.051000 0.296053 0.018000 0.144737
2 0.084000 0.598684 0.024000 0.144737
0 0.130000 0.539474 0.024000 0.210526
1 0.149000 0.651316 0.006000 0.144737
0 0.180000 0.539474 0.032000 0.263158
0 0.223000 0.618421 0.022000 0.447368
2 0.278000 0.565789 0.036000 0.210526
0 0.328000 0.532895 0.028000 0.250000
1 0.356000 0.644737 0.020000 0.131579
0 0.397000 0.611842 0.026000 0.407895
2 0.455000 0.546053 0.034000 0.092105
0 0.517000 0.473684 0.038000 0.236842
1 0.530000 0.197368 0.020000 0.131579
2 0.573000 0.500000 0.022000 0.184211
0 0.623000 0.486842 0.022000 0.210526
1 0.648000 0.565789 0.012000 0.105263
0 0.680000 0.434211 0.028000 0.210526
1 0.699000 0.197368 0.018000 0.131579
2 0.733000 0.500000 0.026000 0.184211
0 0.780000 0.460526 0.028000 0.236842
1 0.812000 0.572368 0.020000 0.171053
0 0.851000 0.453947 0.038000 0.223684
2 0.909000 0.447368 0.018000 0.157895
0 0.950000 0.427632 0.028000 0.197368
1 0.973000 0.493421 0.010000 0.118421