0 0.036000 0.468750 0.032000 0.687500
0 0.102000 0.643750 0.024000 0.262500
3 0.077000 0.581250 0.010000 0.487500
3 0.134000 0.593750 0.016000 0.462500
3 0.179000 0.675000 0.006000 0.075000
0 0.244000 0.443750 0.052000 0.612500
0 0.333000 0.525000 0.034000 0.300000
3 0.303000 0.506250 0.014000 0.487500
3 0.365000 0.525000 0.010000 0.425000
2 0.436000 0.518750 0.064000 0.112500
0 0.547000 0.593750 0.034000 0.262500
2 0.602000 0.587500 0.036000 0.225000
1 0.663000 0.525000 0.026000 0.550000
3 0.510000 0.543750 0.016000 0.437500
3 0.693000 0.537500 0.018000 0.600000
1 0.766000 0.575000 0.028000 0.375000
0 0.805000 0.650000 0.034000 0.200000
2 0.871000 0.587500 0.038000 0.025000
1 0.919000 0.525000 0.038000 0.450000
3 0.731000 0.550000 0.014000 0.575000
3 0.965000 0.537500 0.026000 0.650000