3 0.075000 0.401786 0.110000 0.386905
0 0.039000 0.666667 0.018000 0.095238
2 0.069000 0.675595 0.018000 0.029762
1 0.108000 0.675595 0.028000 0.089286
3 0.070000 0.154762 0.064000 0.095238
3 0.331000 0.505952 0.270000 0.059524
3 0.246000 0.309524 0.064000 0.226190
0 0.216000 0.434524 0.004000 0.047619
2 0.232000 0.443452 0.016000 0.017857
1 0.254000 0.458333 0.016000 0.047619
0 0.253000 0.166667 0.014000 0.071429
0 0.312000 0.348214 0.044000 0.101190
0 0.350000 0.395833 0.008000 0.077381
0 0.341000 0.627976 0.042000 0.148810
3 0.187000 0.446429 0.050000 0.559524
3 0.443000 0.437500 0.042000 0.648810
0 0.468000 0.104167 0.016000 0.089286
3 0.522000 0.517857 0.044000 0.154762
3 0.641000 0.476190 0.106000 0.023810
0 0.649000 0.327381 0.030000 0.154762
0 0.601000 0.639881 0.026000 0.172619
2 0.641000 0.625000 0.026000 0.011905
1 0.690000 0.636905 0.028000 0.119048
3 0.586000 0.485119 0.048000 0.648810
3 0.709000 0.473214 0.042000 0.613095
0 0.736000 0.125000 0.016000 0.083333
3 0.828000 0.502976 0.108000 0.553571
0 0.798000 0.872024 0.028000 0.101190
2 0.831000 0.877976 0.018000 0.029762
1 0.861000 0.877976 0.022000 0.113095
3 0.828000 0.157738 0.076000 0.089286
0 0.919000 0.517857 0.054000 0.142857
0 0.968000 0.613095 0.020000 0.083333
0 0.958000 0.404762 0.012000 0.059524