3 0.187000 0.446108 0.334000 0.053892
1 0.067000 0.191617 0.050000 0.263473
0 0.148000 0.251497 0.036000 0.143713
2 0.251000 0.236527 0.030000 0.113772
0 0.314000 0.275449 0.048000 0.179641
0 0.169000 0.661677 0.050000 0.137725
2 0.509000 0.437126 0.102000 0.095808
3 0.762000 0.386228 0.172000 0.029940
0 0.702000 0.272455 0.052000 0.173653
2 0.779000 0.266467 0.046000 0.005988
1 0.855000 0.248503 0.054000 0.209581
0 0.685000 0.652695 0.046000 0.119760
1 0.733000 0.586826 0.034000 0.119760
2 0.790000 0.688623 0.040000 0.119760
0 0.825000 0.727545 0.062000 0.233533
1 0.880000 0.652695 0.036000 0.119760
3 0.650000 0.520958 0.044000 0.838323
3 0.960000 0.511976 0.036000 0.724551