3 0.066000 0.502618 0.092000 0.586387
1 0.034000 0.890052 0.024000 0.104712
3 0.109000 0.086387 0.058000 0.068063
0 0.124000 0.630890 0.060000 0.518325
0 0.214000 0.602094 0.048000 0.146597
3 0.187000 0.520942 0.014000 0.287958
3 0.238000 0.534031 0.040000 0.282723
0 0.295000 0.562827 0.046000 0.225131
0 0.347000 0.604712 0.034000 0.099476
2 0.408000 0.554974 0.040000 0.052356
3 0.529000 0.552356 0.178000 0.350785
0 0.464000 0.861257 0.020000 0.130890
3 0.513000 0.879581 0.054000 0.083770
3 0.587000 0.824607 0.058000 0.057592
3 0.690000 0.473822 0.092000 0.424084
1 0.679000 0.748691 0.014000 0.062827
0 0.732000 0.138743 0.016000 0.099476
0 0.750000 0.615183 0.044000 0.382199
0 0.823000 0.602094 0.030000 0.115183
3 0.800000 0.536649 0.016000 0.235602
3 0.852000 0.547120 0.016000 0.267016
0 0.904000 0.520942 0.044000 0.246073
0 0.956000 0.612565 0.044000 0.104712