1 0.049000 0.446721 0.058000 0.516393
0 0.161000 0.631148 0.090000 0.163934
1 0.170000 0.352459 0.036000 0.131148
0 0.249000 0.532787 0.046000 0.459016
1 0.287000 0.352459 0.022000 0.180328
2 0.336000 0.627049 0.048000 0.122951
1 0.444000 0.471311 0.052000 0.418033
0 0.518000 0.565574 0.064000 0.131148
1 0.520000 0.372951 0.020000 0.155738
0 0.603000 0.516393 0.038000 0.377049
1 0.657000 0.397541 0.042000 0.155738
3 0.876000 0.586066 0.200000 0.008197
0 0.817000 0.385246 0.070000 0.147541
1 0.857000 0.155738 0.030000 0.147541
0 0.931000 0.295082 0.046000 0.360656
1 0.969000 0.196721 0.018000 0.163934
1 0.870000 0.803279 0.060000 0.229508