0 0.035000 0.350000 0.030000 0.500000
0 0.131000 0.450000 0.054000 0.233333
3 0.175000 0.604167 0.006000 0.091667
0 0.225000 0.554167 0.086000 0.391667
3 0.076000 0.412500 0.028000 0.358333
3 0.281000 0.425000 0.018000 0.516667
2 0.341000 0.425000 0.034000 0.050000
0 0.390000 0.433333 0.032000 0.450000
1 0.400000 0.654167 0.020000 0.175000
0 0.494000 0.500000 0.044000 0.216667
0 0.560000 0.620833 0.068000 0.325000
3 0.450000 0.466667 0.028000 0.350000
3 0.604000 0.512500 0.008000 0.375000
2 0.668000 0.508333 0.036000 0.150000
0 0.745000 0.445833 0.046000 0.525000
1 0.759000 0.720833 0.034000 0.158333
3 0.889000 0.512500 0.098000 0.008333
0 0.895000 0.300000 0.066000 0.233333
0 0.894000 0.770833 0.072000 0.291667
3 0.828000 0.429167 0.020000 0.641667
3 0.967000 0.487500 0.022000 0.808333