0 0.072000 0.418182 0.104000 0.654545
0 0.148000 0.740909 0.040000 0.336364
2 0.219000 0.518182 0.042000 0.127273
3 0.292000 0.504545 0.048000 0.009091
1 0.291000 0.304545 0.030000 0.245455
1 0.306000 0.722727 0.056000 0.263636
0 0.367000 0.509091 0.050000 0.200000
1 0.406000 0.631818 0.016000 0.154545
0 0.468000 0.522727 0.040000 0.209091
1 0.480000 0.640909 0.012000 0.118182
1 0.518000 0.327273 0.028000 0.127273
2 0.588000 0.477273 0.040000 0.190909
1 0.665000 0.236364 0.018000 0.272727
1 0.675000 0.690909 0.042000 0.254545
0 0.768000 0.445455 0.072000 0.218182
1 0.834000 0.572727 0.032000 0.163636
0 0.899000 0.445455 0.054000 0.236364
1 0.928000 0.550000 0.028000 0.100000
1 0.958000 0.195455 0.040000 0.190909