1 0.288000 0.400000 0.080000 0.422857
0 0.384000 0.488571 0.092000 0.268571
2 0.510000 0.488571 0.056000 0.074286
3 0.788000 0.494286 0.380000 0.005714
1 0.709000 0.265714 0.062000 0.268571
0 0.915000 0.311429 0.062000 0.245714
1 0.653000 0.688571 0.038000 0.280000
2 0.736000 0.720000 0.044000 0.011429
1 0.864000 0.577143 0.032000 0.080000
0 0.920000 0.725714 0.064000 0.194286
0 0.169000 0.660000 0.082000 0.474286
0 0.843000 0.820000 0.042000 0.234286
0 0.824000 0.391429 0.052000 0.268571
0 0.067000 0.405714 0.094000 0.514286
0 0.776000 0.237143 0.044000 0.360000
0 0.801000 0.697143 0.030000 0.228571