0 0.074000 0.650602 0.040000 0.265060
2 0.119000 0.632530 0.018000 0.012048
0 0.193000 0.487952 0.078000 0.469880
3 0.023000 0.512048 0.006000 0.734940
3 0.264000 0.397590 0.004000 0.554217
3 0.355000 0.439759 0.062000 0.421687
0 0.482000 0.524096 0.040000 0.253012
2 0.538000 0.500000 0.020000 0.012048
0 0.589000 0.506024 0.038000 0.216867
3 0.431000 0.409639 0.006000 0.530120
3 0.639000 0.421687 0.010000 0.530120
2 0.694000 0.542169 0.032000 0.216867
0 0.823000 0.469880 0.042000 0.289157
2 0.874000 0.475904 0.016000 0.012048
0 0.932000 0.385542 0.068000 0.409639
3 0.776000 0.355422 0.012000 0.445783
3 0.973000 0.403614 0.010000 0.493976