0 0.060000 0.615385 0.080000 0.538462
0 0.155000 0.721154 0.050000 0.230769
3 0.125000 0.687500 0.030000 0.355769
3 0.194000 0.697115 0.016000 0.336538
2 0.274000 0.524038 0.080000 0.125000
1 0.369000 0.264423 0.022000 0.201923
0 0.367000 0.610577 0.042000 0.144231
2 0.478000 0.475962 0.036000 0.201923
1 0.554000 0.221154 0.024000 0.250000
0 0.545000 0.610577 0.038000 0.144231
1 0.580000 0.528846 0.016000 0.076923
2 0.660000 0.471154 0.080000 0.230769
0 0.769000 0.509615 0.094000 0.788462
0 0.900000 0.524038 0.040000 0.201923
3 0.853000 0.495192 0.034000 0.509615
3 0.957000 0.543269 0.042000 0.567308