0 0.073000 0.626087 0.042000 0.191304
2 0.130000 0.626087 0.048000 0.191304
1 0.190000 0.556522 0.024000 0.347826
3 0.028000 0.660870 0.016000 0.504348
3 0.248000 0.600000 0.052000 0.417391
0 0.255000 0.256522 0.022000 0.165217
2 0.294000 0.234783 0.032000 0.139130
1 0.330000 0.208696 0.012000 0.243478
2 0.414000 0.539130 0.060000 0.139130
0 0.537000 0.639130 0.042000 0.200000
2 0.588000 0.573913 0.040000 0.156522
1 0.649000 0.573913 0.026000 0.243478
3 0.503000 0.621739 0.054000 0.460870
3 0.698000 0.586957 0.040000 0.408696
0 0.820000 0.552174 0.040000 0.182609
2 0.870000 0.530435 0.032000 0.139130
1 0.911000 0.513043 0.018000 0.295652
3 0.784000 0.569565 0.052000 0.391304
3 0.944000 0.508696 0.032000 0.391304
0 0.964000 0.195652 0.028000 0.147826