3 0.047000 0.528889 0.054000 0.613333
1 0.034000 0.902222 0.024000 0.097778
0 0.060000 0.104444 0.048000 0.120000
1 0.143000 0.391111 0.046000 0.195556
0 0.199000 0.451111 0.050000 0.182222
1 0.132000 0.706667 0.028000 0.213333
2 0.172000 0.735556 0.044000 0.111111
0 0.239000 0.731111 0.058000 0.120000
1 0.264000 0.608889 0.032000 0.053333
0 0.334000 0.524444 0.056000 0.213333
0 0.394000 0.562222 0.064000 0.137778
2 0.487000 0.555556 0.050000 0.026667
3 0.611000 0.540000 0.138000 0.315556
1 0.772000 0.435556 0.032000 0.186667
2 0.830000 0.471111 0.044000 0.133333
0 0.901000 0.453333 0.046000 0.160000
1 0.941000 0.320000 0.022000 0.062222
3 0.722000 0.486667 0.032000 0.351111
3 0.956000 0.480000 0.040000 0.337778