3 0.242000 0.640625 0.444000 0.010417
1 0.083000 0.380208 0.070000 0.291667
0 0.171000 0.494792 0.050000 0.156250
2 0.256000 0.442708 0.024000 0.083333
0 0.336000 0.481771 0.048000 0.223958
0 0.235000 0.812500 0.102000 0.125000
2 0.580000 0.557292 0.032000 0.052083
3 0.797000 0.541667 0.222000 0.052083
0 0.760000 0.333333 0.048000 0.291667
1 0.887000 0.309896 0.034000 0.203125
0 0.695000 0.765625 0.030000 0.114583
1 0.726000 0.703125 0.032000 0.072917
2 0.781000 0.778646 0.034000 0.067708
0 0.862000 0.817708 0.056000 0.250000
1 0.918000 0.661458 0.036000 0.072917
3 0.684000 0.523438 0.084000 0.828125
3 0.962000 0.492188 0.032000 0.880208