3 0.218000 0.524476 0.396000 0.083916
1 0.071000 0.339161 0.042000 0.244755
0 0.129000 0.388112 0.050000 0.090909
2 0.191000 0.374126 0.030000 0.076923
0 0.246000 0.377622 0.052000 0.111888
0 0.201000 0.716783 0.062000 0.104895
2 0.461000 0.493007 0.034000 0.104895
3 0.763000 0.500000 0.282000 0.006993
0 0.661000 0.300699 0.054000 0.181818
2 0.734000 0.297203 0.032000 0.020979
1 0.819000 0.286713 0.046000 0.209790
0 0.684000 0.811189 0.044000 0.125874
1 0.722000 0.653846 0.028000 0.062937
2 0.762000 0.793706 0.032000 0.062937
0 0.832000 0.828671 0.040000 0.188811
1 0.857000 0.657343 0.022000 0.069930
3 0.590000 0.489510 0.056000 0.811189
3 0.938000 0.458042 0.080000 0.776224