3 0.143000 0.406780 0.142000 0.644068
0 0.033000 0.860169 0.026000 0.093220
3 0.080000 0.843220 0.044000 0.076271
3 0.174000 0.860169 0.096000 0.093220
0 0.345000 0.478814 0.050000 0.279661
0 0.385000 0.622881 0.018000 0.093220
2 0.453000 0.487288 0.082000 0.364407
0 0.511000 0.593220 0.046000 0.423729
0 0.546000 0.635593 0.012000 0.084746
3 0.299000 0.483051 0.022000 0.542373
3 0.589000 0.478814 0.022000 0.533898
2 0.655000 0.483051 0.046000 0.084746
0 0.757000 0.377119 0.058000 0.381356
1 0.801000 0.555085 0.014000 0.127119
2 0.856000 0.415254 0.080000 0.542373
0 0.924000 0.402542 0.048000 0.364407
1 0.964000 0.572034 0.028000 0.093220