3 0.133000 0.513072 0.138000 0.006536
1 0.105000 0.297386 0.030000 0.254902
0 0.118000 0.735294 0.076000 0.215686
1 0.188000 0.643791 0.032000 0.150327
2 0.278000 0.490196 0.052000 0.039216
3 0.445000 0.509804 0.166000 0.013072
1 0.381000 0.310458 0.054000 0.307190
0 0.465000 0.388889 0.070000 0.137255
0 0.439000 0.741830 0.054000 0.228758
2 0.606000 0.526144 0.060000 0.202614
3 0.804000 0.503268 0.232000 0.026144
1 0.766000 0.271242 0.088000 0.307190
0 0.742000 0.764706 0.080000 0.222222
0 0.840000 0.777778 0.064000 0.235294
3 0.041000 0.513072 0.042000 0.712418
3 0.953000 0.500000 0.050000 0.869281