3 0.201000 0.551576 0.250000 0.489971
0 0.063000 0.919771 0.086000 0.097421
2 0.201000 0.902579 0.070000 0.034384
1 0.306000 0.893983 0.072000 0.080229
0 0.178000 0.127507 0.128000 0.197708
3 0.499000 0.547278 0.242000 0.515759
0 0.468000 0.893983 0.040000 0.068768
2 0.540000 0.888252 0.032000 0.017192
1 0.625000 0.873926 0.054000 0.063037
0 0.582000 0.137536 0.144000 0.177650
0 0.730000 0.563037 0.072000 0.134670
0 0.827000 0.631805 0.062000 0.071633
3 0.902000 0.676218 0.004000 0.040115
0 0.961000 0.640401 0.034000 0.077364