3 0.093000 0.440625 0.146000 0.456250
0 0.044000 0.809375 0.040000 0.106250
3 0.085000 0.796875 0.034000 0.056250
0 0.140000 0.809375 0.028000 0.106250
3 0.340000 0.528125 0.208000 0.018750
0 0.265000 0.334375 0.046000 0.356250
0 0.347000 0.340625 0.038000 0.143750
3 0.313000 0.328125 0.014000 0.206250
3 0.393000 0.340625 0.002000 0.218750
0 0.278000 0.781250 0.060000 0.300000
0 0.372000 0.700000 0.044000 0.125000
3 0.334000 0.709375 0.012000 0.218750
3 0.410000 0.696875 0.016000 0.231250
2 0.505000 0.521875 0.042000 0.056250
3 0.655000 0.378125 0.138000 0.343750
0 0.600000 0.684375 0.032000 0.106250
3 0.652000 0.687500 0.052000 0.037500
0 0.714000 0.675000 0.032000 0.100000
3 0.880000 0.478125 0.192000 0.018750
0 0.796000 0.309375 0.040000 0.381250
0 0.894000 0.293750 0.048000 0.162500
3 0.850000 0.284375 0.016000 0.281250
3 0.931000 0.293750 0.018000 0.275000
0 0.816000 0.737500 0.052000 0.275000
3 0.830000 0.578125 0.008000 0.081250
0 0.922000 0.668750 0.056000 0.162500
3 0.870000 0.684375 0.020000 0.256250
3 0.963000 0.687500 0.022000 0.237500