3 0.499000 0.511254 0.958000 0.012862
0 0.220000 0.318328 0.112000 0.128617
3 0.130000 0.279743 0.004000 0.225080
3 0.303000 0.282958 0.002000 0.231511
0 0.632000 0.295820 0.084000 0.244373
3 0.535000 0.282958 0.026000 0.250804
3 0.709000 0.279743 0.006000 0.308682
3 0.090000 0.262058 0.084000 0.331190
3 0.809000 0.273312 0.066000 0.360129
1 0.905000 0.086817 0.090000 0.109325
0 0.368000 0.848875 0.136000 0.135048
0 0.694000 0.771704 0.112000 0.340836
3 0.251000 0.760450 0.014000 0.369775
3 0.790000 0.762058 0.028000 0.405145