3 0.384000 0.566489 0.728000 0.015957
0 0.122000 0.281915 0.052000 0.148936
2 0.196000 0.297872 0.048000 0.138298
1 0.271000 0.279255 0.046000 0.218085
3 0.062000 0.313830 0.044000 0.340426
3 0.319000 0.268617 0.030000 0.345745
0 0.463000 0.271277 0.066000 0.202128
2 0.532000 0.300532 0.036000 0.005319
1 0.613000 0.263298 0.066000 0.239362
3 0.397000 0.289894 0.030000 0.398936
3 0.679000 0.271277 0.026000 0.436170
1 0.174000 0.787234 0.056000 0.191489
0 0.347000 0.776596 0.078000 0.180851
2 0.416000 0.789894 0.036000 0.015957
1 0.475000 0.763298 0.038000 0.207447
3 0.262000 0.789894 0.024000 0.239362
3 0.547000 0.789894 0.014000 0.313830
3 0.840000 0.563830 0.080000 0.180851
1 0.954000 0.500000 0.048000 0.212766