3 0.069000 0.500000 0.098000 0.215385
1 0.125000 0.350000 0.030000 0.130769
0 0.149000 0.650000 0.062000 0.530769
2 0.221000 0.457692 0.038000 0.038462
1 0.293000 0.230769 0.018000 0.307692
1 0.302000 0.688462 0.032000 0.361538
3 0.441000 0.507692 0.102000 0.184615
1 0.521000 0.423077 0.050000 0.292308
0 0.556000 0.607692 0.048000 0.400000
2 0.644000 0.461538 0.044000 0.153846
1 0.732000 0.403846 0.040000 0.330769
3 0.840000 0.484615 0.108000 0.200000
0 0.921000 0.646154 0.042000 0.538462
3 0.360000 0.438462 0.028000 0.615385
3 0.958000 0.465385 0.040000 0.730769