3 0.208000 0.532486 0.376000 0.002825
0 0.105000 0.223164 0.110000 0.355932
1 0.180000 0.398305 0.020000 0.118644
1 0.251000 0.079096 0.042000 0.101695
0 0.179000 0.717514 0.238000 0.259887
1 0.319000 0.905367 0.074000 0.132768
1 0.328000 0.656780 0.020000 0.070621
2 0.501000 0.545198 0.098000 0.112994
3 0.813000 0.422316 0.326000 0.014124
0 0.728000 0.170904 0.060000 0.127119
1 0.841000 0.228814 0.030000 0.050847
1 0.838000 0.064972 0.036000 0.073446
0 0.718000 0.648305 0.108000 0.132768
1 0.846000 0.750000 0.040000 0.070621
1 0.819000 0.525424 0.034000 0.073446