0 0.090000 0.638614 0.040000 0.247525
2 0.165000 0.599010 0.030000 0.148515
0 0.237000 0.539604 0.034000 0.405941
3 0.040000 0.584158 0.040000 0.633663
3 0.277000 0.529703 0.022000 0.584158
1 0.323000 0.193069 0.030000 0.148515
2 0.396000 0.569307 0.040000 0.089109
0 0.496000 0.608911 0.048000 0.267327
1 0.527000 0.371287 0.022000 0.148515
2 0.588000 0.574257 0.040000 0.198020
1 0.662000 0.480198 0.048000 0.366337
0 0.718000 0.569307 0.036000 0.188119
0 0.770000 0.445545 0.032000 0.396040
2 0.847000 0.529703 0.042000 0.168317
0 0.935000 0.445545 0.042000 0.415842
1 0.964000 0.168317 0.028000 0.138614