3 0.075000 0.492593 0.110000 0.607407
1 0.050000 0.905556 0.024000 0.114815
2 0.047000 0.077778 0.038000 0.081481
3 0.157000 0.103704 0.126000 0.066667
0 0.201000 0.555556 0.114000 0.185185
0 0.257000 0.390741 0.042000 0.092593
0 0.371000 0.548148 0.090000 0.170370
2 0.416000 0.405556 0.040000 0.011111
0 0.490000 0.370370 0.048000 0.088889
0 0.550000 0.477778 0.052000 0.296296
0 0.652000 0.564815 0.104000 0.188889
2 0.774000 0.570370 0.068000 0.029630
0 0.897000 0.525926 0.066000 0.170370
3 0.971000 0.433333 0.014000 0.325926