0 0.060000 0.555233 0.080000 0.180233
0 0.057000 0.659884 0.058000 0.145349
2 0.122000 0.549419 0.032000 0.029070
3 0.491000 0.500000 0.654000 0.883721
3 0.495000 0.534884 0.490000 0.011628
1 0.314000 0.322674 0.068000 0.226744
0 0.385000 0.308140 0.054000 0.197674
0 0.480000 0.343023 0.088000 0.267442
0 0.551000 0.465116 0.050000 0.093023
0 0.308000 0.720930 0.080000 0.290698
0 0.386000 0.863372 0.068000 0.122093
2 0.471000 0.793605 0.030000 0.122093
0 0.536000 0.752907 0.056000 0.273256
2 0.801000 0.517442 0.034000 0.046512
3 0.873000 0.497093 0.078000 0.331395
1 0.875000 0.500000 0.034000 0.197674
0 0.940000 0.552326 0.048000 0.151163
0 0.963000 0.613372 0.030000 0.133721