0 0.081000 0.547872 0.058000 0.329787
2 0.127000 0.526596 0.038000 0.287234
1 0.169000 0.531915 0.022000 0.531915
3 0.036000 0.563830 0.032000 0.638298
3 0.213000 0.515957 0.042000 0.670213
0 0.260000 0.287234 0.028000 0.212766
2 0.293000 0.303191 0.022000 0.159574
1 0.326000 0.260638 0.012000 0.308511
2 0.394000 0.585106 0.056000 0.148936
0 0.538000 0.510638 0.040000 0.319149
2 0.578000 0.505319 0.032000 0.202128
1 0.622000 0.478723 0.020000 0.425532
3 0.493000 0.531915 0.030000 0.510638
3 0.665000 0.515957 0.022000 0.585106
0 0.750000 0.500000 0.040000 0.276596
2 0.811000 0.500000 0.042000 0.276596
1 0.873000 0.484043 0.034000 0.414894
3 0.711000 0.563830 0.030000 0.489362
3 0.920000 0.510638 0.032000 0.595745
0 0.964000 0.276596 0.028000 0.234043