3 0.085000 0.486631 0.050000 0.513369
0 0.100000 0.823529 0.032000 0.064171
0 0.130000 0.192513 0.032000 0.128342
0 0.166000 0.614973 0.044000 0.374332
0 0.254000 0.598930 0.036000 0.171123
3 0.216000 0.521390 0.024000 0.262032
3 0.292000 0.561497 0.020000 0.331551
0 0.350000 0.556150 0.036000 0.245989
0 0.397000 0.612299 0.034000 0.165775
3 0.023000 0.470588 0.006000 0.566845
3 0.452000 0.459893 0.004000 0.566845
3 0.522000 0.516043 0.060000 0.112299
3 0.597000 0.526738 0.054000 0.614973
0 0.594000 0.906417 0.036000 0.069519
0 0.644000 0.128342 0.036000 0.149733
0 0.709000 0.612299 0.038000 0.336898
0 0.780000 0.628342 0.032000 0.165775
3 0.749000 0.580214 0.022000 0.272727
3 0.813000 0.606952 0.018000 0.326203
3 0.659000 0.540107 0.002000 0.352941
3 0.845000 0.553476 0.006000 0.347594
0 0.903000 0.566845 0.046000 0.245989
0 0.960000 0.609626 0.036000 0.192513