3 0.056000 0.526846 0.072000 0.610738
0 0.108000 0.637584 0.044000 0.241611
0 0.161000 0.483221 0.046000 0.067114
0 0.248000 0.503356 0.092000 0.483221
0 0.339000 0.627517 0.050000 0.261745
2 0.445000 0.546980 0.058000 0.060403
3 0.641000 0.546980 0.262000 0.020134
0 0.559000 0.345638 0.050000 0.261745
0 0.627000 0.161074 0.086000 0.093960
2 0.693000 0.161074 0.030000 0.093960
1 0.733000 0.161074 0.026000 0.187919
0 0.573000 0.795302 0.098000 0.114094
2 0.673000 0.758389 0.042000 0.107383
1 0.732000 0.785235 0.040000 0.295302
2 0.839000 0.570470 0.062000 0.174497
0 0.945000 0.570470 0.066000 0.335570