3 0.124000 0.447867 0.180000 0.374408
0 0.046000 0.817536 0.052000 0.137441
3 0.120000 0.772512 0.060000 0.113744
3 0.217000 0.815166 0.066000 0.113744
3 0.485000 0.419431 0.430000 0.071090
0 0.420000 0.220379 0.056000 0.194313
3 0.480000 0.158768 0.012000 0.222749
3 0.412000 0.672986 0.232000 0.407583
1 0.376000 0.715640 0.052000 0.255924
3 0.423000 0.781991 0.058000 0.208531
0 0.501000 0.770142 0.054000 0.175355
3 0.662000 0.670616 0.072000 0.014218
0 0.655000 0.585308 0.062000 0.118483
0 0.676000 0.796209 0.044000 0.132701
3 0.604000 0.708531 0.048000 0.488152
3 0.735000 0.720379 0.050000 0.464455
2 0.831000 0.379147 0.070000 0.066351
1 0.957000 0.440758 0.042000 0.426540