3 0.055000 0.522277 0.070000 0.549505
1 0.075000 0.913366 0.022000 0.064356
3 0.114000 0.121287 0.096000 0.143564
3 0.327000 0.450495 0.370000 0.059406
3 0.261000 0.353960 0.174000 0.183168
1 0.381000 0.254950 0.026000 0.123762
0 0.424000 0.358911 0.056000 0.113861
0 0.274000 0.702970 0.064000 0.168317
1 0.350000 0.564356 0.032000 0.108911
0 0.589000 0.386139 0.082000 0.267327
0 0.644000 0.448020 0.040000 0.123762
2 0.766000 0.452970 0.056000 0.034653
3 0.901000 0.398515 0.154000 0.034653
3 0.910000 0.262376 0.128000 0.217822
1 0.885000 0.569307 0.054000 0.178218