3 0.157000 0.515873 0.262000 0.468254
0 0.058000 0.898810 0.076000 0.115079
2 0.165000 0.857143 0.026000 0.023810
1 0.238000 0.871032 0.032000 0.178571
0 0.136000 0.138889 0.068000 0.198413
3 0.510000 0.511905 0.260000 0.452381
0 0.435000 0.894841 0.062000 0.107143
2 0.525000 0.859127 0.030000 0.019841
1 0.592000 0.855159 0.040000 0.170635
0 0.471000 0.130952 0.042000 0.182540
0 0.755000 0.628968 0.098000 0.138889
0 0.834000 0.730159 0.080000 0.095238
1 0.892000 0.789683 0.028000 0.103175
0 0.950000 0.722222 0.056000 0.079365