3 0.241000 0.538860 0.442000 0.818653
3 0.269000 0.712435 0.282000 0.005181
3 0.193000 0.422280 0.134000 0.336788
0 0.152000 0.632124 0.020000 0.082902
2 0.185000 0.650259 0.018000 0.025907
1 0.223000 0.647668 0.014000 0.072539
0 0.199000 0.209845 0.026000 0.067358
0 0.339000 0.461140 0.054000 0.186528
0 0.381000 0.544041 0.018000 0.082902
1 0.393000 0.321244 0.034000 0.103627
0 0.248000 0.831606 0.040000 0.119171
3 0.569000 0.523316 0.082000 0.290155
3 0.824000 0.613990 0.304000 0.025907
3 0.773000 0.318653 0.154000 0.378238
0 0.733000 0.559585 0.022000 0.062176
2 0.765000 0.564767 0.014000 0.020725
1 0.797000 0.564767 0.018000 0.062176
0 0.768000 0.077720 0.024000 0.051813
0 0.916000 0.347150 0.056000 0.176166
0 0.956000 0.424870 0.020000 0.103627
0 0.813000 0.766839 0.058000 0.145078