0 0.053000 0.611111 0.066000 0.200000
0 0.121000 0.741667 0.034000 0.105556
2 0.218000 0.619444 0.088000 0.083333
0 0.348000 0.605556 0.056000 0.166667
0 0.393000 0.755556 0.034000 0.133333
2 0.430000 0.758333 0.016000 0.005556
1 0.471000 0.758333 0.034000 0.127778
3 0.728000 0.586111 0.232000 0.016667
0 0.624000 0.302778 0.036000 0.116667
2 0.711000 0.297222 0.050000 0.005556
0 0.805000 0.336111 0.046000 0.161111
0 0.731000 0.788889 0.054000 0.144444
3 0.552000 0.491667 0.052000 0.772222
3 0.921000 0.500000 0.114000 0.888889