3 0.058000 0.600629 0.076000 0.471698
1 0.044000 0.902516 0.016000 0.069182
3 0.079000 0.245283 0.066000 0.088050
3 0.173000 0.619497 0.118000 0.371069
0 0.184000 0.732704 0.044000 0.232704
0 0.250000 0.701258 0.068000 0.182390
2 0.307000 0.562893 0.030000 0.006289
0 0.358000 0.569182 0.044000 0.169811
0 0.461000 0.559748 0.114000 0.477987
0 0.517000 0.682390 0.058000 0.207547
2 0.601000 0.600629 0.070000 0.081761
3 0.704000 0.616352 0.112000 0.012579
1 0.721000 0.289308 0.054000 0.452830
1 0.694000 0.742138 0.064000 0.201258
3 0.876000 0.562893 0.204000 0.622642
3 0.898000 0.591195 0.088000 0.213836