0 0.052000 0.621622 0.064000 0.335135
1 0.115000 0.813514 0.026000 0.254054
2 0.217000 0.610811 0.094000 0.108108
3 0.624000 0.586486 0.644000 0.016216
1 0.403000 0.300000 0.042000 0.167568
2 0.498000 0.318919 0.052000 0.021622
3 0.692000 0.281081 0.212000 0.010811
1 0.657000 0.178378 0.046000 0.151351
3 0.704000 0.410811 0.224000 0.205405
0 0.669000 0.456757 0.050000 0.135135
2 0.738000 0.448649 0.032000 0.010811
1 0.798000 0.470270 0.028000 0.140541
3 0.337000 0.329730 0.006000 0.345946
3 0.855000 0.302703 0.054000 0.497297
0 0.945000 0.286486 0.066000 0.194595
0 0.632000 0.800000 0.060000 0.183784