1 0.118000 0.275862 0.036000 0.436782
0 0.164000 0.686782 0.148000 0.166667
1 0.253000 0.629310 0.046000 0.074713
2 0.323000 0.491379 0.046000 0.017241
3 0.476000 0.540230 0.192000 0.011494
1 0.417000 0.359195 0.058000 0.270115
0 0.540000 0.431034 0.140000 0.183908
0 0.481000 0.681034 0.150000 0.155172
2 0.641000 0.545977 0.066000 0.126437
3 0.814000 0.548851 0.212000 0.017241
1 0.769000 0.410920 0.082000 0.235632
0 0.738000 0.701149 0.096000 0.183908
0 0.850000 0.698276 0.100000 0.120690
3 0.036000 0.514368 0.032000 0.844828
3 0.923000 0.494253 0.110000 0.793103