3 0.066000 0.506098 0.092000 0.207317
1 0.124000 0.329268 0.012000 0.146341
0 0.175000 0.609756 0.034000 0.292683
2 0.244000 0.548780 0.032000 0.121951
1 0.292000 0.250000 0.024000 0.182927
1 0.304000 0.719512 0.024000 0.268293
3 0.424000 0.548780 0.080000 0.195122
1 0.504000 0.445122 0.040000 0.402439
0 0.564000 0.658537 0.032000 0.341463
2 0.637000 0.554878 0.042000 0.182927
1 0.696000 0.426829 0.044000 0.439024
3 0.796000 0.554878 0.112000 0.158537
0 0.910000 0.676829 0.036000 0.378049
3 0.368000 0.524390 0.024000 0.658537
3 0.965000 0.457317 0.026000 0.670732