3 0.093000 0.489035 0.146000 0.828947
1 0.144000 0.914474 0.044000 0.074561
3 0.216000 0.070175 0.108000 0.052632
3 0.350000 0.478070 0.316000 0.008772
3 0.301000 0.274123 0.178000 0.232456
1 0.421000 0.157895 0.042000 0.078947
0 0.466000 0.285088 0.040000 0.122807
0 0.334000 0.725877 0.072000 0.197368
1 0.374000 0.622807 0.040000 0.096491
0 0.563000 0.469298 0.066000 0.298246
0 0.630000 0.548246 0.044000 0.184211
2 0.726000 0.510965 0.084000 0.057018
3 0.876000 0.473684 0.120000 0.043860
3 0.869000 0.245614 0.162000 0.307018
1 0.913000 0.649123 0.130000 0.192982