1 0.050000 0.628788 0.060000 0.575758
0 0.126000 0.803030 0.056000 0.227273
1 0.162000 0.553030 0.036000 0.181818
0 0.213000 0.628788 0.034000 0.500000
1 0.242000 0.507576 0.028000 0.242424
2 0.340000 0.681818 0.084000 0.257576
1 0.447000 0.511364 0.082000 0.553030
0 0.492000 0.621212 0.064000 0.181818
1 0.537000 0.492424 0.030000 0.181818
0 0.592000 0.454545 0.032000 0.515152
1 0.636000 0.412879 0.052000 0.189394
2 0.715000 0.609848 0.078000 0.007576
3 0.870000 0.545455 0.188000 0.030303
0 0.831000 0.390152 0.074000 0.174242
1 0.884000 0.208333 0.036000 0.189394
0 0.930000 0.268939 0.028000 0.371212
1 0.961000 0.178030 0.034000 0.204545
1 0.888000 0.708333 0.152000 0.295455