3 0.071000 0.497462 0.102000 0.893401
0 0.142000 0.680203 0.040000 0.192893
1 0.180000 0.520305 0.032000 0.106599
0 0.245000 0.550761 0.054000 0.360406
0 0.302000 0.675127 0.020000 0.091371
2 0.361000 0.657360 0.046000 0.045685
3 0.575000 0.629442 0.342000 0.010152
0 0.467000 0.482234 0.046000 0.162437
0 0.526000 0.337563 0.040000 0.106599
2 0.582000 0.309645 0.024000 0.030457
1 0.628000 0.286802 0.016000 0.147208
0 0.464000 0.847716 0.052000 0.131980
2 0.530000 0.837563 0.024000 0.071066
1 0.602000 0.827411 0.020000 0.192893
2 0.816000 0.657360 0.048000 0.096447
0 0.940000 0.515228 0.076000 0.340102