0 0.040000 0.516484 0.040000 0.417582
0 0.108000 0.587912 0.024000 0.208791
0 0.172000 0.642857 0.060000 0.340659
3 0.213000 0.708791 0.002000 0.120879
0 0.255000 0.565934 0.050000 0.186813
3 0.078000 0.467033 0.028000 0.384615
3 0.299000 0.472527 0.022000 0.505495
2 0.338000 0.467033 0.028000 0.054945
0 0.395000 0.428571 0.046000 0.439560
0 0.464000 0.543956 0.024000 0.252747
3 0.481000 0.692308 0.002000 0.109890
0 0.527000 0.664835 0.058000 0.450549
3 0.439000 0.428571 0.018000 0.461538
3 0.569000 0.428571 0.022000 0.549451
2 0.604000 0.401099 0.028000 0.164835
0 0.654000 0.395604 0.044000 0.483516
0 0.731000 0.587912 0.050000 0.406593
0 0.804000 0.472527 0.060000 0.241758
3 0.695000 0.412088 0.018000 0.472527
3 0.846000 0.412088 0.020000 0.604396
2 0.882000 0.434066 0.028000 0.186813
1 0.925000 0.445055 0.034000 0.450549
1 0.961000 0.461538 0.034000 0.483516