3 0.064000 0.508475 0.076000 0.542373
0 0.041000 0.903955 0.042000 0.067797
0 0.120000 0.112994 0.020000 0.112994
0 0.139000 0.644068 0.050000 0.372881
0 0.212000 0.618644 0.036000 0.118644
3 0.183000 0.579096 0.010000 0.265537
3 0.242000 0.570621 0.028000 0.293785
0 0.290000 0.573446 0.052000 0.220339
0 0.345000 0.627119 0.038000 0.135593
2 0.417000 0.598870 0.038000 0.033898
0 0.515000 0.545198 0.070000 0.423729
0 0.611000 0.548023 0.034000 0.293785
3 0.565000 0.559322 0.030000 0.395480
3 0.648000 0.556497 0.032000 0.401130
0 0.813000 0.559322 0.058000 0.429379
0 0.917000 0.621469 0.074000 0.135593
3 0.877000 0.593220 0.050000 0.463277
3 0.966000 0.579096 0.024000 0.423729