0 0.035000 0.450549 0.030000 0.681319
0 0.114000 0.456044 0.036000 0.164835
3 0.146000 0.576923 0.004000 0.208791
0 0.187000 0.620879 0.042000 0.516484
3 0.089000 0.401099 0.022000 0.340659
3 0.219000 0.417582 0.010000 0.417582
2 0.317000 0.434066 0.066000 0.120879
0 0.396000 0.500000 0.048000 0.714286
1 0.437000 0.604396 0.034000 0.197802
0 0.518000 0.489011 0.036000 0.274725
3 0.555000 0.664835 0.002000 0.318681
0 0.607000 0.609890 0.050000 0.516484
3 0.474000 0.417582 0.020000 0.439560
3 0.637000 0.428571 0.018000 0.417582
2 0.705000 0.472527 0.034000 0.241758
0 0.806000 0.500000 0.056000 0.758242
1 0.852000 0.587912 0.040000 0.164835
3 0.930000 0.456044 0.040000 0.032967
0 0.925000 0.274725 0.026000 0.241758
0 0.946000 0.686813 0.036000 0.384615
3 0.902000 0.417582 0.020000 0.593407
3 0.972000 0.390110 0.012000 0.560440