3 0.067000 0.528409 0.094000 0.215909
1 0.149000 0.261364 0.022000 0.250000
0 0.182000 0.687500 0.028000 0.397727
2 0.246000 0.545455 0.032000 0.068182
3 0.335000 0.426136 0.050000 0.011364
1 0.339000 0.210227 0.034000 0.193182
1 0.336000 0.630682 0.028000 0.261364
3 0.481000 0.528409 0.074000 0.215909
1 0.565000 0.465909 0.034000 0.340909
0 0.613000 0.664773 0.038000 0.306818
2 0.681000 0.556818 0.026000 0.204545
1 0.754000 0.494318 0.044000 0.375000
3 0.830000 0.579545 0.088000 0.204545
0 0.911000 0.704545 0.038000 0.318182
3 0.426000 0.460227 0.032000 0.443182
3 0.966000 0.500000 0.024000 0.568182