3 0.259000 0.522277 0.478000 0.856436
3 0.163000 0.569307 0.066000 0.009901
1 0.149000 0.396040 0.026000 0.237624
0 0.162000 0.767327 0.052000 0.148515
3 0.263000 0.537129 0.106000 0.460396
0 0.223000 0.856436 0.034000 0.089109
2 0.249000 0.871287 0.022000 0.019802
1 0.279000 0.861386 0.014000 0.099010
0 0.254000 0.247525 0.024000 0.069307
0 0.355000 0.517327 0.038000 0.094059
0 0.387000 0.586634 0.042000 0.074257
3 0.322000 0.490099 0.024000 0.188119
3 0.402000 0.472772 0.020000 0.212871
1 0.418000 0.366337 0.016000 0.049505
3 0.567000 0.452970 0.062000 0.153465
3 0.668000 0.500000 0.060000 0.009901
1 0.654000 0.311881 0.020000 0.297030
0 0.677000 0.660891 0.050000 0.113861
3 0.798000 0.428218 0.132000 0.559406
0 0.755000 0.784653 0.038000 0.084158
2 0.794000 0.784653 0.032000 0.014851
1 0.834000 0.769802 0.016000 0.113861
0 0.769000 0.089109 0.038000 0.079208
0 0.910000 0.452970 0.068000 0.143564
0 0.958000 0.566832 0.036000 0.133663