3 0.180000 0.513804 0.304000 0.027607
0 0.119000 0.214724 0.198000 0.269939
1 0.196000 0.368098 0.032000 0.116564
1 0.245000 0.069018 0.046000 0.076687
0 0.138000 0.702454 0.156000 0.239264
1 0.226000 0.840491 0.084000 0.128834
1 0.262000 0.610429 0.048000 0.092025
2 0.504000 0.503067 0.080000 0.049080
3 0.791000 0.515337 0.326000 0.024540
0 0.777000 0.320552 0.134000 0.168712
1 0.867000 0.397239 0.026000 0.095092
1 0.836000 0.105828 0.048000 0.125767
0 0.799000 0.783742 0.142000 0.162577
1 0.932000 0.897239 0.092000 0.144172
1 0.893000 0.653374 0.050000 0.128834