3 0.117000 0.463362 0.122000 0.487069
0 0.042000 0.834052 0.044000 0.107759
2 0.098000 0.818966 0.028000 0.025862
1 0.189000 0.808190 0.050000 0.099138
3 0.117000 0.094828 0.094000 0.094828
3 0.319000 0.428879 0.110000 0.452586
0 0.282000 0.827586 0.044000 0.250000
2 0.350000 0.775862 0.024000 0.025862
1 0.420000 0.782328 0.040000 0.073276
3 0.359000 0.094828 0.090000 0.103448
3 0.727000 0.316810 0.490000 0.021552
1 0.703000 0.161638 0.054000 0.081897
1 0.564000 0.530172 0.052000 0.137931
2 0.646000 0.545259 0.040000 0.012931
0 0.710000 0.553879 0.052000 0.116379
0 0.759000 0.605603 0.038000 0.090517
0 0.816000 0.657328 0.056000 0.211207
3 0.521000 0.515086 0.034000 0.228448
3 0.889000 0.534483 0.026000 0.258621
1 0.962000 0.426724 0.032000 0.103448