3 0.086000 0.465909 0.124000 0.431818
0 0.030000 0.867424 0.020000 0.098485
3 0.085000 0.859848 0.042000 0.053030
3 0.191000 0.833333 0.058000 0.090909
3 0.343000 0.496212 0.198000 0.310606
0 0.287000 0.545455 0.042000 0.106061
2 0.362000 0.556818 0.012000 0.098485
1 0.404000 0.518939 0.036000 0.174242
2 0.516000 0.481061 0.032000 0.022727
3 0.606000 0.420455 0.120000 0.446970
0 0.605000 0.500000 0.038000 0.136364
3 0.232000 0.541667 0.020000 0.356061
3 0.686000 0.390152 0.020000 0.628788
2 0.808000 0.481061 0.088000 0.098485
1 0.934000 0.484848 0.088000 0.348485