3 0.056000 0.558621 0.072000 0.289655
0 0.041000 0.800000 0.022000 0.068966
2 0.069000 0.800000 0.010000 0.027586
1 0.091000 0.786207 0.014000 0.096552
3 0.048000 0.344828 0.032000 0.055172
3 0.236000 0.644828 0.152000 0.034483
3 0.194000 0.362069 0.052000 0.200000
0 0.175000 0.531034 0.014000 0.068966
2 0.199000 0.548276 0.014000 0.034483
1 0.228000 0.527586 0.016000 0.062069
0 0.193000 0.182759 0.022000 0.089655
0 0.278000 0.379310 0.028000 0.096552
0 0.299000 0.386207 0.002000 0.096552
0 0.239000 0.803448 0.026000 0.089655
3 0.137000 0.534483 0.034000 0.737931
3 0.321000 0.555172 0.034000 0.737931
0 0.339000 0.251724 0.014000 0.200000
3 0.441000 0.631034 0.094000 0.255172
3 0.661000 0.465517 0.094000 0.020690
0 0.639000 0.296552 0.014000 0.124138
0 0.639000 0.637931 0.014000 0.172414
2 0.669000 0.627586 0.014000 0.013793
1 0.692000 0.627586 0.012000 0.096552
3 0.553000 0.479310 0.038000 0.793103
3 0.727000 0.465517 0.038000 0.737931
0 0.759000 0.151724 0.022000 0.165517
3 0.853000 0.431034 0.118000 0.406897
0 0.822000 0.706897 0.016000 0.089655
2 0.854000 0.741379 0.020000 0.020690
1 0.883000 0.731034 0.006000 0.082759
3 0.834000 0.134483 0.040000 0.048276
0 0.943000 0.389655 0.030000 0.089655
0 0.970000 0.427586 0.016000 0.041379
0 0.966000 0.303448 0.012000 0.068966