0 0.040000 0.454545 0.040000 0.571429
0 0.097000 0.629870 0.022000 0.116883
3 0.120000 0.714286 0.004000 0.103896
0 0.143000 0.714286 0.018000 0.311688
3 0.177000 0.720779 0.006000 0.142857
0 0.194000 0.655844 0.028000 0.220779
3 0.072000 0.597403 0.028000 0.311688
3 0.222000 0.610390 0.020000 0.311688
2 0.271000 0.551948 0.026000 0.090909
0 0.351000 0.415584 0.046000 0.519481
0 0.450000 0.551948 0.028000 0.142857
3 0.485000 0.649351 0.010000 0.103896
0 0.509000 0.662338 0.026000 0.311688
3 0.435000 0.415584 0.042000 0.545455
3 0.544000 0.551948 0.016000 0.350649
2 0.608000 0.487013 0.024000 0.220779
0 0.670000 0.357143 0.044000 0.454545
0 0.738000 0.610390 0.028000 0.389610
3 0.774000 0.655844 0.004000 0.116883
0 0.801000 0.558442 0.022000 0.181818
3 0.722000 0.454545 0.024000 0.259740
3 0.824000 0.493506 0.024000 0.311688
2 0.864000 0.532468 0.028000 0.077922
1 0.919000 0.461039 0.038000 0.272727
1 0.962000 0.467532 0.032000 0.233766