0 0.039000 0.468468 0.038000 0.234234
0 0.113000 0.500000 0.022000 0.189189
0 0.184000 0.527027 0.032000 0.099099
3 0.094000 0.486486 0.016000 0.324324
3 0.225000 0.463964 0.014000 0.315315
3 0.282000 0.509009 0.028000 0.135135
3 0.360000 0.527027 0.044000 0.477477
0 0.362000 0.873874 0.024000 0.054054
0 0.366000 0.162162 0.020000 0.144144
0 0.424000 0.536036 0.032000 0.351351
0 0.486000 0.558559 0.024000 0.108108
3 0.461000 0.558559 0.010000 0.180180
3 0.516000 0.549550 0.016000 0.216216
0 0.568000 0.481982 0.056000 0.333333
0 0.621000 0.558559 0.018000 0.144144
3 0.678000 0.522523 0.016000 0.108108
0 0.746000 0.490991 0.044000 0.171171
0 0.829000 0.504505 0.030000 0.180180
0 0.915000 0.500000 0.046000 0.117117
3 0.805000 0.450450 0.026000 0.288288
3 0.962000 0.432432 0.032000 0.306306