0 0.079000 0.421717 0.058000 0.136364
2 0.127000 0.464646 0.038000 0.131313
1 0.196000 0.421717 0.044000 0.196970
3 0.046000 0.409091 0.052000 0.464646
3 0.225000 0.406566 0.046000 0.489899
0 0.299000 0.171717 0.034000 0.101010
2 0.342000 0.169192 0.024000 0.075758
1 0.394000 0.136364 0.036000 0.171717
2 0.433000 0.494949 0.050000 0.070707
0 0.530000 0.590909 0.044000 0.121212
2 0.582000 0.593434 0.028000 0.075758
1 0.625000 0.542929 0.030000 0.156566
3 0.508000 0.520202 0.064000 0.494949
3 0.651000 0.590909 0.046000 0.505051
0 0.737000 0.707071 0.042000 0.080808
2 0.795000 0.694444 0.038000 0.075758
1 0.846000 0.656566 0.036000 0.191919
3 0.699000 0.674242 0.070000 0.550505
3 0.912000 0.661616 0.040000 0.464646
0 0.962000 0.444444 0.032000 0.111111