3 0.145000 0.509901 0.250000 0.405941
0 0.053000 0.896040 0.050000 0.108911
3 0.125000 0.898515 0.066000 0.103960
3 0.233000 0.863861 0.082000 0.074257
3 0.508000 0.462871 0.432000 0.074257
0 0.373000 0.292079 0.050000 0.158416
1 0.406000 0.190594 0.028000 0.094059
2 0.465000 0.301980 0.046000 0.138614
1 0.511000 0.262376 0.070000 0.287129
0 0.597000 0.269802 0.046000 0.173267
1 0.351000 0.717822 0.050000 0.247525
0 0.428000 0.747525 0.048000 0.158416
1 0.471000 0.641089 0.034000 0.094059
2 0.530000 0.727723 0.044000 0.118812
1 0.605000 0.670792 0.038000 0.272277
2 0.780000 0.418317 0.028000 0.034653
3 0.924000 0.440594 0.104000 0.049505
1 0.891000 0.217822 0.046000 0.336634
1 0.932000 0.673267 0.092000 0.316832