3 0.082000 0.464481 0.124000 0.601093
1 0.046000 0.877049 0.032000 0.125683
3 0.178000 0.090164 0.056000 0.071038
0 0.165000 0.532787 0.054000 0.256831
0 0.248000 0.579235 0.028000 0.131148
3 0.223000 0.516393 0.042000 0.267760
3 0.288000 0.519126 0.024000 0.273224
0 0.338000 0.513661 0.044000 0.262295
0 0.379000 0.568306 0.026000 0.109290
2 0.451000 0.519126 0.046000 0.021858
3 0.563000 0.497268 0.090000 0.240437
0 0.516000 0.721311 0.024000 0.109290
3 0.556000 0.721311 0.032000 0.065574
3 0.601000 0.726776 0.042000 0.054645
3 0.698000 0.538251 0.096000 0.573770
1 0.704000 0.868852 0.036000 0.120219
0 0.777000 0.180328 0.026000 0.109290
0 0.768000 0.516393 0.044000 0.267760
0 0.837000 0.560109 0.026000 0.125683
3 0.813000 0.502732 0.026000 0.229508
3 0.871000 0.508197 0.014000 0.251366
0 0.923000 0.516393 0.042000 0.267760
0 0.962000 0.579235 0.032000 0.142077