3 0.080000 0.523529 0.120000 0.756863
1 0.096000 0.915686 0.028000 0.074510
1 0.158000 0.060784 0.008000 0.043137
3 0.206000 0.505882 0.108000 0.721569
1 0.227000 0.888235 0.030000 0.074510
1 0.263000 0.100000 0.014000 0.082353
0 0.334000 0.649020 0.052000 0.137255
1 0.378000 0.513725 0.040000 0.086275
0 0.444000 0.717647 0.100000 0.235294
1 0.495000 0.511765 0.050000 0.105882
0 0.591000 0.549020 0.074000 0.384314
0 0.683000 0.705882 0.050000 0.101961
0 0.808000 0.550980 0.068000 0.396078
0 0.928000 0.803922 0.100000 0.305882