0 0.070000 0.481481 0.100000 0.641975
0 0.161000 0.805556 0.042000 0.253086
2 0.200000 0.453704 0.064000 0.080247
3 0.304000 0.435185 0.068000 0.018519
1 0.283000 0.219136 0.038000 0.277778
1 0.325000 0.641975 0.074000 0.234568
0 0.409000 0.537037 0.066000 0.234568
1 0.467000 0.694444 0.014000 0.154321
0 0.502000 0.524691 0.040000 0.259259
1 0.522000 0.722222 0.020000 0.111111
1 0.526000 0.268519 0.056000 0.117284
2 0.599000 0.441358 0.062000 0.203704
3 0.682000 0.432099 0.064000 0.012346
1 0.672000 0.216049 0.032000 0.308642
1 0.693000 0.589506 0.050000 0.179012
0 0.766000 0.512346 0.064000 0.259259
1 0.830000 0.669753 0.040000 0.141975
0 0.867000 0.493827 0.046000 0.246914
1 0.910000 0.663580 0.048000 0.154321
1 0.936000 0.228395 0.084000 0.135802