3 0.041000 0.512500 0.042000 0.550000
1 0.033000 0.890625 0.014000 0.081250
3 0.053000 0.165625 0.054000 0.081250
0 0.111000 0.521875 0.030000 0.393750
0 0.186000 0.534375 0.056000 0.168750
3 0.149000 0.534375 0.026000 0.268750
3 0.226000 0.543750 0.016000 0.287500
0 0.271000 0.540625 0.030000 0.243750
0 0.323000 0.568750 0.050000 0.150000
2 0.397000 0.562500 0.050000 0.050000
3 0.524000 0.471875 0.116000 0.281250
0 0.457000 0.712500 0.018000 0.075000
3 0.494000 0.728125 0.032000 0.056250
3 0.556000 0.734375 0.060000 0.043750
3 0.660000 0.453125 0.040000 0.468750
1 0.644000 0.771875 0.008000 0.081250
0 0.679000 0.121875 0.018000 0.118750
0 0.716000 0.471875 0.032000 0.331250
0 0.804000 0.468750 0.040000 0.137500
3 0.761000 0.450000 0.014000 0.225000
3 0.844000 0.446875 0.012000 0.206250
0 0.900000 0.459375 0.044000 0.231250
0 0.957000 0.503125 0.042000 0.143750