3 0.086000 0.375000 0.132000 0.607143
0 0.039000 0.828571 0.038000 0.185714
3 0.110000 0.803571 0.056000 0.135714
3 0.195000 0.792857 0.066000 0.071429
0 0.354000 0.367857 0.052000 0.350000
0 0.391000 0.503571 0.026000 0.164286
2 0.455000 0.450000 0.054000 0.442857
0 0.493000 0.425000 0.050000 0.235714
0 0.532000 0.532143 0.024000 0.107143
3 0.307000 0.389286 0.034000 0.550000
3 0.563000 0.425000 0.034000 0.507143
2 0.654000 0.475000 0.080000 0.064286
0 0.749000 0.457143 0.042000 0.500000
1 0.789000 0.657143 0.010000 0.142857
2 0.852000 0.571429 0.080000 0.700000
0 0.914000 0.496429 0.056000 0.507143
1 0.967000 0.682143 0.022000 0.121429