0 0.098000 0.627660 0.060000 0.361702
2 0.158000 0.542553 0.040000 0.234043
0 0.235000 0.489362 0.054000 0.531915
3 0.034000 0.531915 0.028000 0.723404
3 0.285000 0.500000 0.026000 0.574468
1 0.321000 0.255319 0.034000 0.191489
2 0.379000 0.553191 0.050000 0.106383
0 0.475000 0.601064 0.062000 0.287234
1 0.484000 0.281915 0.024000 0.180851
2 0.532000 0.484043 0.040000 0.223404
1 0.596000 0.500000 0.052000 0.531915
0 0.669000 0.585106 0.058000 0.361702
0 0.763000 0.457447 0.066000 0.595745
2 0.837000 0.558511 0.050000 0.244681
0 0.922000 0.521277 0.092000 0.659574
1 0.959000 0.212766 0.034000 0.212766