3 0.499000 0.630312 0.958000 0.059490
0 0.246000 0.450425 0.088000 0.130312
3 0.167000 0.450425 0.010000 0.215297
3 0.338000 0.433428 0.020000 0.203966
2 0.449000 0.446176 0.094000 0.002833
0 0.693000 0.383853 0.074000 0.206799
3 0.789000 0.392351 0.010000 0.252125
3 0.093000 0.422096 0.050000 0.373938
3 0.848000 0.389518 0.052000 0.439093
1 0.947000 0.079320 0.062000 0.101983
0 0.299000 0.881020 0.098000 0.124646
0 0.638000 0.824363 0.084000 0.215297
3 0.179000 0.848442 0.010000 0.223796
3 0.766000 0.832861 0.008000 0.277620