3 0.059000 0.614362 0.078000 0.654255
0 0.132000 0.699468 0.056000 0.175532
0 0.171000 0.513298 0.030000 0.143617
0 0.250000 0.625000 0.056000 0.260638
0 0.333000 0.678191 0.054000 0.132979
2 0.421000 0.606383 0.062000 0.063830
3 0.639000 0.593085 0.334000 0.037234
0 0.524000 0.396277 0.064000 0.122340
0 0.548000 0.175532 0.040000 0.117021
2 0.603000 0.167553 0.046000 0.079787
1 0.673000 0.146277 0.038000 0.186170
0 0.542000 0.813830 0.056000 0.117021
2 0.619000 0.787234 0.062000 0.117021
1 0.692000 0.795213 0.036000 0.228723
2 0.857000 0.598404 0.038000 0.132979
0 0.944000 0.571809 0.068000 0.260638