3 0.069000 0.557522 0.098000 0.265487
0 0.048000 0.836283 0.016000 0.150442
2 0.081000 0.818584 0.022000 0.044248
1 0.109000 0.809735 0.018000 0.150442
3 0.060000 0.309735 0.080000 0.194690
3 0.303000 0.610619 0.190000 0.017699
3 0.250000 0.402655 0.064000 0.115044
2 0.243000 0.513274 0.014000 0.017699
1 0.264000 0.535398 0.012000 0.079646
0 0.247000 0.256637 0.014000 0.053097
0 0.326000 0.389381 0.024000 0.088496
0 0.350000 0.402655 0.004000 0.097345
0 0.305000 0.778761 0.030000 0.212389
3 0.176000 0.592920 0.024000 0.477876
3 0.412000 0.544248 0.020000 0.646018
0 0.445000 0.292035 0.018000 0.194690
3 0.505000 0.553097 0.026000 0.115044
3 0.645000 0.464602 0.142000 0.044248
0 0.622000 0.367257 0.028000 0.168142
0 0.599000 0.676991 0.018000 0.150442
2 0.635000 0.641593 0.026000 0.008850
1 0.668000 0.672566 0.016000 0.176991
3 0.557000 0.530973 0.018000 0.584071
3 0.740000 0.508850 0.024000 0.646018
0 0.770000 0.252212 0.024000 0.274336
3 0.840000 0.455752 0.088000 0.345133
0 0.812000 0.769912 0.016000 0.106195
2 0.838000 0.765487 0.012000 0.026549
1 0.867000 0.769912 0.018000 0.141593
3 0.834000 0.163717 0.048000 0.150442
0 0.938000 0.420354 0.024000 0.097345
0 0.968000 0.500000 0.016000 0.132743
0 0.959000 0.345133 0.018000 0.141593