0 0.051000 0.489130 0.062000 0.760870
0 0.120000 0.646739 0.024000 0.293478
3 0.089000 0.608696 0.014000 0.369565
3 0.144000 0.668478 0.016000 0.445652
3 0.181000 0.603261 0.006000 0.032609
0 0.253000 0.532609 0.054000 0.521739
0 0.350000 0.625000 0.028000 0.250000
3 0.319000 0.619565 0.014000 0.391304
3 0.385000 0.597826 0.014000 0.456522
2 0.456000 0.538043 0.064000 0.097826
0 0.576000 0.570652 0.036000 0.250000
2 0.630000 0.494565 0.040000 0.250000
1 0.682000 0.456522 0.028000 0.326087
3 0.539000 0.505435 0.018000 0.489130
3 0.718000 0.516304 0.016000 0.510870
1 0.806000 0.500000 0.032000 0.326087
0 0.836000 0.581522 0.028000 0.228261
2 0.884000 0.494565 0.040000 0.010870
1 0.935000 0.434783 0.042000 0.326087
3 0.762000 0.505435 0.020000 0.532609
3 0.969000 0.434783 0.018000 0.478261