3 0.122000 0.340909 0.204000 0.500000
0 0.056000 0.745455 0.024000 0.054545
3 0.100000 0.718182 0.032000 0.090909
3 0.164000 0.718182 0.068000 0.090909
3 0.372000 0.409091 0.188000 0.436364
0 0.342000 0.481818 0.024000 0.181818
2 0.380000 0.463636 0.032000 0.272727
1 0.427000 0.500000 0.058000 0.327273
2 0.518000 0.477273 0.040000 0.009091
3 0.660000 0.431818 0.208000 0.518182
0 0.678000 0.486364 0.044000 0.172727
2 0.704000 0.440909 0.028000 0.172727
1 0.741000 0.436364 0.042000 0.163636
3 0.258000 0.454545 0.028000 0.563636
3 0.792000 0.522727 0.028000 0.754545
2 0.886000 0.590909 0.060000 0.072727
1 0.961000 0.518182 0.034000 0.127273