3 0.121000 0.363014 0.154000 0.410959
0 0.045000 0.777397 0.050000 0.102740
3 0.119000 0.780822 0.058000 0.109589
3 0.194000 0.760274 0.068000 0.082192
3 0.502000 0.458904 0.392000 0.054795
0 0.360000 0.304795 0.064000 0.116438
1 0.425000 0.140411 0.022000 0.143836
2 0.466000 0.315068 0.024000 0.136986
1 0.529000 0.250000 0.034000 0.239726
0 0.606000 0.297945 0.076000 0.102740
1 0.351000 0.784247 0.046000 0.280822
0 0.428000 0.845890 0.068000 0.102740
1 0.481000 0.678082 0.026000 0.136986
2 0.572000 0.797945 0.032000 0.171233
1 0.636000 0.794521 0.032000 0.164384
2 0.808000 0.441781 0.036000 0.075342
3 0.922000 0.397260 0.080000 0.013699
1 0.945000 0.181507 0.066000 0.226027
1 0.911000 0.616438 0.050000 0.232877