0 0.049000 0.625954 0.058000 0.335878
0 0.152000 0.549618 0.036000 0.137405
3 0.180000 0.679389 0.016000 0.198473
0 0.219000 0.671756 0.042000 0.290076
3 0.111000 0.530534 0.026000 0.343511
3 0.263000 0.507634 0.014000 0.297710
2 0.317000 0.469466 0.030000 0.022901
3 0.464000 0.381679 0.232000 0.473282
1 0.361000 0.324427 0.026000 0.160305
0 0.436000 0.526718 0.048000 0.167939
2 0.491000 0.507634 0.030000 0.007634
0 0.524000 0.671756 0.092000 0.442748
2 0.627000 0.381679 0.030000 0.106870
3 0.818000 0.351145 0.320000 0.549618
0 0.790000 0.465649 0.060000 0.259542
2 0.853000 0.484733 0.034000 0.114504
0 0.886000 0.656489 0.080000 0.534351
3 0.717000 0.408397 0.002000 0.450382
3 0.946000 0.423664 0.004000 0.389313