3 0.289000 0.413043 0.538000 0.701863
3 0.148000 0.580745 0.052000 0.018634
1 0.157000 0.459627 0.030000 0.111801
0 0.147000 0.708075 0.042000 0.074534
3 0.275000 0.543478 0.074000 0.304348
0 0.243000 0.829193 0.022000 0.105590
2 0.274000 0.832298 0.020000 0.037267
1 0.315000 0.816770 0.026000 0.080745
0 0.268000 0.310559 0.020000 0.099379
0 0.426000 0.580745 0.032000 0.118012
0 0.471000 0.630435 0.034000 0.080745
3 0.397000 0.512422 0.030000 0.217391
3 0.495000 0.537267 0.018000 0.267081
1 0.524000 0.409938 0.016000 0.111801
3 0.616000 0.484472 0.060000 0.223602
1 0.707000 0.369565 0.050000 0.130435
0 0.703000 0.614907 0.058000 0.062112
3 0.805000 0.493789 0.082000 0.465839
0 0.758000 0.863354 0.036000 0.136646
2 0.809000 0.854037 0.026000 0.043478
1 0.865000 0.860248 0.022000 0.105590
0 0.828000 0.142857 0.056000 0.062112
0 0.910000 0.509317 0.044000 0.124224
0 0.957000 0.618012 0.042000 0.105590