3 0.147000 0.440141 0.162000 0.021127
1 0.083000 0.285211 0.026000 0.133803
2 0.138000 0.274648 0.028000 0.098592
0 0.190000 0.292254 0.032000 0.091549
1 0.215000 0.165493 0.014000 0.077465
1 0.088000 0.633803 0.036000 0.098592
2 0.133000 0.637324 0.014000 0.049296
0 0.183000 0.697183 0.038000 0.140845
1 0.218000 0.573944 0.016000 0.049296
3 0.047000 0.542254 0.054000 0.774648
3 0.261000 0.510563 0.034000 0.781690
0 0.314000 0.119718 0.040000 0.098592
3 0.341000 0.485915 0.058000 0.197183
1 0.444000 0.496479 0.048000 0.316901
0 0.491000 0.193662 0.030000 0.091549
3 0.464000 0.197183 0.004000 0.112676
1 0.590000 0.531690 0.020000 0.218310
2 0.626000 0.524648 0.028000 0.091549
0 0.714000 0.538732 0.036000 0.077465
2 0.748000 0.545775 0.016000 0.007042
0 0.790000 0.566901 0.032000 0.176056
3 0.675000 0.517606 0.018000 0.204225
3 0.829000 0.496479 0.014000 0.204225
1 0.842000 0.338028 0.020000 0.070423
3 0.553000 0.507042 0.046000 0.549296
3 0.885000 0.457746 0.046000 0.478873
0 0.945000 0.225352 0.030000 0.098592
3 0.916000 0.228873 0.004000 0.119718
3 0.977000 0.225352 0.002000 0.126761