3 0.368000 0.462209 0.696000 0.063953
0 0.109000 0.328488 0.042000 0.156977
2 0.184000 0.311047 0.028000 0.087209
1 0.251000 0.296512 0.042000 0.220930
3 0.049000 0.273256 0.042000 0.325581
3 0.335000 0.232558 0.022000 0.348837
0 0.485000 0.287791 0.058000 0.122093
2 0.547000 0.279070 0.034000 0.023256
1 0.613000 0.258721 0.062000 0.191860
3 0.422000 0.206395 0.068000 0.284884
3 0.678000 0.235465 0.028000 0.284884
1 0.127000 0.755814 0.038000 0.197674
0 0.291000 0.761628 0.050000 0.116279
2 0.362000 0.741279 0.032000 0.017442
1 0.440000 0.718023 0.032000 0.122093
3 0.222000 0.723837 0.052000 0.284884
3 0.500000 0.755814 0.028000 0.372093
3 0.810000 0.418605 0.060000 0.197674
1 0.930000 0.473837 0.092000 0.215116