0 0.063000 0.616279 0.042000 0.255814
0 0.198000 0.546512 0.040000 0.465116
3 0.022000 0.616279 0.004000 0.534884
3 0.249000 0.587209 0.002000 0.593023
3 0.331000 0.552326 0.078000 0.360465
0 0.451000 0.534884 0.038000 0.232558
0 0.571000 0.529070 0.046000 0.267442
3 0.411000 0.505814 0.002000 0.546512
3 0.616000 0.465116 0.012000 0.627907
2 0.686000 0.523256 0.048000 0.279070
0 0.808000 0.447674 0.036000 0.220930
2 0.854000 0.441860 0.036000 0.023256
0 0.920000 0.331395 0.040000 0.406977
3 0.974000 0.383721 0.008000 0.534884