3 0.077000 0.534722 0.114000 0.500000
0 0.070000 0.881944 0.052000 0.083333
0 0.090000 0.184028 0.088000 0.229167
0 0.165000 0.684028 0.074000 0.368056
0 0.253000 0.666667 0.026000 0.097222
3 0.230000 0.652778 0.020000 0.166667
3 0.285000 0.670139 0.014000 0.201389
0 0.339000 0.625000 0.050000 0.250000
0 0.390000 0.718750 0.036000 0.131944
2 0.467000 0.697917 0.074000 0.048611
0 0.542000 0.506944 0.036000 0.666667
0 0.634000 0.677083 0.084000 0.187500
3 0.585000 0.628472 0.058000 0.395833
3 0.703000 0.690972 0.030000 0.340278
2 0.775000 0.670139 0.066000 0.006944
0 0.849000 0.583333 0.054000 0.569444
0 0.914000 0.784722 0.044000 0.097222
3 0.886000 0.739583 0.048000 0.270833
3 0.961000 0.770833 0.034000 0.291667