3 0.081000 0.527508 0.094000 0.537217
1 0.034000 0.907767 0.028000 0.113269
1 0.117000 0.118123 0.014000 0.171521
3 0.209000 0.553398 0.070000 0.543689
1 0.180000 0.909385 0.044000 0.116505
1 0.241000 0.116505 0.022000 0.129450
0 0.332000 0.543689 0.060000 0.135922
1 0.416000 0.391586 0.096000 0.129450
0 0.557000 0.666667 0.110000 0.453074
1 0.606000 0.377023 0.032000 0.139159
0 0.696000 0.466019 0.048000 0.207120
0 0.758000 0.577670 0.104000 0.171521
0 0.868000 0.469256 0.036000 0.220065
0 0.946000 0.611650 0.060000 0.239482