0 0.053000 0.348993 0.066000 0.550336
0 0.172000 0.523490 0.032000 0.268456
3 0.216000 0.677852 0.004000 0.107383
0 0.252000 0.597315 0.044000 0.416107
3 0.116000 0.375839 0.036000 0.469799
3 0.297000 0.385906 0.030000 0.503356
2 0.356000 0.382550 0.036000 0.067114
0 0.423000 0.385906 0.042000 0.449664
1 0.446000 0.627517 0.024000 0.181208
0 0.536000 0.503356 0.036000 0.281879
0 0.601000 0.614094 0.058000 0.476510
3 0.490000 0.392617 0.032000 0.463087
3 0.646000 0.419463 0.032000 0.570470
2 0.699000 0.362416 0.034000 0.174497
0 0.758000 0.422819 0.048000 0.429530
1 0.794000 0.664430 0.032000 0.174497
3 0.908000 0.473154 0.076000 0.020134
0 0.899000 0.298658 0.034000 0.261745
0 0.910000 0.748322 0.044000 0.355705
3 0.847000 0.469799 0.042000 0.751678
3 0.962000 0.469799 0.032000 0.805369