0 0.041000 0.392857 0.042000 0.119048
0 0.070000 0.470238 0.028000 0.067460
2 0.115000 0.410714 0.038000 0.035714
0 0.216000 0.422619 0.068000 0.186508
0 0.250000 0.500000 0.028000 0.079365
2 0.278000 0.503968 0.016000 0.007937
1 0.318000 0.482143 0.020000 0.067460
3 0.680000 0.474206 0.328000 0.027778
0 0.506000 0.234127 0.044000 0.166667
2 0.633000 0.236111 0.130000 0.019841
0 0.800000 0.248016 0.064000 0.138889
0 0.709000 0.702381 0.118000 0.158730
3 0.423000 0.507937 0.070000 0.904762
3 0.933000 0.448413 0.090000 0.817460