3 0.044000 0.576316 0.048000 0.457895
1 0.060000 0.897368 0.028000 0.100000
3 0.100000 0.228947 0.080000 0.110526
0 0.125000 0.623684 0.046000 0.415789
0 0.204000 0.610526 0.032000 0.084211
3 0.183000 0.584211 0.030000 0.189474
3 0.234000 0.563158 0.024000 0.178947
0 0.294000 0.555263 0.056000 0.215789
0 0.332000 0.589474 0.044000 0.084211
2 0.369000 0.586842 0.022000 0.036842
3 0.482000 0.539474 0.168000 0.268421
0 0.389000 0.815789 0.054000 0.189474
3 0.460000 0.855263 0.052000 0.078947
3 0.545000 0.839474 0.062000 0.078947
3 0.654000 0.523684 0.056000 0.468421
1 0.659000 0.847368 0.034000 0.115789
0 0.719000 0.157895 0.050000 0.210526
0 0.733000 0.555263 0.054000 0.300000
0 0.799000 0.592105 0.026000 0.078947
3 0.779000 0.563158 0.034000 0.147368
3 0.830000 0.584211 0.012000 0.189474
0 0.914000 0.513158 0.080000 0.215789
0 0.956000 0.557895 0.040000 0.094737