3 0.054000 0.557143 0.068000 0.742857
0 0.138000 0.607143 0.044000 0.171429
0 0.195000 0.410714 0.034000 0.121429
0 0.289000 0.428571 0.058000 0.600000
0 0.402000 0.585714 0.064000 0.257143
2 0.514000 0.603571 0.084000 0.107143
3 0.671000 0.557143 0.166000 0.014286
0 0.616000 0.392857 0.044000 0.171429
0 0.673000 0.210714 0.026000 0.064286
2 0.715000 0.203571 0.026000 0.078571
1 0.758000 0.153571 0.012000 0.164286
0 0.618000 0.785714 0.032000 0.100000
2 0.675000 0.792857 0.022000 0.071429
1 0.721000 0.742857 0.018000 0.142857
2 0.838000 0.539286 0.060000 0.164286
0 0.938000 0.503571 0.080000 0.421429