3 0.499000 0.584821 0.958000 0.133929
0 0.247000 0.458333 0.154000 0.142857
3 0.156000 0.389881 0.008000 0.279762
3 0.367000 0.380952 0.014000 0.303571
2 0.430000 0.422619 0.072000 0.029762
0 0.676000 0.373512 0.244000 0.300595
3 0.511000 0.370536 0.026000 0.300595
3 0.845000 0.339286 0.050000 0.309524
3 0.113000 0.398810 0.078000 0.351190
3 0.839000 0.334821 0.122000 0.377976
1 0.934000 0.084821 0.068000 0.110119
0 0.299000 0.840774 0.158000 0.169643
2 0.445000 0.816964 0.074000 0.002976
0 0.588000 0.794643 0.144000 0.250000
3 0.176000 0.818452 0.016000 0.297619
3 0.717000 0.809524 0.058000 0.244048