1 0.143000 0.252525 0.038000 0.181818
0 0.128000 0.661616 0.072000 0.040404
1 0.182000 0.583333 0.036000 0.065657
3 0.475000 0.452020 0.214000 0.015152
1 0.367000 0.292929 0.038000 0.131313
0 0.438000 0.313131 0.072000 0.050505
0 0.469000 0.636364 0.034000 0.070707
2 0.639000 0.434343 0.058000 0.060606
3 0.807000 0.421717 0.166000 0.015152
1 0.773000 0.282828 0.050000 0.161616
0 0.785000 0.547980 0.078000 0.075758
0 0.856000 0.547980 0.032000 0.055556
3 0.039000 0.545455 0.038000 0.808081
3 0.935000 0.449495 0.086000 0.797980