1 0.261000 0.525281 0.054000 0.365169
0 0.319000 0.584270 0.050000 0.235955
2 0.416000 0.505618 0.068000 0.078652
3 0.746000 0.485955 0.464000 0.039326
1 0.546000 0.224719 0.076000 0.303371
0 0.818000 0.252809 0.048000 0.168539
1 0.554000 0.738764 0.040000 0.252809
2 0.612000 0.696629 0.032000 0.022472
1 0.800000 0.612360 0.044000 0.101124
0 0.873000 0.716292 0.066000 0.185393
0 0.076000 0.519663 0.112000 0.410112
0 0.688000 0.191011 0.080000 0.269663
0 0.688000 0.688202 0.088000 0.196629
0 0.167000 0.651685 0.066000 0.404494
0 0.777000 0.794944 0.066000 0.286517
0 0.753000 0.306180 0.050000 0.252809