3 0.213000 0.478261 0.386000 0.026756
0 0.112000 0.242475 0.172000 0.311037
1 0.167000 0.357860 0.050000 0.080268
1 0.224000 0.088629 0.064000 0.110368
0 0.127000 0.760870 0.122000 0.311037
1 0.255000 0.904682 0.102000 0.117057
1 0.250000 0.607023 0.068000 0.076923
2 0.522000 0.479933 0.076000 0.050167
3 0.815000 0.429766 0.326000 0.023411
0 0.781000 0.302676 0.150000 0.163880
1 0.908000 0.341137 0.040000 0.080268
1 0.862000 0.163880 0.048000 0.127090
0 0.759000 0.637124 0.150000 0.130435
1 0.901000 0.745819 0.086000 0.100334
1 0.861000 0.533445 0.082000 0.117057