3 0.357000 0.529101 0.674000 0.063492
0 0.093000 0.269841 0.054000 0.148148
2 0.182000 0.248677 0.064000 0.158730
1 0.273000 0.230159 0.050000 0.227513
3 0.044000 0.211640 0.040000 0.306878
3 0.332000 0.198413 0.016000 0.291005
0 0.454000 0.259259 0.052000 0.126984
2 0.542000 0.243386 0.076000 0.031746
1 0.623000 0.248677 0.062000 0.296296
3 0.397000 0.243386 0.026000 0.317460
3 0.689000 0.224868 0.018000 0.343915
1 0.118000 0.732804 0.064000 0.259259
0 0.269000 0.722222 0.062000 0.185185
2 0.348000 0.738095 0.048000 0.005291
1 0.439000 0.732804 0.038000 0.195767
3 0.195000 0.761905 0.038000 0.359788
3 0.496000 0.775132 0.020000 0.312169
3 0.838000 0.531746 0.052000 0.206349
1 0.945000 0.489418 0.066000 0.227513