3 0.056000 0.489899 0.072000 0.272727
0 0.127000 0.525253 0.022000 0.222222
2 0.172000 0.444444 0.040000 0.161616
3 0.249000 0.520202 0.082000 0.232323
0 0.329000 0.601010 0.034000 0.313131
2 0.391000 0.444444 0.034000 0.040404
1 0.455000 0.454545 0.042000 0.383838
3 0.537000 0.515152 0.070000 0.262626
3 0.674000 0.525253 0.108000 0.020202
0 0.637000 0.323232 0.018000 0.161616
2 0.672000 0.272727 0.028000 0.101010
0 0.709000 0.383838 0.026000 0.242424
1 0.674000 0.727273 0.032000 0.282828
3 0.607000 0.515152 0.014000 0.707071
3 0.739000 0.494949 0.018000 0.787879
3 0.810000 0.494949 0.068000 0.181818
3 0.916000 0.535354 0.080000 0.020202
0 0.893000 0.338384 0.022000 0.191919
2 0.919000 0.292929 0.018000 0.121212
0 0.946000 0.388889 0.028000 0.252525
1 0.918000 0.691919 0.028000 0.191919
3 0.869000 0.479798 0.018000 0.656566
3 0.966000 0.459596 0.024000 0.696970