3 0.190000 0.450521 0.104000 0.005208
1 0.204000 0.304688 0.024000 0.140625
0 0.177000 0.648438 0.042000 0.098958
1 0.230000 0.539062 0.032000 0.067708
3 0.483000 0.421875 0.138000 0.031250
1 0.435000 0.307292 0.050000 0.156250
0 0.492000 0.335938 0.048000 0.078125
0 0.465000 0.593750 0.026000 0.125000
2 0.617000 0.424479 0.034000 0.109375
3 0.777000 0.411458 0.150000 0.020833
1 0.715000 0.304688 0.074000 0.119792
0 0.743000 0.609375 0.042000 0.062500
0 0.804000 0.609375 0.028000 0.083333
3 0.072000 0.533854 0.104000 0.744792
3 0.921000 0.500000 0.114000 0.895833