3 0.071000 0.560606 0.102000 0.252525
1 0.132000 0.348485 0.028000 0.151515
0 0.179000 0.666667 0.034000 0.444444
2 0.244000 0.469697 0.040000 0.070707
3 0.324000 0.429293 0.056000 0.010101
1 0.307000 0.247475 0.018000 0.292929
1 0.330000 0.656566 0.040000 0.363636
3 0.477000 0.494949 0.106000 0.222222
1 0.571000 0.454545 0.034000 0.323232
0 0.623000 0.626263 0.054000 0.343434
2 0.699000 0.449495 0.034000 0.212121
1 0.764000 0.454545 0.032000 0.383838
3 0.844000 0.505051 0.100000 0.222222
0 0.927000 0.606061 0.038000 0.404040
3 0.399000 0.414141 0.022000 0.464646
3 0.965000 0.444444 0.022000 0.686869