3 0.139000 0.377698 0.238000 0.611511
0 0.088000 0.848921 0.080000 0.158273
3 0.188000 0.852518 0.060000 0.050360
3 0.270000 0.834532 0.068000 0.129496
0 0.384000 0.392086 0.060000 0.280576
0 0.438000 0.517986 0.036000 0.086331
2 0.507000 0.424460 0.046000 0.402878
0 0.560000 0.471223 0.068000 0.266187
0 0.613000 0.496403 0.042000 0.086331
3 0.348000 0.341727 0.036000 0.410072
3 0.669000 0.374101 0.014000 0.474820
2 0.712000 0.417266 0.032000 0.086331
0 0.777000 0.384892 0.030000 0.251799
1 0.818000 0.500000 0.020000 0.122302
2 0.874000 0.460432 0.036000 0.532374
0 0.920000 0.395683 0.032000 0.258993
1 0.957000 0.546763 0.042000 0.158273