3 0.082000 0.497015 0.124000 0.785075
1 0.102000 0.897015 0.036000 0.068657
1 0.159000 0.123881 0.014000 0.116418
3 0.208000 0.480597 0.088000 0.758209
1 0.251000 0.865672 0.042000 0.083582
1 0.315000 0.097015 0.026000 0.134328
0 0.369000 0.552239 0.110000 0.250746
1 0.441000 0.414925 0.046000 0.113433
0 0.506000 0.683582 0.088000 0.489552
1 0.579000 0.385075 0.046000 0.119403
0 0.685000 0.485075 0.082000 0.325373
0 0.766000 0.558209 0.048000 0.113433
0 0.863000 0.510448 0.074000 0.274627
0 0.909000 0.732836 0.138000 0.468657