0 0.078000 0.657303 0.032000 0.415730
2 0.140000 0.556180 0.024000 0.011236
1 0.179000 0.522472 0.038000 0.325843
3 0.032000 0.533708 0.024000 0.460674
3 0.213000 0.494382 0.014000 0.539326
0 0.306000 0.640449 0.036000 0.471910
2 0.365000 0.550562 0.042000 0.224719
1 0.421000 0.500000 0.042000 0.438202
3 0.260000 0.516854 0.028000 0.584270
3 0.459000 0.505618 0.018000 0.651685
2 0.508000 0.528090 0.032000 0.202247
0 0.575000 0.601124 0.050000 0.505618
0 0.683000 0.595506 0.034000 0.494382
2 0.733000 0.432584 0.030000 0.168539
1 0.786000 0.415730 0.044000 0.404494
3 0.638000 0.449438 0.024000 0.584270
3 0.828000 0.455056 0.032000 0.685393
2 0.886000 0.471910 0.036000 0.089888
1 0.956000 0.404494 0.044000 0.426966