3 0.141000 0.460000 0.242000 0.480000
0 0.056000 0.876667 0.068000 0.100000
3 0.129000 0.850000 0.062000 0.113333
3 0.212000 0.836667 0.052000 0.046667
3 0.480000 0.366667 0.244000 0.386667
0 0.412000 0.446667 0.052000 0.173333
2 0.470000 0.450000 0.028000 0.100000
1 0.543000 0.410000 0.058000 0.246667
3 0.735000 0.350000 0.126000 0.326667
0 0.742000 0.456667 0.072000 0.126667
3 0.342000 0.366667 0.040000 0.600000
3 0.822000 0.346667 0.032000 0.506667
2 0.885000 0.413333 0.042000 0.053333
1 0.950000 0.413333 0.056000 0.320000