3 0.228000 0.605263 0.388000 0.063158
1 0.070000 0.397368 0.100000 0.278947
0 0.170000 0.463158 0.056000 0.168421
2 0.248000 0.415789 0.052000 0.115789
0 0.326000 0.521053 0.048000 0.294737
0 0.204000 0.786842 0.048000 0.163158
2 0.488000 0.563158 0.084000 0.084211
3 0.774000 0.500000 0.244000 0.010526
0 0.686000 0.310526 0.064000 0.242105
2 0.774000 0.297368 0.060000 0.015789
1 0.859000 0.294737 0.034000 0.221053
0 0.690000 0.723684 0.044000 0.089474
1 0.730000 0.631579 0.036000 0.094737
2 0.796000 0.723684 0.044000 0.078947
0 0.867000 0.802632 0.054000 0.278947
1 0.915000 0.607895 0.034000 0.089474
3 0.623000 0.536842 0.050000 0.810526
3 0.957000 0.489474 0.042000 0.873684