3 0.136000 0.327982 0.120000 0.399083
0 0.044000 0.644495 0.048000 0.215596
3 0.114000 0.669725 0.052000 0.110092
3 0.200000 0.660550 0.108000 0.091743
3 0.444000 0.362385 0.344000 0.055046
0 0.395000 0.245413 0.054000 0.206422
3 0.457000 0.178899 0.018000 0.266055
3 0.407000 0.509174 0.222000 0.183486
1 0.377000 0.543578 0.014000 0.105505
3 0.411000 0.566514 0.038000 0.077982
0 0.481000 0.589450 0.034000 0.133028
0 0.629000 0.527523 0.042000 0.146789
0 0.637000 0.651376 0.058000 0.045872
3 0.596000 0.550459 0.012000 0.229358
3 0.707000 0.667431 0.062000 0.435780
2 0.767000 0.410550 0.134000 0.123853
1 0.937000 0.582569 0.082000 0.733945