0 0.063000 0.400000 0.086000 0.600000
0 0.159000 0.535000 0.038000 0.290000
0 0.217000 0.675000 0.030000 0.330000
0 0.278000 0.570000 0.032000 0.200000
3 0.124000 0.490000 0.020000 0.360000
3 0.302000 0.515000 0.016000 0.470000
2 0.343000 0.490000 0.026000 0.080000
0 0.403000 0.500000 0.058000 0.460000
0 0.488000 0.595000 0.024000 0.190000
3 0.505000 0.695000 0.002000 0.090000
0 0.532000 0.715000 0.024000 0.350000
3 0.461000 0.585000 0.018000 0.350000
3 0.568000 0.595000 0.016000 0.310000
2 0.607000 0.535000 0.034000 0.230000
0 0.659000 0.500000 0.042000 0.380000
0 0.728000 0.695000 0.024000 0.310000
0 0.788000 0.615000 0.036000 0.170000
3 0.701000 0.565000 0.010000 0.230000
3 0.817000 0.585000 0.018000 0.330000
2 0.863000 0.580000 0.042000 0.220000
1 0.917000 0.595000 0.050000 0.290000
1 0.963000 0.580000 0.030000 0.320000