3 0.043000 0.502941 0.046000 0.523529
1 0.043000 0.888235 0.030000 0.094118
1 0.065000 0.120588 0.018000 0.123529
3 0.139000 0.494118 0.038000 0.447059
1 0.154000 0.800000 0.024000 0.082353
1 0.161000 0.158824 0.014000 0.141176
1 0.217000 0.485294 0.038000 0.170588
0 0.279000 0.426471 0.042000 0.264706
0 0.312000 0.497059 0.028000 0.088235
0 0.358000 0.414706 0.032000 0.194118
0 0.390000 0.526471 0.020000 0.205882
2 0.455000 0.485294 0.038000 0.052941
1 0.514000 0.502941 0.028000 0.135294
1 0.584000 0.511765 0.012000 0.105882
2 0.607000 0.511765 0.022000 0.011765
1 0.634000 0.517647 0.024000 0.105882
3 0.560000 0.500000 0.016000 0.188235
3 0.645000 0.520588 0.014000 0.158824
1 0.728000 0.550000 0.016000 0.100000
2 0.757000 0.550000 0.010000 0.005882
1 0.778000 0.544118 0.016000 0.100000
3 0.695000 0.526471 0.018000 0.205882
3 0.798000 0.532353 0.012000 0.217647
2 0.839000 0.558824 0.022000 0.035294
1 0.877000 0.532353 0.014000 0.100000
1 0.933000 0.544118 0.090000 0.111765