0 0.046000 0.495935 0.052000 0.406504
2 0.145000 0.520325 0.054000 0.113821
0 0.277000 0.626016 0.046000 0.569106
1 0.320000 0.650407 0.024000 0.130081
2 0.402000 0.487805 0.048000 0.016260
0 0.466000 0.390244 0.052000 0.455285
3 0.217000 0.467480 0.018000 0.674797
3 0.524000 0.443089 0.012000 0.723577
3 0.766000 0.430894 0.424000 0.666667
1 0.696000 0.467480 0.048000 0.382114
2 0.780000 0.504065 0.048000 0.178862
0 0.856000 0.569106 0.048000 0.487805
1 0.881000 0.560976 0.014000 0.081301
1 0.929000 0.247967 0.034000 0.121951