0 0.064000 0.578125 0.044000 0.197917
2 0.132000 0.531250 0.048000 0.229167
1 0.189000 0.541667 0.042000 0.354167
3 0.025000 0.578125 0.010000 0.635417
3 0.240000 0.583333 0.016000 0.520833
0 0.288000 0.218750 0.036000 0.187500
2 0.338000 0.234375 0.032000 0.135417
1 0.384000 0.213542 0.024000 0.218750
2 0.396000 0.588542 0.048000 0.114583
0 0.515000 0.578125 0.038000 0.197917
2 0.575000 0.526042 0.042000 0.177083
1 0.635000 0.562500 0.026000 0.270833
3 0.479000 0.557292 0.014000 0.281250
3 0.670000 0.536458 0.016000 0.406250
0 0.736000 0.588542 0.024000 0.239583
2 0.782000 0.557292 0.044000 0.177083
1 0.851000 0.500000 0.042000 0.354167
3 0.708000 0.546875 0.020000 0.447917
3 0.910000 0.604167 0.028000 0.520833
0 0.964000 0.307292 0.028000 0.197917