0 0.056000 0.587879 0.072000 0.157576
0 0.147000 0.575758 0.038000 0.181818
2 0.193000 0.603030 0.034000 0.018182
0 0.249000 0.603030 0.054000 0.103030
3 0.116000 0.575758 0.016000 0.303030
3 0.280000 0.533333 0.028000 0.315152
3 0.331000 0.521212 0.054000 0.133333
3 0.379000 0.512121 0.046000 0.575758
0 0.382000 0.900000 0.048000 0.078788
0 0.385000 0.127273 0.034000 0.133333
0 0.426000 0.524242 0.024000 0.260606
0 0.475000 0.569697 0.030000 0.096970
3 0.453000 0.533333 0.014000 0.230303
3 0.508000 0.533333 0.020000 0.230303
0 0.547000 0.530303 0.042000 0.212121
0 0.589000 0.578788 0.034000 0.115152
3 0.656000 0.506061 0.048000 0.127273
0 0.730000 0.478788 0.068000 0.242424
0 0.824000 0.466667 0.032000 0.193939
2 0.869000 0.500000 0.030000 0.006061
0 0.924000 0.503030 0.060000 0.121212
3 0.788000 0.475758 0.016000 0.272727
3 0.968000 0.442424 0.016000 0.266667