1 0.065000 0.496575 0.090000 0.417808
0 0.140000 0.599315 0.076000 0.171233
1 0.193000 0.458904 0.034000 0.136986
0 0.257000 0.523973 0.062000 0.267123
1 0.275000 0.359589 0.034000 0.157534
2 0.333000 0.541096 0.042000 0.136986
1 0.413000 0.489726 0.070000 0.363014
0 0.485000 0.626712 0.062000 0.171233
1 0.531000 0.448630 0.026000 0.143836
0 0.588000 0.523973 0.056000 0.376712
1 0.603000 0.325342 0.026000 0.130137
2 0.676000 0.544521 0.052000 0.006849
3 0.860000 0.571918 0.236000 0.006849
0 0.788000 0.434932 0.084000 0.184932
1 0.828000 0.284247 0.028000 0.116438
0 0.884000 0.335616 0.052000 0.301370
1 0.910000 0.143836 0.028000 0.150685
1 0.823000 0.787671 0.118000 0.287671