3 0.075000 0.502033 0.110000 0.573171
1 0.078000 0.884146 0.048000 0.109756
1 0.100000 0.117886 0.020000 0.138211
3 0.188000 0.510163 0.076000 0.597561
1 0.204000 0.904472 0.048000 0.109756
1 0.209000 0.119919 0.022000 0.158537
0 0.297000 0.595528 0.058000 0.166667
1 0.337000 0.424797 0.054000 0.109756
0 0.440000 0.689024 0.116000 0.329268
1 0.491000 0.414634 0.046000 0.121951
0 0.606000 0.502033 0.076000 0.337398
0 0.688000 0.591463 0.056000 0.166667
0 0.797000 0.516260 0.102000 0.349593
0 0.925000 0.668699 0.106000 0.288618