3 0.178000 0.520767 0.292000 0.006390
0 0.143000 0.242812 0.218000 0.230032
1 0.244000 0.375399 0.044000 0.073482
1 0.306000 0.099042 0.048000 0.134185
0 0.107000 0.776358 0.174000 0.236422
1 0.246000 0.912141 0.060000 0.111821
1 0.259000 0.658147 0.034000 0.095847
2 0.489000 0.511182 0.070000 0.044728
3 0.817000 0.511182 0.322000 0.006390
0 0.752000 0.308307 0.100000 0.111821
1 0.867000 0.372204 0.034000 0.067093
1 0.858000 0.169329 0.064000 0.153355
0 0.793000 0.817891 0.138000 0.153355
1 0.929000 0.918530 0.054000 0.099042
1 0.874000 0.677316 0.048000 0.127796