3 0.057000 0.518750 0.074000 0.337500
0 0.123000 0.543750 0.026000 0.187500
2 0.184000 0.568750 0.024000 0.187500
3 0.248000 0.475000 0.064000 0.300000
0 0.328000 0.618750 0.048000 0.387500
2 0.389000 0.531250 0.034000 0.062500
1 0.435000 0.481250 0.026000 0.337500
3 0.494000 0.500000 0.068000 0.250000
3 0.640000 0.512500 0.140000 0.100000
0 0.579000 0.356250 0.014000 0.112500
2 0.615000 0.350000 0.022000 0.150000
0 0.651000 0.431250 0.030000 0.312500
1 0.635000 0.687500 0.026000 0.150000
3 0.559000 0.512500 0.014000 0.525000
3 0.712000 0.525000 0.016000 0.600000
3 0.770000 0.506250 0.064000 0.237500
3 0.901000 0.475000 0.114000 0.050000
0 0.860000 0.293750 0.024000 0.137500
2 0.892000 0.281250 0.020000 0.012500
0 0.929000 0.331250 0.022000 0.312500
1 0.902000 0.650000 0.036000 0.200000
3 0.839000 0.431250 0.018000 0.587500
3 0.967000 0.493750 0.022000 0.737500