3 0.060000 0.545732 0.080000 0.408537
0 0.036000 0.853659 0.020000 0.134146
2 0.075000 0.856707 0.026000 0.030488
1 0.108000 0.865854 0.020000 0.097561
3 0.057000 0.277439 0.058000 0.067073
3 0.227000 0.548780 0.126000 0.012195
3 0.185000 0.335366 0.042000 0.146341
0 0.170000 0.451220 0.004000 0.060976
2 0.188000 0.454268 0.016000 0.030488
1 0.206000 0.451220 0.012000 0.060976
0 0.178000 0.210366 0.016000 0.067073
0 0.247000 0.335366 0.034000 0.097561
0 0.276000 0.396341 0.004000 0.097561
0 0.219000 0.704268 0.034000 0.164634
3 0.142000 0.545732 0.016000 0.664634
3 0.299000 0.503049 0.042000 0.652439
0 0.345000 0.216463 0.026000 0.189024
3 0.401000 0.536585 0.054000 0.268293
3 0.545000 0.451220 0.122000 0.012195
0 0.549000 0.323171 0.046000 0.243902
0 0.517000 0.646341 0.038000 0.219512
2 0.562000 0.618902 0.024000 0.006098
1 0.603000 0.637195 0.030000 0.225610
3 0.478000 0.512195 0.036000 0.634146
3 0.635000 0.530488 0.026000 0.743902
0 0.668000 0.137195 0.040000 0.152439
3 0.769000 0.487805 0.146000 0.512195
0 0.713000 0.859756 0.038000 0.146341
2 0.760000 0.878049 0.032000 0.048780
1 0.803000 0.856707 0.030000 0.079268
3 0.779000 0.143293 0.082000 0.091463
0 0.904000 0.548780 0.064000 0.195122
0 0.965000 0.670732 0.026000 0.109756
0 0.953000 0.426829 0.018000 0.109756