3 0.088000 0.444954 0.136000 0.394495
0 0.073000 0.834862 0.030000 0.146789
3 0.136000 0.830275 0.052000 0.064220
3 0.222000 0.825688 0.068000 0.110092
3 0.400000 0.408257 0.248000 0.486239
0 0.341000 0.504587 0.034000 0.146789
2 0.396000 0.532110 0.040000 0.165138
1 0.456000 0.467890 0.056000 0.220183
2 0.620000 0.509174 0.044000 0.009174
3 0.715000 0.426606 0.114000 0.522936
0 0.730000 0.467890 0.060000 0.201835
3 0.269000 0.385321 0.030000 0.440367
3 0.797000 0.366972 0.038000 0.550459
2 0.877000 0.513761 0.062000 0.091743
1 0.960000 0.426606 0.036000 0.321101