0 0.066000 0.500000 0.092000 0.748344
0 0.175000 0.682119 0.046000 0.198675
3 0.140000 0.682119 0.024000 0.344371
3 0.223000 0.688742 0.030000 0.370861
2 0.274000 0.539735 0.044000 0.046358
3 0.361000 0.576159 0.090000 0.013245
1 0.354000 0.311258 0.032000 0.370861
0 0.368000 0.778146 0.036000 0.205298
2 0.455000 0.596026 0.018000 0.132450
3 0.576000 0.592715 0.116000 0.019868
1 0.568000 0.294702 0.024000 0.456954
0 0.561000 0.841060 0.046000 0.172185
1 0.606000 0.748344 0.020000 0.105960
2 0.695000 0.612583 0.034000 0.165563
0 0.788000 0.592715 0.156000 0.417219
0 0.930000 0.602649 0.036000 0.119205
3 0.905000 0.592715 0.010000 0.311258
3 0.961000 0.582781 0.034000 0.397351