3 0.109000 0.554217 0.046000 0.493976
0 0.129000 0.852410 0.054000 0.138554
0 0.148000 0.201807 0.032000 0.150602
0 0.178000 0.569277 0.056000 0.331325
0 0.237000 0.695783 0.018000 0.078313
3 0.220000 0.656627 0.020000 0.192771
3 0.265000 0.671687 0.022000 0.210843
0 0.324000 0.527108 0.028000 0.307229
0 0.357000 0.641566 0.034000 0.090361
3 0.023000 0.554217 0.006000 0.530120
3 0.398000 0.554217 0.004000 0.602410
3 0.486000 0.487952 0.064000 0.204819
3 0.623000 0.515060 0.034000 0.584337
0 0.623000 0.873494 0.034000 0.120482
0 0.646000 0.123494 0.036000 0.126506
0 0.677000 0.584337 0.066000 0.373494
0 0.743000 0.692771 0.026000 0.096386
3 0.709000 0.677711 0.014000 0.198795
3 0.773000 0.680723 0.018000 0.204819
3 0.642000 0.593373 0.008000 0.391566
3 0.819000 0.596386 0.018000 0.361446
0 0.910000 0.533133 0.040000 0.271084
0 0.966000 0.596386 0.024000 0.072289