3 0.079000 0.509259 0.062000 0.537037
0 0.104000 0.787037 0.020000 0.111111
0 0.128000 0.180556 0.024000 0.175926
0 0.204000 0.425926 0.040000 0.351852
0 0.266000 0.564815 0.020000 0.129630
3 0.247000 0.435185 0.018000 0.388889
3 0.287000 0.435185 0.014000 0.444444
0 0.338000 0.504630 0.040000 0.324074
0 0.377000 0.620370 0.022000 0.129630
3 0.025000 0.560185 0.010000 0.675926
3 0.436000 0.476852 0.008000 0.731481
3 0.494000 0.500000 0.056000 0.166667
3 0.592000 0.481481 0.044000 0.574074
0 0.614000 0.726852 0.016000 0.083333
0 0.625000 0.175926 0.018000 0.166667
0 0.712000 0.481481 0.052000 0.592593
0 0.823000 0.708333 0.026000 0.120370
3 0.790000 0.504630 0.016000 0.583333
3 0.853000 0.550926 0.010000 0.490741
3 0.678000 0.481481 0.008000 0.740741
3 0.890000 0.462963 0.004000 0.666667
0 0.931000 0.597222 0.026000 0.361111
0 0.965000 0.685185 0.026000 0.129630