0 0.068000 0.670455 0.052000 0.219697
2 0.115000 0.674242 0.030000 0.121212
1 0.184000 0.583333 0.064000 0.378788
3 0.028000 0.568182 0.016000 0.515152
3 0.244000 0.590909 0.032000 0.666667
0 0.283000 0.265152 0.034000 0.166667
2 0.321000 0.265152 0.018000 0.090909
1 0.361000 0.185606 0.034000 0.219697
2 0.453000 0.617424 0.062000 0.068182
0 0.556000 0.636364 0.036000 0.181818
2 0.604000 0.617424 0.028000 0.113636
1 0.653000 0.602273 0.042000 0.340909
3 0.524000 0.609848 0.012000 0.477273
3 0.690000 0.594697 0.020000 0.522727
0 0.766000 0.647727 0.048000 0.204545
2 0.824000 0.617424 0.036000 0.113636
1 0.880000 0.564394 0.040000 0.356061
3 0.729000 0.598485 0.022000 0.545455
3 0.919000 0.579545 0.042000 0.613636
0 0.960000 0.291667 0.036000 0.174242