0 0.050000 0.551587 0.060000 0.500000
0 0.151000 0.615079 0.038000 0.261905
3 0.118000 0.607143 0.020000 0.357143
3 0.181000 0.634921 0.034000 0.444444
2 0.273000 0.587302 0.066000 0.095238
1 0.371000 0.234127 0.018000 0.309524
0 0.365000 0.738095 0.042000 0.238095
2 0.472000 0.531746 0.060000 0.238095
3 0.580000 0.496032 0.100000 0.023810
1 0.566000 0.226190 0.024000 0.293651
0 0.557000 0.793651 0.042000 0.238095
1 0.608000 0.690476 0.032000 0.142857
2 0.717000 0.531746 0.070000 0.238095
0 0.799000 0.503968 0.094000 0.373016
0 0.919000 0.615079 0.042000 0.182540
3 0.886000 0.587302 0.024000 0.349206
3 0.968000 0.642857 0.020000 0.396825