3 0.077000 0.592233 0.114000 0.252427
1 0.159000 0.300971 0.030000 0.174757
0 0.192000 0.699029 0.032000 0.407767
2 0.261000 0.572816 0.034000 0.077670
1 0.330000 0.339806 0.024000 0.194175
1 0.338000 0.723301 0.032000 0.300971
3 0.488000 0.461165 0.076000 0.203883
1 0.577000 0.378641 0.038000 0.330097
0 0.623000 0.524272 0.026000 0.349515
2 0.689000 0.417476 0.038000 0.213592
1 0.750000 0.378641 0.044000 0.291262
3 0.834000 0.427184 0.076000 0.174757
0 0.920000 0.495146 0.032000 0.368932
3 0.424000 0.480583 0.028000 0.514563
3 0.966000 0.407767 0.024000 0.621359