3 0.230000 0.495000 0.420000 0.790000
3 0.133000 0.460000 0.070000 0.020000
1 0.114000 0.327500 0.020000 0.175000
0 0.136000 0.632500 0.040000 0.185000
3 0.250000 0.510000 0.112000 0.490000
0 0.209000 0.870000 0.030000 0.160000
2 0.241000 0.857500 0.022000 0.045000
1 0.277000 0.832500 0.022000 0.125000
0 0.227000 0.212500 0.030000 0.105000
0 0.355000 0.550000 0.046000 0.170000
0 0.400000 0.662500 0.020000 0.155000
3 0.312000 0.487500 0.020000 0.305000
3 0.425000 0.490000 0.026000 0.330000
1 0.452000 0.327500 0.032000 0.115000
3 0.557000 0.400000 0.050000 0.210000
3 0.676000 0.425000 0.072000 0.010000
1 0.661000 0.292500 0.022000 0.195000
0 0.677000 0.577500 0.046000 0.175000
3 0.803000 0.435000 0.118000 0.500000
0 0.760000 0.830000 0.024000 0.200000
2 0.797000 0.825000 0.030000 0.060000
1 0.840000 0.837500 0.020000 0.185000
0 0.776000 0.097500 0.028000 0.095000
0 0.908000 0.522500 0.056000 0.225000
0 0.966000 0.642500 0.024000 0.175000