3 0.189000 0.531250 0.242000 0.026786
1 0.084000 0.383929 0.024000 0.160714
2 0.147000 0.370536 0.066000 0.116071
0 0.211000 0.397321 0.058000 0.241071
1 0.269000 0.281250 0.058000 0.151786
1 0.095000 0.723214 0.026000 0.160714
2 0.158000 0.696429 0.048000 0.089286
0 0.204000 0.723214 0.028000 0.142857
1 0.236000 0.629464 0.028000 0.080357
3 0.034000 0.584821 0.028000 0.651786
3 0.317000 0.508929 0.042000 0.607143
0 0.352000 0.178571 0.028000 0.178571
3 0.405000 0.526786 0.054000 0.196429
1 0.484000 0.544643 0.044000 0.285714
0 0.551000 0.245536 0.018000 0.098214
3 0.527000 0.241071 0.002000 0.160714
3 0.574000 0.227679 0.004000 0.151786
1 0.631000 0.482143 0.026000 0.160714
2 0.678000 0.495536 0.028000 0.080357
0 0.753000 0.522321 0.038000 0.169643
2 0.792000 0.535714 0.032000 0.017857
0 0.825000 0.531250 0.030000 0.133929
3 0.722000 0.517857 0.012000 0.303571
3 0.851000 0.549107 0.014000 0.312500
1 0.868000 0.392857 0.020000 0.107143
3 0.614000 0.464286 0.024000 0.464286
3 0.901000 0.491071 0.034000 0.500000
0 0.956000 0.183036 0.020000 0.116071
3 0.974000 0.187500 0.008000 0.178571