0 0.061000 0.589744 0.082000 0.266667
1 0.128000 0.774359 0.028000 0.112821
2 0.202000 0.571795 0.060000 0.046154
3 0.628000 0.553846 0.700000 0.051282
1 0.372000 0.335897 0.048000 0.241026
3 0.623000 0.320513 0.254000 0.035897
1 0.603000 0.171795 0.054000 0.158974
3 0.633000 0.451282 0.218000 0.215385
0 0.637000 0.453846 0.042000 0.107692
1 0.718000 0.438462 0.016000 0.117949
3 0.305000 0.310256 0.038000 0.384615
3 0.789000 0.307692 0.046000 0.512821
0 0.886000 0.348718 0.072000 0.235897
0 0.604000 0.823077 0.080000 0.251282