3 0.178000 0.475410 0.172000 0.021858
1 0.183000 0.265027 0.062000 0.256831
0 0.166000 0.729508 0.080000 0.158470
1 0.237000 0.622951 0.038000 0.098361
2 0.324000 0.453552 0.060000 0.010929
3 0.517000 0.398907 0.170000 0.032787
1 0.462000 0.248634 0.056000 0.234973
0 0.556000 0.275956 0.080000 0.125683
0 0.507000 0.628415 0.054000 0.153005
2 0.696000 0.379781 0.092000 0.114754
3 0.826000 0.387978 0.136000 0.010929
1 0.822000 0.226776 0.068000 0.191257
0 0.791000 0.601093 0.074000 0.142077
0 0.883000 0.587432 0.054000 0.136612
3 0.045000 0.524590 0.050000 0.841530
3 0.951000 0.453552 0.054000 0.797814