3 0.060000 0.500000 0.080000 0.668293
1 0.044000 0.917073 0.032000 0.058537
1 0.119000 0.109756 0.022000 0.121951
3 0.176000 0.521951 0.084000 0.663415
1 0.182000 0.907317 0.024000 0.078049
1 0.223000 0.109756 0.022000 0.092683
0 0.367000 0.526829 0.054000 0.175610
1 0.455000 0.358537 0.050000 0.141463
0 0.545000 0.668293 0.090000 0.448780
1 0.596000 0.317073 0.056000 0.107317
0 0.690000 0.446341 0.048000 0.258537
0 0.753000 0.546341 0.054000 0.156098
0 0.855000 0.453659 0.038000 0.234146
0 0.933000 0.685366 0.090000 0.473171