0 0.111000 0.643617 0.042000 0.180851
2 0.162000 0.664894 0.024000 0.095745
1 0.207000 0.617021 0.022000 0.234043
3 0.036000 0.601064 0.032000 0.585106
3 0.241000 0.574468 0.026000 0.510638
0 0.283000 0.196809 0.034000 0.117021
2 0.335000 0.202128 0.026000 0.085106
1 0.369000 0.175532 0.010000 0.138298
2 0.417000 0.585106 0.038000 0.106383
0 0.565000 0.515957 0.038000 0.180851
2 0.613000 0.537234 0.026000 0.117021
1 0.653000 0.484043 0.014000 0.202128
3 0.526000 0.531915 0.040000 0.510638
3 0.693000 0.478723 0.018000 0.468085
0 0.795000 0.494681 0.034000 0.202128
2 0.836000 0.521277 0.020000 0.106383
1 0.884000 0.425532 0.020000 0.148936
3 0.742000 0.478723 0.028000 0.446809
3 0.913000 0.494681 0.022000 0.500000
0 0.957000 0.170213 0.042000 0.127660