0 0.072000 0.452174 0.104000 0.730435
0 0.121000 0.552174 0.054000 0.113043
3 0.166000 0.686957 0.004000 0.104348
0 0.204000 0.708696 0.040000 0.373913
0 0.283000 0.534783 0.042000 0.182609
3 0.099000 0.500000 0.026000 0.443478
3 0.302000 0.534783 0.040000 0.426087
2 0.346000 0.508696 0.020000 0.043478
0 0.414000 0.439130 0.072000 0.513043
0 0.502000 0.552174 0.028000 0.113043
0 0.555000 0.656522 0.038000 0.356522
3 0.474000 0.578261 0.012000 0.286957
3 0.583000 0.530435 0.018000 0.226087
2 0.627000 0.491304 0.046000 0.113043
0 0.693000 0.478261 0.046000 0.626087
0 0.753000 0.734783 0.026000 0.356522
3 0.787000 0.695652 0.002000 0.086957
0 0.810000 0.586957 0.024000 0.130435
3 0.732000 0.608696 0.008000 0.347826
3 0.834000 0.634783 0.024000 0.417391
2 0.871000 0.495652 0.042000 0.156522
1 0.906000 0.478261 0.056000 0.539130
1 0.960000 0.486957 0.036000 0.573913