0 0.061000 0.765823 0.082000 0.248945
1 0.129000 0.829114 0.026000 0.097046
2 0.239000 0.717300 0.122000 0.042194
3 0.655000 0.687764 0.646000 0.059072
1 0.352000 0.377637 0.036000 0.156118
3 0.643000 0.362869 0.274000 0.025316
1 0.576000 0.175105 0.064000 0.139241
3 0.663000 0.521097 0.314000 0.156118
0 0.601000 0.569620 0.038000 0.084388
1 0.742000 0.531646 0.024000 0.067511
3 0.316000 0.295359 0.020000 0.388186
3 0.827000 0.303797 0.062000 0.523207
0 0.929000 0.405063 0.086000 0.210970
0 0.704000 0.869198 0.164000 0.177215