0 0.041000 0.526596 0.042000 0.627660
0 0.164000 0.622340 0.060000 0.478723
0 0.267000 0.473404 0.050000 0.244681
0 0.345000 0.611702 0.038000 0.542553
3 0.219000 0.521277 0.014000 0.361702
3 0.385000 0.505319 0.014000 0.393617
3 0.418000 0.702128 0.004000 0.127660
0 0.477000 0.468085 0.050000 0.212766
3 0.094000 0.494681 0.024000 0.436170
3 0.533000 0.489362 0.018000 0.617021
2 0.599000 0.494681 0.042000 0.138298
0 0.693000 0.436170 0.058000 0.297872
1 0.715000 0.175532 0.018000 0.138298
0 0.813000 0.537234 0.026000 0.436170
2 0.884000 0.430851 0.040000 0.159574
0 0.956000 0.430851 0.044000 0.265957