0 0.054000 0.673611 0.068000 0.476852
0 0.208000 0.557870 0.084000 0.171296
3 0.137000 0.564815 0.030000 0.240741
3 0.287000 0.550926 0.022000 0.250000
2 0.398000 0.576389 0.068000 0.069444
3 0.578000 0.467593 0.200000 0.509259
0 0.513000 0.863426 0.062000 0.171296
2 0.583000 0.891204 0.042000 0.023148
1 0.659000 0.861111 0.042000 0.175926
0 0.577000 0.118056 0.038000 0.143519
0 0.766000 0.474537 0.052000 0.189815
0 0.819000 0.557870 0.026000 0.106481
0 0.899000 0.474537 0.094000 0.226852
0 0.962000 0.261574 0.032000 0.125000