1 0.143000 0.224490 0.062000 0.163265
0 0.186000 0.589286 0.104000 0.086735
1 0.271000 0.540816 0.034000 0.071429
2 0.398000 0.357143 0.032000 0.010204
3 0.534000 0.352041 0.172000 0.020408
1 0.491000 0.201531 0.058000 0.168367
0 0.558000 0.244898 0.064000 0.081633
0 0.547000 0.494898 0.046000 0.122449
2 0.669000 0.352041 0.046000 0.071429
3 0.820000 0.323980 0.160000 0.015306
1 0.810000 0.188776 0.048000 0.173469
0 0.794000 0.466837 0.052000 0.107143
0 0.855000 0.482143 0.034000 0.086735
3 0.049000 0.568878 0.058000 0.750000
3 0.949000 0.454082 0.054000 0.806122