0 0.065000 0.463918 0.090000 0.659794
0 0.094000 0.788660 0.044000 0.216495
2 0.153000 0.541237 0.022000 0.072165
3 0.254000 0.402062 0.048000 0.020619
1 0.269000 0.201031 0.042000 0.195876
1 0.233000 0.634021 0.030000 0.216495
0 0.325000 0.582474 0.074000 0.216495
1 0.379000 0.737113 0.022000 0.113402
0 0.449000 0.618557 0.070000 0.226804
1 0.477000 0.793814 0.026000 0.123711
1 0.522000 0.391753 0.020000 0.206186
2 0.563000 0.608247 0.030000 0.123711
3 0.652000 0.453608 0.052000 0.041237
1 0.662000 0.268041 0.048000 0.226804
1 0.643000 0.664948 0.026000 0.175258
0 0.747000 0.577320 0.086000 0.164948
1 0.806000 0.762887 0.020000 0.123711
0 0.891000 0.597938 0.074000 0.185567
1 0.916000 0.762887 0.024000 0.164948
1 0.966000 0.278351 0.024000 0.288660