3 0.041000 0.558394 0.026000 0.386861
1 0.039000 0.857664 0.014000 0.094891
3 0.037000 0.295620 0.034000 0.051095
0 0.083000 0.591241 0.030000 0.423358
0 0.157000 0.485401 0.030000 0.124088
3 0.114000 0.459854 0.012000 0.306569
3 0.184000 0.492701 0.024000 0.226277
0 0.238000 0.416058 0.036000 0.262774
0 0.268000 0.474453 0.048000 0.072993
2 0.316000 0.419708 0.044000 0.065693
3 0.406000 0.394161 0.136000 0.437956
0 0.330000 0.726277 0.044000 0.211679
3 0.382000 0.751825 0.044000 0.102190
3 0.431000 0.744526 0.042000 0.087591
3 0.531000 0.452555 0.046000 0.656934
1 0.519000 0.864964 0.026000 0.065693
0 0.573000 0.094891 0.038000 0.043796
0 0.630000 0.543796 0.112000 0.751825
0 0.772000 0.532847 0.072000 0.262774
3 0.714000 0.467153 0.008000 0.306569
3 0.813000 0.470803 0.054000 0.401460
0 0.885000 0.470803 0.078000 0.328467
0 0.947000 0.474453 0.062000 0.189781