0 0.053000 0.550420 0.066000 0.697479
0 0.134000 0.542017 0.024000 0.142857
3 0.167000 0.668067 0.010000 0.142857
0 0.195000 0.655462 0.038000 0.369748
3 0.105000 0.529412 0.018000 0.605042
3 0.246000 0.592437 0.052000 0.630252
2 0.293000 0.584034 0.034000 0.058824
0 0.367000 0.457983 0.042000 0.529412
1 0.405000 0.617647 0.018000 0.109244
0 0.491000 0.512605 0.026000 0.100840
0 0.548000 0.588235 0.056000 0.302521
3 0.463000 0.386555 0.030000 0.470588
3 0.585000 0.457983 0.034000 0.411765
2 0.637000 0.554622 0.034000 0.084034
0 0.696000 0.521008 0.036000 0.487395
1 0.730000 0.617647 0.028000 0.109244
3 0.871000 0.315126 0.070000 0.008403
0 0.859000 0.147059 0.034000 0.126050
0 0.885000 0.571429 0.046000 0.268908
3 0.788000 0.403361 0.032000 0.453782
3 0.952000 0.478992 0.052000 0.689076