3 0.127000 0.378906 0.198000 0.601562
0 0.058000 0.843750 0.076000 0.140625
3 0.128000 0.832031 0.040000 0.085938
3 0.197000 0.828125 0.070000 0.125000
3 0.445000 0.410156 0.278000 0.398438
0 0.408000 0.472656 0.096000 0.195312
2 0.478000 0.472656 0.040000 0.085938
1 0.548000 0.402344 0.048000 0.304688
2 0.631000 0.457031 0.046000 0.023438
3 0.736000 0.375000 0.148000 0.359375
0 0.765000 0.453125 0.074000 0.140625
3 0.292000 0.488281 0.040000 0.601562
3 0.808000 0.378906 0.060000 0.601562
2 0.872000 0.437500 0.036000 0.031250
1 0.955000 0.390625 0.046000 0.484375