3 0.136000 0.298387 0.232000 0.354839
0 0.084000 0.665323 0.092000 0.169355
3 0.164000 0.641129 0.056000 0.072581
3 0.240000 0.645161 0.076000 0.145161
0 0.340000 0.399194 0.040000 0.120968
0 0.399000 0.471774 0.050000 0.072581
2 0.464000 0.334677 0.032000 0.379032
0 0.511000 0.495968 0.062000 0.314516
0 0.544000 0.512097 0.040000 0.072581
3 0.310000 0.362903 0.012000 0.306452
3 0.579000 0.366935 0.022000 0.556452
2 0.636000 0.379032 0.072000 0.064516
0 0.719000 0.338710 0.054000 0.403226
1 0.769000 0.616935 0.026000 0.153226
2 0.850000 0.391129 0.052000 0.620968
0 0.919000 0.431452 0.074000 0.459677
1 0.960000 0.701613 0.036000 0.193548