1 0.044000 0.386792 0.048000 0.433962
3 0.143000 0.518868 0.118000 0.754717
0 0.276000 0.523585 0.040000 0.273585
2 0.324000 0.429245 0.040000 0.009434
1 0.391000 0.410377 0.050000 0.405660
3 0.226000 0.429245 0.040000 0.481132
3 0.442000 0.424528 0.032000 0.622642
2 0.512000 0.429245 0.044000 0.103774
3 0.626000 0.528302 0.120000 0.754717
1 0.778000 0.396226 0.052000 0.396226
2 0.836000 0.391509 0.048000 0.009434
0 0.905000 0.476415 0.046000 0.292453
3 0.718000 0.410377 0.032000 0.500000
3 0.960000 0.410377 0.036000 0.632075