1 0.223000 0.414286 0.058000 0.337143
0 0.292000 0.500000 0.048000 0.154286
2 0.394000 0.442857 0.048000 0.051429
3 0.719000 0.457143 0.518000 0.022857
1 0.547000 0.202857 0.054000 0.291429
3 0.624000 0.205714 0.004000 0.022857
0 0.843000 0.271429 0.050000 0.188571
1 0.530000 0.700000 0.048000 0.360000
2 0.609000 0.711429 0.050000 0.005714
1 0.797000 0.617143 0.038000 0.114286
0 0.851000 0.754286 0.058000 0.171429
0 0.044000 0.482857 0.048000 0.280000
0 0.690000 0.225714 0.044000 0.200000
0 0.670000 0.731429 0.052000 0.205714
0 0.139000 0.591429 0.066000 0.291429
0 0.734000 0.802857 0.068000 0.268571
0 0.759000 0.282857 0.062000 0.234286