0 0.042000 0.494949 0.044000 0.585859
0 0.112000 0.555556 0.032000 0.181818
0 0.164000 0.686869 0.036000 0.363636
3 0.203000 0.646465 0.002000 0.121212
0 0.236000 0.530303 0.048000 0.232323
3 0.086000 0.424242 0.028000 0.525253
3 0.261000 0.429293 0.022000 0.636364
2 0.307000 0.469697 0.030000 0.070707
0 0.381000 0.439394 0.054000 0.535354
0 0.457000 0.590909 0.038000 0.191919
3 0.486000 0.717172 0.004000 0.080808
0 0.505000 0.702020 0.034000 0.393939
3 0.430000 0.434343 0.024000 0.565657
3 0.540000 0.424242 0.028000 0.565657
2 0.588000 0.484848 0.024000 0.141414
0 0.644000 0.439394 0.040000 0.575758
0 0.721000 0.681818 0.034000 0.393939
3 0.756000 0.686869 0.008000 0.121212
0 0.782000 0.601010 0.036000 0.191919
3 0.688000 0.444444 0.028000 0.626263
3 0.812000 0.444444 0.032000 0.686869
2 0.872000 0.570707 0.028000 0.232323
1 0.925000 0.459596 0.046000 0.575758
1 0.966000 0.474747 0.024000 0.565657