0 0.057000 0.428571 0.074000 0.721088
0 0.117000 0.544218 0.042000 0.190476
3 0.164000 0.649660 0.008000 0.061224
0 0.245000 0.629252 0.174000 0.496599
3 0.104000 0.469388 0.052000 0.557823
3 0.335000 0.585034 0.050000 0.693878
2 0.405000 0.568027 0.042000 0.102041
0 0.489000 0.448980 0.066000 0.585034
1 0.494000 0.751701 0.032000 0.210884
0 0.608000 0.506803 0.040000 0.183673
0 0.644000 0.568027 0.044000 0.238095
3 0.579000 0.479592 0.018000 0.387755
3 0.695000 0.493197 0.054000 0.455782
2 0.759000 0.523810 0.034000 0.312925
0 0.839000 0.404762 0.050000 0.496599
1 0.833000 0.690476 0.018000 0.170068
3 0.929000 0.493197 0.062000 0.020408
0 0.927000 0.323129 0.042000 0.156463
0 0.934000 0.629252 0.060000 0.197279
3 0.887000 0.540816 0.018000 0.442177
3 0.968000 0.462585 0.020000 0.625850