3 0.082000 0.521845 0.124000 0.645631
1 0.041000 0.924757 0.014000 0.053398
3 0.155000 0.080097 0.070000 0.063107
3 0.180000 0.582524 0.148000 0.281553
0 0.205000 0.616505 0.030000 0.126214
0 0.314000 0.643204 0.060000 0.121359
0 0.385000 0.453883 0.030000 0.131068
0 0.456000 0.558252 0.060000 0.310680
0 0.511000 0.650485 0.042000 0.135922
2 0.602000 0.609223 0.060000 0.053398
1 0.726000 0.458738 0.040000 0.208738
1 0.729000 0.837379 0.062000 0.228155
3 0.891000 0.589806 0.174000 0.334951
3 0.912000 0.606796 0.084000 0.174757