0 0.112000 0.479592 0.048000 0.244898
2 0.175000 0.454082 0.034000 0.030612
0 0.258000 0.397959 0.032000 0.346939
3 0.286000 0.357143 0.008000 0.469388
3 0.369000 0.367347 0.054000 0.408163
0 0.478000 0.418367 0.068000 0.183673
0 0.622000 0.408163 0.036000 0.204082
3 0.666000 0.306122 0.016000 0.408163
2 0.701000 0.377551 0.026000 0.142857
0 0.793000 0.357143 0.042000 0.244898
2 0.848000 0.382653 0.032000 0.010204
0 0.936000 0.352041 0.048000 0.438776
3 0.762000 0.311224 0.004000 0.418367
3 0.975000 0.403061 0.006000 0.581633