3 0.187000 0.480114 0.334000 0.005682
1 0.063000 0.281250 0.066000 0.312500
0 0.136000 0.343750 0.044000 0.164773
2 0.219000 0.343750 0.038000 0.096591
0 0.292000 0.443182 0.064000 0.352273
0 0.156000 0.664773 0.060000 0.147727
2 0.430000 0.454545 0.076000 0.113636
3 0.749000 0.423295 0.414000 0.028409
0 0.642000 0.201705 0.064000 0.221591
2 0.719000 0.215909 0.042000 0.011364
1 0.784000 0.184659 0.036000 0.221591
0 0.621000 0.664773 0.058000 0.215909
1 0.662000 0.542614 0.020000 0.096591
2 0.747000 0.661932 0.050000 0.085227
0 0.823000 0.772727 0.058000 0.340909
1 0.872000 0.545455 0.040000 0.113636
3 0.518000 0.417614 0.032000 0.676136
3 0.958000 0.411932 0.040000 0.710227