0 0.084000 0.720745 0.128000 0.260638
1 0.182000 0.853723 0.032000 0.122340
2 0.289000 0.680851 0.142000 0.085106
3 0.677000 0.566489 0.574000 0.143617
1 0.502000 0.340426 0.040000 0.265957
2 0.604000 0.359043 0.116000 0.005319
3 0.773000 0.300532 0.178000 0.069149
1 0.745000 0.138298 0.066000 0.170213
3 0.771000 0.412234 0.186000 0.228723
0 0.757000 0.433511 0.038000 0.122340
2 0.797000 0.428191 0.026000 0.005319
1 0.834000 0.398936 0.028000 0.117021
3 0.458000 0.337766 0.052000 0.345745
3 0.881000 0.239362 0.038000 0.351064
0 0.948000 0.300532 0.060000 0.218085
0 0.731000 0.816489 0.070000 0.250000