3 0.144000 0.480519 0.248000 0.025974
1 0.069000 0.272727 0.038000 0.324675
0 0.081000 0.805195 0.042000 0.246753
1 0.138000 0.649351 0.032000 0.129870
3 0.382000 0.425325 0.128000 0.240260
3 0.588000 0.444805 0.200000 0.006494
1 0.569000 0.201299 0.038000 0.272727
0 0.528000 0.662338 0.036000 0.233766
2 0.570000 0.633117 0.024000 0.019481
1 0.622000 0.646104 0.028000 0.214286
2 0.762000 0.464286 0.044000 0.019481
3 0.919000 0.428571 0.118000 0.025974
1 0.941000 0.266234 0.026000 0.207792
0 0.912000 0.610390 0.040000 0.194805