0 0.048000 0.616740 0.056000 0.202643
1 0.097000 0.731278 0.034000 0.114537
2 0.192000 0.594714 0.044000 0.088106
3 0.621000 0.636564 0.710000 0.030837
1 0.353000 0.407489 0.050000 0.277533
2 0.449000 0.411894 0.042000 0.013216
3 0.655000 0.420705 0.222000 0.022026
1 0.616000 0.218062 0.072000 0.189427
3 0.656000 0.513216 0.260000 0.171806
0 0.627000 0.552863 0.054000 0.110132
2 0.695000 0.555066 0.030000 0.017621
1 0.736000 0.550661 0.016000 0.123348
3 0.292000 0.350220 0.048000 0.409692
3 0.802000 0.332599 0.056000 0.577093
0 0.913000 0.414097 0.070000 0.290749
0 0.494000 0.839207 0.056000 0.233480