3 0.097000 0.466146 0.154000 0.421875
0 0.061000 0.809896 0.034000 0.192708
2 0.113000 0.846354 0.038000 0.026042
1 0.161000 0.851562 0.022000 0.182292
0 0.081000 0.132812 0.046000 0.161458
0 0.249000 0.424479 0.058000 0.203125
2 0.410000 0.460938 0.088000 0.057292
3 0.553000 0.494792 0.102000 0.010417
1 0.526000 0.359375 0.028000 0.218750
1 0.541000 0.666667 0.106000 0.281250
0 0.677000 0.500000 0.046000 0.135417
0 0.771000 0.515625 0.034000 0.145833
2 0.840000 0.513021 0.032000 0.098958
1 0.899000 0.455729 0.038000 0.265625
3 0.743000 0.466146 0.014000 0.296875
3 0.964000 0.479167 0.024000 0.406250