3 0.089000 0.533951 0.122000 0.290123
0 0.040000 0.830247 0.040000 0.092593
2 0.071000 0.817901 0.010000 0.018519
1 0.120000 0.839506 0.044000 0.185185
3 0.065000 0.277778 0.078000 0.111111
3 0.292000 0.472222 0.184000 0.030864
3 0.239000 0.358025 0.026000 0.086420
0 0.218000 0.435185 0.020000 0.043210
2 0.236000 0.435185 0.012000 0.018519
1 0.260000 0.429012 0.024000 0.092593
0 0.274000 0.299383 0.032000 0.043210
0 0.318000 0.376543 0.056000 0.086420
0 0.356000 0.388889 0.032000 0.086420
0 0.305000 0.611111 0.078000 0.111111
3 0.194000 0.503086 0.048000 0.339506
3 0.407000 0.450617 0.026000 0.419753
0 0.457000 0.293210 0.014000 0.166667
3 0.529000 0.410494 0.046000 0.129630
3 0.688000 0.373457 0.128000 0.006173
0 0.668000 0.280864 0.024000 0.154321
0 0.654000 0.503086 0.024000 0.191358
2 0.688000 0.450617 0.008000 0.012346
1 0.714000 0.450617 0.020000 0.098765
3 0.627000 0.422840 0.050000 0.450617
3 0.764000 0.382716 0.044000 0.493827
0 0.810000 0.126543 0.012000 0.129630
3 0.846000 0.336420 0.076000 0.240741
0 0.812000 0.524691 0.028000 0.037037
2 0.839000 0.509259 0.010000 0.018519
1 0.866000 0.512346 0.020000 0.135802
3 0.853000 0.126543 0.042000 0.067901
0 0.920000 0.370370 0.044000 0.111111
0 0.956000 0.447531 0.044000 0.080247
0 0.954000 0.274691 0.012000 0.080247