0 0.089000 0.652778 0.046000 0.305556
2 0.132000 0.523148 0.036000 0.212963
1 0.185000 0.523148 0.022000 0.453704
3 0.037000 0.527778 0.034000 0.629630
3 0.226000 0.555556 0.024000 0.666667
0 0.261000 0.287037 0.026000 0.185185
2 0.295000 0.240741 0.026000 0.148148
1 0.331000 0.217593 0.018000 0.250000
2 0.392000 0.564815 0.044000 0.111111
0 0.534000 0.671296 0.040000 0.324074
2 0.580000 0.564815 0.044000 0.259259
1 0.640000 0.532407 0.024000 0.490741
3 0.473000 0.532407 0.038000 0.675926
3 0.686000 0.537037 0.028000 0.648148
0 0.790000 0.666667 0.040000 0.333333
2 0.828000 0.546296 0.024000 0.222222
1 0.876000 0.550926 0.028000 0.546296
3 0.738000 0.546296 0.028000 0.685185
3 0.920000 0.569444 0.024000 0.675926
0 0.961000 0.277778 0.034000 0.185185