0 0.066000 0.518519 0.060000 0.259259
2 0.122000 0.518519 0.032000 0.111111
1 0.176000 0.486111 0.040000 0.398148
3 0.038000 0.430556 0.036000 0.675926
3 0.213000 0.555556 0.026000 0.685185
0 0.248000 0.231481 0.040000 0.148148
2 0.305000 0.226852 0.046000 0.157407
1 0.348000 0.180556 0.024000 0.157407
2 0.429000 0.611111 0.070000 0.092593
0 0.539000 0.583333 0.050000 0.148148
2 0.603000 0.555556 0.034000 0.129630
1 0.660000 0.532407 0.016000 0.231481
3 0.498000 0.587963 0.012000 0.379630
3 0.691000 0.620370 0.022000 0.500000
0 0.803000 0.509259 0.082000 0.222222
2 0.864000 0.532407 0.036000 0.157407
1 0.908000 0.578704 0.024000 0.231481
3 0.751000 0.587963 0.006000 0.361111
3 0.933000 0.560185 0.018000 0.361111
0 0.960000 0.435185 0.036000 0.111111