3 0.052000 0.540123 0.064000 0.796296
0 0.134000 0.530864 0.056000 0.172840
0 0.205000 0.388889 0.066000 0.111111
0 0.280000 0.413580 0.068000 0.283951
0 0.336000 0.500000 0.032000 0.111111
2 0.414000 0.484568 0.036000 0.030864
3 0.595000 0.361111 0.226000 0.006173
0 0.486000 0.250000 0.032000 0.104938
0 0.529000 0.172840 0.018000 0.074074
2 0.560000 0.132716 0.012000 0.055556
1 0.586000 0.129630 0.020000 0.086420
0 0.556000 0.475309 0.068000 0.148148
2 0.622000 0.518519 0.036000 0.123457
1 0.684000 0.512346 0.032000 0.135802
2 0.765000 0.364198 0.030000 0.160494
0 0.908000 0.271605 0.136000 0.419753