0 0.123000 0.574468 0.066000 0.695035
2 0.204000 0.386525 0.048000 0.021277
1 0.288000 0.414894 0.052000 0.248227
3 0.040000 0.390071 0.040000 0.624113
3 0.368000 0.475177 0.044000 0.808511
0 0.478000 0.670213 0.060000 0.503546
2 0.563000 0.496454 0.054000 0.198582
1 0.628000 0.475177 0.028000 0.241135
3 0.439000 0.436170 0.046000 0.631206
3 0.664000 0.503546 0.032000 0.680851
2 0.718000 0.531915 0.028000 0.170213
0 0.780000 0.624113 0.044000 0.439716
2 0.842000 0.531915 0.032000 0.113475
1 0.888000 0.531915 0.032000 0.170213
3 0.749000 0.602837 0.030000 0.468085
3 0.913000 0.553191 0.014000 0.382979
2 0.953000 0.585106 0.018000 0.063830
1 0.970000 0.578014 0.016000 0.106383