3 0.204000 0.490431 0.368000 0.014354
1 0.063000 0.217703 0.078000 0.320574
0 0.151000 0.303828 0.062000 0.167464
2 0.252000 0.236842 0.072000 0.157895
0 0.344000 0.366029 0.072000 0.282297
0 0.190000 0.631579 0.064000 0.133971
2 0.441000 0.495215 0.054000 0.062201
3 0.738000 0.468900 0.364000 0.038278
0 0.611000 0.291866 0.070000 0.267943
1 0.787000 0.279904 0.070000 0.253589
0 0.624000 0.710526 0.064000 0.177033
1 0.676000 0.610048 0.020000 0.081340
2 0.740000 0.710526 0.036000 0.081340
0 0.809000 0.784689 0.074000 0.325359
1 0.869000 0.619617 0.022000 0.090909
3 0.539000 0.502392 0.038000 0.813397
3 0.941000 0.490431 0.074000 0.885167