3 0.498000 0.631250 0.956000 0.032500
0 0.316000 0.358750 0.092000 0.177500
3 0.206000 0.327500 0.004000 0.355000
3 0.416000 0.323750 0.012000 0.327500
2 0.495000 0.322500 0.074000 0.005000
0 0.706000 0.305000 0.096000 0.285000
3 0.599000 0.310000 0.010000 0.325000
3 0.759000 0.313750 0.002000 0.412500
3 0.114000 0.331250 0.084000 0.437500
3 0.813000 0.297500 0.086000 0.460000
1 0.853000 0.070000 0.070000 0.090000
0 0.340000 0.876250 0.104000 0.152500
2 0.469000 0.853750 0.090000 0.002500
0 0.628000 0.851250 0.108000 0.227500
3 0.230000 0.832500 0.028000 0.275000