3 0.293000 0.500000 0.546000 0.888889
3 0.150000 0.536111 0.044000 0.016667
1 0.145000 0.375000 0.022000 0.172222
0 0.142000 0.680556 0.024000 0.105556
3 0.264000 0.491667 0.152000 0.427778
0 0.229000 0.783333 0.034000 0.133333
2 0.272000 0.813889 0.044000 0.050000
1 0.314000 0.800000 0.020000 0.100000
0 0.280000 0.180556 0.020000 0.083333
0 0.413000 0.502778 0.030000 0.116667
0 0.452000 0.572222 0.024000 0.100000
3 0.381000 0.491667 0.030000 0.327778
3 0.488000 0.497222 0.028000 0.350000
1 0.508000 0.275000 0.024000 0.094444
3 0.630000 0.433333 0.048000 0.233333
1 0.706000 0.355556 0.020000 0.133333
0 0.710000 0.575000 0.020000 0.116667
3 0.822000 0.411111 0.104000 0.344444
0 0.794000 0.666667 0.028000 0.088889
2 0.826000 0.680556 0.028000 0.016667
1 0.858000 0.666667 0.012000 0.088889
0 0.826000 0.169444 0.020000 0.061111
0 0.933000 0.411111 0.038000 0.133333
0 0.965000 0.488889 0.026000 0.100000