3 0.179000 0.470238 0.202000 0.392857
0 0.056000 0.836310 0.072000 0.172619
3 0.140000 0.821429 0.060000 0.059524
3 0.237000 0.854167 0.082000 0.172619
3 0.572000 0.520833 0.488000 0.017857
0 0.490000 0.366071 0.100000 0.196429
3 0.588000 0.261905 0.016000 0.404762
3 0.501000 0.720238 0.290000 0.273810
1 0.414000 0.738095 0.036000 0.250000
3 0.500000 0.779762 0.092000 0.154762
0 0.593000 0.782738 0.046000 0.113095
3 0.743000 0.779762 0.078000 0.035714
0 0.730000 0.654762 0.044000 0.107143
0 0.734000 0.875000 0.036000 0.130952
3 0.695000 0.747024 0.026000 0.339286
3 0.809000 0.755952 0.018000 0.357143
2 0.870000 0.538690 0.040000 0.053571
1 0.948000 0.556548 0.060000 0.517857