3 0.183000 0.473822 0.226000 0.047120
1 0.069000 0.282723 0.042000 0.198953
2 0.140000 0.290576 0.064000 0.089005
0 0.217000 0.314136 0.042000 0.146597
1 0.272000 0.191099 0.044000 0.089005
1 0.093000 0.615183 0.022000 0.130890
2 0.144000 0.612565 0.028000 0.062827
0 0.216000 0.709424 0.068000 0.246073
1 0.263000 0.604712 0.042000 0.078534
3 0.034000 0.426702 0.028000 0.549738
3 0.323000 0.431937 0.042000 0.633508
0 0.350000 0.096859 0.032000 0.089005
3 0.382000 0.450262 0.032000 0.083770
1 0.422000 0.484293 0.056000 0.287958
0 0.468000 0.314136 0.028000 0.115183
3 0.451000 0.308901 0.006000 0.104712
3 0.487000 0.319372 0.010000 0.125654
1 0.538000 0.520942 0.032000 0.308901
2 0.594000 0.544503 0.048000 0.115183
0 0.700000 0.638743 0.052000 0.157068
2 0.756000 0.607330 0.028000 0.010471
0 0.812000 0.743455 0.052000 0.397906
3 0.657000 0.536649 0.022000 0.319372
3 0.845000 0.552356 0.022000 0.256545
1 0.862000 0.382199 0.020000 0.062827
3 0.507000 0.507853 0.066000 0.586387
3 0.908000 0.570681 0.020000 0.649215
0 0.949000 0.170157 0.022000 0.109948
3 0.923000 0.198953 0.002000 0.157068
3 0.975000 0.193717 0.006000 0.125654