3 0.380000 0.558411 0.708000 0.126168
0 0.096000 0.299065 0.064000 0.214953
2 0.180000 0.282710 0.060000 0.116822
1 0.274000 0.242991 0.080000 0.261682
3 0.032000 0.238318 0.024000 0.355140
3 0.336000 0.247664 0.036000 0.401869
0 0.488000 0.336449 0.056000 0.186916
2 0.558000 0.348131 0.076000 0.014019
1 0.648000 0.292056 0.052000 0.313084
3 0.447000 0.271028 0.018000 0.383178
3 0.697000 0.313084 0.018000 0.420561
1 0.197000 0.785047 0.066000 0.242991
0 0.327000 0.864486 0.066000 0.140187
2 0.419000 0.850467 0.066000 0.018692
1 0.512000 0.773364 0.056000 0.285047
3 0.288000 0.801402 0.032000 0.275701
3 0.575000 0.808411 0.022000 0.280374
3 0.806000 0.551402 0.080000 0.271028
1 0.941000 0.567757 0.074000 0.387850