3 0.239000 0.602410 0.438000 0.012048
0 0.083000 0.346386 0.058000 0.307229
2 0.166000 0.415663 0.052000 0.144578
3 0.327000 0.295181 0.278000 0.469880
1 0.256000 0.313253 0.036000 0.277108
1 0.316000 0.316265 0.056000 0.283133
1 0.383000 0.319277 0.042000 0.337349
0 0.093000 0.843373 0.054000 0.144578
1 0.253000 0.789157 0.026000 0.192771
1 0.305000 0.804217 0.034000 0.222892
1 0.354000 0.816265 0.024000 0.246988
2 0.545000 0.590361 0.078000 0.096386
0 0.681000 0.554217 0.066000 0.542169
0 0.807000 0.521084 0.042000 0.126506
3 0.849000 0.614458 0.002000 0.108434
0 0.912000 0.442771 0.040000 0.283133
3 0.756000 0.493976 0.032000 0.277108
3 0.971000 0.466867 0.014000 0.331325