1 0.259000 0.360190 0.058000 0.303318
0 0.332000 0.421801 0.040000 0.151659
2 0.447000 0.348341 0.050000 0.014218
3 0.747000 0.431280 0.462000 0.085308
1 0.626000 0.201422 0.064000 0.308057
0 0.885000 0.270142 0.058000 0.151659
1 0.562000 0.658768 0.024000 0.255924
1 0.827000 0.625592 0.038000 0.094787
0 0.890000 0.748815 0.044000 0.170616
0 0.138000 0.502370 0.056000 0.274882
0 0.806000 0.324645 0.044000 0.241706
0 0.786000 0.824645 0.048000 0.255924
0 0.754000 0.189573 0.064000 0.265403
0 0.714000 0.665877 0.060000 0.270142
0 0.062000 0.322275 0.084000 0.369668