3 0.086000 0.331250 0.096000 0.537500
0 0.036000 0.856250 0.032000 0.075000
3 0.085000 0.846875 0.034000 0.068750
3 0.141000 0.865625 0.054000 0.106250
0 0.256000 0.521875 0.032000 0.093750
0 0.276000 0.584375 0.016000 0.056250
2 0.340000 0.500000 0.056000 0.250000
0 0.398000 0.640625 0.044000 0.243750
0 0.440000 0.596875 0.020000 0.043750
3 0.225000 0.475000 0.062000 0.487500
3 0.495000 0.512500 0.022000 0.462500
2 0.541000 0.528125 0.042000 0.043750
0 0.628000 0.618750 0.104000 0.487500
1 0.704000 0.796875 0.024000 0.093750
2 0.776000 0.668750 0.088000 0.525000
0 0.877000 0.609375 0.138000 0.356250
1 0.963000 0.806250 0.030000 0.112500