3 0.064000 0.517964 0.088000 0.652695
1 0.047000 0.889222 0.014000 0.101796
1 0.102000 0.110778 0.020000 0.101796
3 0.126000 0.505988 0.088000 0.640719
1 0.122000 0.880240 0.024000 0.095808
1 0.181000 0.110778 0.022000 0.101796
1 0.191000 0.520958 0.042000 0.203593
0 0.265000 0.535928 0.026000 0.185629
0 0.297000 0.574850 0.022000 0.083832
0 0.344000 0.523952 0.028000 0.209581
0 0.378000 0.616766 0.032000 0.215569
2 0.445000 0.559880 0.042000 0.041916
1 0.496000 0.532934 0.032000 0.179641
1 0.580000 0.532934 0.024000 0.119760
2 0.611000 0.535928 0.022000 0.005988
1 0.641000 0.547904 0.022000 0.149701
3 0.554000 0.526946 0.016000 0.203593
3 0.660000 0.532934 0.020000 0.239521
1 0.721000 0.526946 0.034000 0.143713
2 0.763000 0.526946 0.026000 0.011976
1 0.801000 0.526946 0.030000 0.167665
3 0.699000 0.523952 0.014000 0.221557
3 0.829000 0.532934 0.014000 0.251497
2 0.877000 0.523952 0.034000 0.065868
1 0.921000 0.508982 0.022000 0.179641
1 0.959000 0.514970 0.038000 0.167665