1 0.237000 0.391061 0.050000 0.290503
0 0.343000 0.441341 0.058000 0.268156
2 0.462000 0.444134 0.056000 0.072626
3 0.756000 0.432961 0.444000 0.039106
1 0.588000 0.192737 0.040000 0.273743
0 0.890000 0.223464 0.052000 0.167598
1 0.599000 0.645251 0.042000 0.329609
1 0.856000 0.508380 0.028000 0.089385
0 0.944000 0.675978 0.064000 0.167598
0 0.051000 0.354749 0.062000 0.463687
0 0.703000 0.181564 0.058000 0.229050
0 0.744000 0.625698 0.060000 0.234637
0 0.128000 0.583799 0.064000 0.385475
0 0.794000 0.304469 0.060000 0.262570
0 0.832000 0.782123 0.096000 0.312849