3 0.087000 0.612000 0.134000 0.264000
1 0.161000 0.292000 0.038000 0.168000
0 0.212000 0.692000 0.052000 0.440000
2 0.281000 0.452000 0.046000 0.088000
3 0.356000 0.420000 0.044000 0.024000
1 0.353000 0.192000 0.022000 0.224000
1 0.365000 0.644000 0.026000 0.232000
3 0.498000 0.464000 0.088000 0.224000
1 0.578000 0.352000 0.036000 0.240000
0 0.622000 0.564000 0.056000 0.408000
2 0.691000 0.428000 0.034000 0.200000
1 0.758000 0.428000 0.036000 0.280000
3 0.853000 0.428000 0.106000 0.200000
0 0.937000 0.524000 0.050000 0.424000
3 0.422000 0.428000 0.020000 0.424000
3 0.972000 0.364000 0.012000 0.456000