3 0.107000 0.641361 0.174000 0.026178
1 0.090000 0.413613 0.072000 0.272251
0 0.074000 0.895288 0.044000 0.094241
1 0.123000 0.774869 0.050000 0.167539
3 0.303000 0.589005 0.078000 0.183246
3 0.534000 0.570681 0.248000 0.073298
1 0.544000 0.311518 0.064000 0.319372
0 0.486000 0.748691 0.052000 0.146597
2 0.543000 0.740838 0.030000 0.005236
1 0.613000 0.670157 0.058000 0.293194
2 0.710000 0.515707 0.040000 0.015707
3 0.887000 0.526178 0.182000 0.036649
1 0.861000 0.209424 0.086000 0.314136
0 0.851000 0.670157 0.038000 0.136126