0 0.054000 0.711382 0.068000 0.414634
0 0.181000 0.560976 0.038000 0.130081
3 0.193000 0.642276 0.006000 0.065041
0 0.219000 0.699187 0.046000 0.390244
3 0.135000 0.528455 0.038000 0.439024
3 0.271000 0.459350 0.018000 0.365854
2 0.319000 0.528455 0.026000 0.048780
3 0.469000 0.353659 0.222000 0.544715
1 0.381000 0.341463 0.038000 0.130081
0 0.442000 0.536585 0.040000 0.146341
2 0.492000 0.548780 0.020000 0.008130
0 0.542000 0.626016 0.048000 0.276423
2 0.685000 0.495935 0.030000 0.146341
3 0.853000 0.467480 0.250000 0.707317
0 0.835000 0.560976 0.034000 0.178862
2 0.872000 0.589431 0.016000 0.073171
0 0.903000 0.666667 0.034000 0.292683
3 0.790000 0.548780 0.008000 0.300813
3 0.956000 0.565041 0.008000 0.300813