3 0.097000 0.399194 0.154000 0.588710
0 0.034000 0.850806 0.024000 0.104839
3 0.087000 0.875000 0.054000 0.088710
3 0.153000 0.879032 0.062000 0.080645
0 0.253000 0.487903 0.042000 0.620968
0 0.342000 0.487903 0.048000 0.266129
0 0.380000 0.616935 0.016000 0.104839
3 0.298000 0.471774 0.024000 0.427419
3 0.419000 0.479839 0.014000 0.475806
2 0.491000 0.483871 0.050000 0.080645
0 0.572000 0.431452 0.044000 0.620968
3 0.740000 0.383065 0.132000 0.427419
0 0.692000 0.725806 0.016000 0.080645
3 0.733000 0.737903 0.034000 0.072581
3 0.796000 0.741935 0.052000 0.080645
0 0.879000 0.399194 0.062000 0.330645
0 0.922000 0.544355 0.016000 0.088710
3 0.640000 0.411290 0.036000 0.596774
3 0.964000 0.427419 0.028000 0.693548