0 0.056000 0.457831 0.072000 0.674699
0 0.122000 0.680723 0.048000 0.397590
2 0.207000 0.536145 0.030000 0.108434
3 0.285000 0.524096 0.046000 0.012048
1 0.292000 0.319277 0.016000 0.180723
1 0.285000 0.740964 0.022000 0.132530
0 0.371000 0.602410 0.078000 0.168675
1 0.420000 0.716867 0.024000 0.132530
0 0.487000 0.566265 0.062000 0.144578
1 0.516000 0.746988 0.024000 0.144578
1 0.544000 0.421687 0.032000 0.144578
2 0.620000 0.626506 0.040000 0.144578
3 0.704000 0.506024 0.044000 0.024096
1 0.712000 0.271084 0.016000 0.204819
1 0.717000 0.777108 0.030000 0.156627
0 0.809000 0.668675 0.078000 0.228916
1 0.871000 0.759036 0.026000 0.168675
0 0.935000 0.650602 0.050000 0.192771
1 0.962000 0.807229 0.020000 0.144578
1 0.967000 0.481928 0.018000 0.120482