0 0.051000 0.496454 0.062000 0.851064
0 0.129000 0.567376 0.030000 0.141844
3 0.105000 0.567376 0.022000 0.340426
3 0.174000 0.570922 0.020000 0.375887
0 0.268000 0.450355 0.072000 0.503546
0 0.361000 0.553191 0.030000 0.170213
3 0.329000 0.567376 0.002000 0.283688
3 0.389000 0.556738 0.014000 0.304965
2 0.445000 0.507092 0.026000 0.035461
0 0.557000 0.560284 0.038000 0.184397
2 0.588000 0.574468 0.028000 0.141844
1 0.656000 0.489362 0.048000 0.382979
3 0.517000 0.475177 0.030000 0.496454
3 0.702000 0.464539 0.044000 0.503546
1 0.773000 0.446809 0.034000 0.340426
0 0.820000 0.500000 0.032000 0.163121
2 0.862000 0.464539 0.028000 0.007092
1 0.927000 0.404255 0.046000 0.382979
3 0.747000 0.475177 0.026000 0.553191
3 0.964000 0.372340 0.028000 0.560284