3 0.139000 0.557432 0.210000 0.020270
1 0.051000 0.351351 0.026000 0.202703
2 0.108000 0.375000 0.028000 0.074324
0 0.167000 0.391892 0.034000 0.121622
1 0.211000 0.287162 0.030000 0.087838
1 0.074000 0.733108 0.028000 0.141892
2 0.126000 0.739865 0.020000 0.074324
0 0.186000 0.814189 0.044000 0.236486
1 0.217000 0.675676 0.014000 0.067568
3 0.033000 0.500000 0.026000 0.581081
3 0.277000 0.489865 0.070000 0.655405
0 0.329000 0.108108 0.018000 0.081081
3 0.410000 0.533784 0.032000 0.148649
1 0.492000 0.537162 0.048000 0.182432
0 0.523000 0.347973 0.030000 0.087838
3 0.507000 0.347973 0.002000 0.101351
3 0.557000 0.351351 0.006000 0.094595
1 0.639000 0.543919 0.030000 0.155405
2 0.691000 0.564189 0.026000 0.101351
0 0.761000 0.527027 0.022000 0.094595
2 0.805000 0.530405 0.018000 0.006757
0 0.836000 0.628378 0.020000 0.283784
3 0.737000 0.527027 0.018000 0.256757
3 0.860000 0.486486 0.024000 0.229730
1 0.890000 0.347973 0.024000 0.074324
3 0.605000 0.557432 0.022000 0.425676
3 0.928000 0.510135 0.028000 0.574324
0 0.953000 0.185811 0.026000 0.087838
3 0.937000 0.179054 0.018000 0.155405
3 0.974000 0.182432 0.004000 0.094595