3 0.141000 0.683486 0.242000 0.302752
3 0.335000 0.665138 0.114000 0.027523
3 0.324000 0.518349 0.080000 0.211009
1 0.348000 0.807339 0.064000 0.165138
2 0.442000 0.605505 0.052000 0.146789
3 0.564000 0.646789 0.156000 0.229358
3 0.701000 0.577982 0.106000 0.036697
3 0.709000 0.426606 0.074000 0.211009
1 0.717000 0.784404 0.058000 0.229358
2 0.798000 0.527523 0.044000 0.100917
3 0.906000 0.536697 0.132000 0.100917
3 0.911000 0.279817 0.134000 0.376147
1 0.936000 0.325688 0.044000 0.247706
1 0.915000 0.711009 0.050000 0.174312