3 0.060000 0.468750 0.080000 0.812500
1 0.099000 0.891827 0.018000 0.110577
3 0.120000 0.064904 0.048000 0.033654
3 0.262000 0.427885 0.212000 0.490385
0 0.283000 0.507212 0.058000 0.206731
0 0.431000 0.492788 0.050000 0.158654
2 0.457000 0.372596 0.026000 0.004808
0 0.490000 0.360577 0.028000 0.096154
0 0.578000 0.406250 0.056000 0.379808
0 0.629000 0.495192 0.034000 0.163462
2 0.678000 0.463942 0.028000 0.033654
1 0.770000 0.298077 0.020000 0.336538
1 0.781000 0.668269 0.034000 0.250000
3 0.890000 0.447115 0.176000 0.394231
3 0.906000 0.495192 0.084000 0.240385