0 0.050000 0.612150 0.060000 0.570093
0 0.136000 0.411215 0.036000 0.242991
0 0.233000 0.500000 0.082000 0.383178
3 0.105000 0.406542 0.026000 0.457944
3 0.277000 0.359813 0.022000 0.514019
2 0.332000 0.425234 0.036000 0.102804
3 0.500000 0.383178 0.252000 0.560748
1 0.392000 0.214953 0.028000 0.130841
0 0.460000 0.420561 0.048000 0.205607
2 0.527000 0.425234 0.038000 0.009346
0 0.596000 0.500000 0.068000 0.327103
2 0.691000 0.392523 0.038000 0.168224
3 0.852000 0.355140 0.252000 0.523364
0 0.821000 0.373832 0.034000 0.224299
2 0.872000 0.397196 0.032000 0.140187
0 0.934000 0.443925 0.052000 0.364486
3 0.791000 0.397196 0.002000 0.383178
3 0.973000 0.378505 0.006000 0.383178