3 0.499000 0.636637 0.958000 0.042042
1 0.083000 0.148649 0.054000 0.237237
1 0.105000 0.423423 0.090000 0.150150
3 0.439000 0.289790 0.106000 0.009009
1 0.424000 0.139640 0.052000 0.201201
1 0.454000 0.429429 0.072000 0.132132
2 0.606000 0.300300 0.096000 0.138138
1 0.805000 0.124625 0.062000 0.189189
1 0.910000 0.136637 0.096000 0.195195
1 0.840000 0.429429 0.052000 0.168168
1 0.313000 0.866366 0.070000 0.159159
1 0.432000 0.875375 0.116000 0.153153
2 0.540000 0.870871 0.072000 0.120120
1 0.660000 0.875375 0.056000 0.183183