0 0.045000 0.500000 0.050000 0.831933
0 0.140000 0.537815 0.044000 0.218487
3 0.180000 0.655462 0.012000 0.201681
0 0.212000 0.638655 0.032000 0.403361
3 0.113000 0.449580 0.030000 0.512605
3 0.245000 0.386555 0.018000 0.436975
2 0.311000 0.470588 0.030000 0.084034
0 0.391000 0.457983 0.050000 0.647059
1 0.416000 0.714286 0.020000 0.134454
0 0.505000 0.550420 0.034000 0.142857
0 0.553000 0.638655 0.030000 0.319328
3 0.472000 0.474790 0.020000 0.361345
3 0.598000 0.457983 0.024000 0.411765
2 0.676000 0.500000 0.028000 0.142857
0 0.746000 0.474790 0.052000 0.697479
1 0.797000 0.697479 0.010000 0.201681
3 0.912000 0.424370 0.060000 0.008403
0 0.905000 0.298319 0.034000 0.142857
0 0.910000 0.710084 0.028000 0.260504
3 0.858000 0.512605 0.032000 0.739496
3 0.965000 0.470588 0.026000 0.672269