3 0.052000 0.517094 0.060000 0.578348
1 0.039000 0.915954 0.038000 0.111111
1 0.062000 0.092593 0.028000 0.128205
3 0.174000 0.515670 0.084000 0.586895
1 0.152000 0.907407 0.044000 0.094017
1 0.207000 0.099715 0.030000 0.108262
0 0.323000 0.517094 0.102000 0.168091
1 0.389000 0.353276 0.034000 0.079772
0 0.439000 0.588319 0.094000 0.299145
1 0.506000 0.347578 0.040000 0.091168
0 0.602000 0.451567 0.108000 0.287749
0 0.723000 0.511396 0.126000 0.168091
0 0.856000 0.480057 0.072000 0.236467
0 0.931000 0.618234 0.094000 0.273504