0 0.036000 0.625000 0.032000 0.416667
0 0.125000 0.595238 0.042000 0.309524
3 0.173000 0.744048 0.002000 0.273810
0 0.247000 0.583333 0.054000 0.476190
3 0.086000 0.476190 0.024000 0.476190
3 0.299000 0.553571 0.018000 0.464286
2 0.360000 0.583333 0.052000 0.095238
3 0.552000 0.452381 0.276000 0.666667
1 0.425000 0.267857 0.030000 0.250000
0 0.524000 0.577381 0.036000 0.250000
2 0.583000 0.583333 0.070000 0.047619
0 0.646000 0.654762 0.028000 0.261905
2 0.729000 0.571429 0.030000 0.142857
3 0.871000 0.470238 0.214000 0.416667
0 0.836000 0.601190 0.020000 0.178571
2 0.885000 0.601190 0.034000 0.130952
0 0.909000 0.630952 0.030000 0.261905
3 0.815000 0.541667 0.002000 0.178571
3 0.952000 0.607143 0.004000 0.309524