0 0.095000 0.591772 0.042000 0.094937
2 0.155000 0.579114 0.034000 0.094937
0 0.209000 0.474684 0.022000 0.265823
3 0.087000 0.674051 0.134000 0.525316
3 0.268000 0.588608 0.048000 0.632911
1 0.290000 0.113924 0.024000 0.101266
2 0.368000 0.528481 0.036000 0.069620
0 0.453000 0.560127 0.062000 0.196203
1 0.498000 0.180380 0.036000 0.120253
2 0.578000 0.591772 0.076000 0.158228
0 0.654000 0.439873 0.040000 0.310127
1 0.688000 0.167722 0.044000 0.120253
2 0.746000 0.446203 0.060000 0.132911
1 0.828000 0.382911 0.052000 0.360759
0 0.875000 0.477848 0.026000 0.069620
0 0.953000 0.310127 0.050000 0.341772