0 0.051000 0.504505 0.062000 0.756757
0 0.148000 0.689189 0.036000 0.225225
3 0.116000 0.531532 0.048000 0.756757
3 0.206000 0.518018 0.040000 0.729730
2 0.267000 0.572072 0.034000 0.063063
3 0.360000 0.563063 0.100000 0.009009
1 0.360000 0.292793 0.028000 0.405405
0 0.362000 0.756757 0.032000 0.180180
2 0.458000 0.563063 0.032000 0.117117
1 0.562000 0.310811 0.032000 0.423423
0 0.547000 0.783784 0.034000 0.162162
1 0.580000 0.666667 0.028000 0.144144
2 0.661000 0.549550 0.042000 0.126126
0 0.780000 0.522523 0.100000 0.684685
0 0.903000 0.603604 0.046000 0.216216
3 0.862000 0.522523 0.024000 0.630631
3 0.959000 0.540541 0.038000 0.684685