0 0.052000 0.430693 0.064000 0.663366
0 0.124000 0.549505 0.044000 0.168317
3 0.155000 0.673267 0.002000 0.059406
0 0.200000 0.673267 0.052000 0.415842
3 0.223000 0.678218 0.002000 0.089109
0 0.250000 0.524752 0.024000 0.138614
3 0.098000 0.430693 0.028000 0.584158
3 0.279000 0.450495 0.022000 0.623762
2 0.321000 0.475248 0.042000 0.039604
0 0.388000 0.405941 0.052000 0.495050
0 0.460000 0.500000 0.032000 0.168317
3 0.482000 0.599010 0.004000 0.049505
0 0.517000 0.663366 0.042000 0.455446
3 0.447000 0.430693 0.030000 0.544554
3 0.553000 0.420792 0.018000 0.584158
2 0.596000 0.485149 0.028000 0.138614
0 0.654000 0.435644 0.036000 0.534653
0 0.721000 0.673267 0.054000 0.455446
3 0.739000 0.658416 0.002000 0.089109
0 0.777000 0.509901 0.026000 0.148515
3 0.690000 0.465347 0.024000 0.534653
3 0.807000 0.450495 0.022000 0.524752
2 0.854000 0.470297 0.032000 0.128713
1 0.911000 0.405941 0.042000 0.435644
1 0.960000 0.405941 0.036000 0.475248