3 0.056000 0.537946 0.072000 0.558036
0 0.049000 0.915179 0.034000 0.080357
0 0.117000 0.129464 0.050000 0.169643
0 0.127000 0.571429 0.046000 0.330357
0 0.198000 0.584821 0.028000 0.053571
3 0.185000 0.558036 0.042000 0.142857
3 0.248000 0.566964 0.032000 0.178571
0 0.308000 0.535714 0.052000 0.160714
0 0.335000 0.573661 0.026000 0.066964
2 0.408000 0.582589 0.040000 0.040179
0 0.495000 0.508929 0.082000 0.241071
0 0.588000 0.555804 0.064000 0.138393
3 0.556000 0.540179 0.056000 0.205357
3 0.637000 0.549107 0.026000 0.232143
2 0.700000 0.564732 0.040000 0.013393
0 0.798000 0.531250 0.068000 0.205357
0 0.908000 0.613839 0.044000 0.066964
3 0.866000 0.580357 0.060000 0.160714
3 0.960000 0.609375 0.036000 0.227679