0 0.042000 0.666667 0.044000 0.142857
0 0.134000 0.541667 0.008000 0.226190
2 0.158000 0.577381 0.016000 0.011905
0 0.192000 0.601190 0.020000 0.154762
3 0.107000 0.589286 0.026000 0.440476
3 0.219000 0.505952 0.018000 0.511905
3 0.299000 0.488095 0.030000 0.190476
3 0.381000 0.547619 0.046000 0.619048
0 0.409000 0.803571 0.018000 0.130952
0 0.422000 0.226190 0.024000 0.214286
0 0.508000 0.458333 0.036000 0.488095
0 0.566000 0.607143 0.016000 0.142857
3 0.549000 0.470238 0.014000 0.440476
3 0.583000 0.470238 0.018000 0.535714
0 0.623000 0.517857 0.030000 0.345238
0 0.656000 0.595238 0.020000 0.142857
3 0.736000 0.529762 0.032000 0.178571
0 0.803000 0.559524 0.062000 0.452381
0 0.886000 0.589286 0.012000 0.321429
2 0.914000 0.636905 0.016000 0.011905
0 0.947000 0.648810 0.030000 0.154762
3 0.865000 0.559524 0.006000 0.452381
3 0.972000 0.541667 0.012000 0.464286