1 0.106000 0.545455 0.028000 0.418182
1 0.140000 0.545455 0.040000 0.345455
1 0.296000 0.540909 0.064000 0.463636
0 0.363000 0.631818 0.042000 0.263636
1 0.397000 0.354545 0.034000 0.163636
2 0.484000 0.622727 0.052000 0.190909
1 0.581000 0.468182 0.046000 0.372727
1 0.633000 0.500000 0.042000 0.400000
0 0.716000 0.468182 0.040000 0.409091
1 0.733000 0.168182 0.026000 0.154545
3 0.224000 0.554545 0.044000 0.690909
3 0.783000 0.490909 0.022000 0.636364
2 0.861000 0.513636 0.038000 0.100000
1 0.956000 0.413636 0.044000 0.390909