3 0.073000 0.517350 0.106000 0.593060
1 0.053000 0.916404 0.030000 0.104101
1 0.116000 0.094637 0.032000 0.126183
0 0.255000 0.425868 0.102000 0.189274
1 0.327000 0.276025 0.054000 0.078864
0 0.193000 0.701893 0.082000 0.129338
0 0.223000 0.599369 0.034000 0.037855
1 0.360000 0.692429 0.044000 0.154574
0 0.495000 0.501577 0.050000 0.214511
0 0.574000 0.534700 0.084000 0.129338
2 0.685000 0.541009 0.086000 0.047319
3 0.860000 0.547319 0.204000 0.003155
3 0.863000 0.384858 0.090000 0.151420
1 0.954000 0.247634 0.048000 0.129338
1 0.834000 0.684543 0.056000 0.195584
1 0.920000 0.675079 0.092000 0.145110