0 0.050000 0.491150 0.060000 0.769912
0 0.166000 0.579646 0.076000 0.274336
3 0.212000 0.738938 0.012000 0.150442
0 0.262000 0.663717 0.052000 0.477876
3 0.110000 0.464602 0.028000 0.628319
3 0.311000 0.420354 0.022000 0.575221
2 0.372000 0.469027 0.056000 0.106195
0 0.445000 0.429204 0.038000 0.575221
1 0.467000 0.707965 0.026000 0.194690
0 0.547000 0.504425 0.050000 0.247788
0 0.597000 0.650442 0.058000 0.504425
3 0.506000 0.433628 0.020000 0.566372
3 0.642000 0.389381 0.024000 0.477876
2 0.705000 0.380531 0.050000 0.141593
0 0.773000 0.393805 0.038000 0.486726
1 0.791000 0.646018 0.034000 0.176991
0 0.900000 0.221239 0.040000 0.176991
0 0.911000 0.707965 0.054000 0.389381
3 0.849000 0.415929 0.038000 0.654867
3 0.962000 0.345133 0.032000 0.513274