0 0.044000 0.572115 0.048000 0.451923
0 0.143000 0.418269 0.026000 0.163462
3 0.181000 0.528846 0.006000 0.115385
0 0.214000 0.625000 0.056000 0.557692
3 0.103000 0.399038 0.026000 0.336538
3 0.256000 0.365385 0.020000 0.403846
2 0.302000 0.365385 0.024000 0.076923
3 0.461000 0.365385 0.230000 0.480769
1 0.347000 0.197115 0.026000 0.182692
0 0.434000 0.427885 0.028000 0.144231
0 0.543000 0.500000 0.030000 0.307692
2 0.640000 0.341346 0.024000 0.163462
3 0.835000 0.307692 0.286000 0.423077
0 0.818000 0.384615 0.044000 0.269231
2 0.864000 0.418269 0.020000 0.144231
0 0.907000 0.519231 0.034000 0.461538
3 0.943000 0.355769 0.010000 0.250000