3 0.133000 0.354545 0.206000 0.587879
0 0.046000 0.806061 0.052000 0.193939
3 0.132000 0.803030 0.076000 0.103030
3 0.215000 0.818182 0.066000 0.157576
3 0.500000 0.469697 0.448000 0.054545
0 0.366000 0.257576 0.048000 0.200000
3 0.430000 0.245455 0.008000 0.369697
3 0.412000 0.681818 0.240000 0.333333
1 0.360000 0.696970 0.048000 0.218182
3 0.414000 0.654545 0.092000 0.206061
0 0.482000 0.703030 0.036000 0.169697
3 0.638000 0.715152 0.068000 0.036364
0 0.625000 0.606061 0.042000 0.181818
0 0.648000 0.784848 0.056000 0.151515
3 0.581000 0.703030 0.046000 0.412121
3 0.706000 0.678788 0.020000 0.448485
2 0.828000 0.503030 0.044000 0.096970
1 0.932000 0.563636 0.088000 0.739394