3 0.056000 0.537611 0.072000 0.553097
1 0.041000 0.907080 0.026000 0.097345
1 0.082000 0.103982 0.028000 0.119469
3 0.281000 0.535398 0.290000 0.026549
0 0.292000 0.387168 0.072000 0.163717
1 0.333000 0.170354 0.038000 0.119469
0 0.175000 0.710177 0.062000 0.163717
0 0.222000 0.615044 0.040000 0.070796
2 0.287000 0.736726 0.038000 0.013274
1 0.358000 0.701327 0.044000 0.172566
0 0.491000 0.453540 0.062000 0.287611
0 0.566000 0.528761 0.080000 0.163717
2 0.697000 0.504425 0.070000 0.061947
3 0.869000 0.508850 0.158000 0.008850
3 0.872000 0.338496 0.104000 0.181416
1 0.956000 0.192478 0.044000 0.163717
1 0.813000 0.699115 0.034000 0.238938
1 0.910000 0.676991 0.092000 0.238938