0 0.059000 0.592233 0.034000 0.252427
2 0.112000 0.558252 0.032000 0.106796
1 0.160000 0.592233 0.020000 0.368932
3 0.032000 0.616505 0.024000 0.514563
3 0.191000 0.606796 0.026000 0.572816
0 0.237000 0.305825 0.042000 0.106796
2 0.275000 0.300971 0.022000 0.097087
1 0.311000 0.262136 0.018000 0.174757
2 0.366000 0.538835 0.040000 0.067961
0 0.454000 0.587379 0.056000 0.281553
2 0.514000 0.582524 0.032000 0.155340
1 0.580000 0.529126 0.040000 0.378641
3 0.417000 0.524272 0.014000 0.388350
3 0.626000 0.529126 0.032000 0.456311
0 0.711000 0.587379 0.034000 0.262136
2 0.768000 0.553398 0.044000 0.155340
1 0.843000 0.500000 0.038000 0.281553
3 0.677000 0.567961 0.022000 0.533981
3 0.869000 0.548544 0.038000 0.689320
0 0.938000 0.223301 0.076000 0.252427