1 0.046000 0.565789 0.052000 0.342105
0 0.125000 0.664474 0.054000 0.223684
1 0.157000 0.476974 0.038000 0.125000
0 0.234000 0.592105 0.056000 0.328947
1 0.267000 0.440789 0.030000 0.144737
2 0.338000 0.578947 0.044000 0.144737
1 0.420000 0.565789 0.048000 0.355263
0 0.490000 0.680921 0.056000 0.190789
1 0.513000 0.486842 0.026000 0.144737
0 0.585000 0.618421 0.058000 0.355263
1 0.618000 0.434211 0.040000 0.131579
2 0.697000 0.601974 0.054000 0.006579
3 0.869000 0.575658 0.218000 0.019737
0 0.798000 0.414474 0.044000 0.197368
1 0.836000 0.194079 0.036000 0.138158
0 0.905000 0.286184 0.062000 0.388158
1 0.946000 0.167763 0.028000 0.203947
1 0.898000 0.779605 0.076000 0.309211