0 0.094000 0.725000 0.040000 0.150000
2 0.136000 0.700000 0.024000 0.020000
0 0.179000 0.575000 0.018000 0.370000
3 0.028000 0.625000 0.016000 0.550000
3 0.237000 0.420000 0.010000 0.440000
3 0.291000 0.475000 0.042000 0.230000
0 0.465000 0.625000 0.046000 0.210000
2 0.517000 0.595000 0.030000 0.010000
0 0.577000 0.620000 0.030000 0.180000
3 0.404000 0.510000 0.008000 0.660000
3 0.633000 0.360000 0.010000 0.480000
2 0.704000 0.435000 0.040000 0.250000
0 0.787000 0.585000 0.034000 0.210000
0 0.911000 0.540000 0.038000 0.520000
3 0.757000 0.450000 0.010000 0.600000
3 0.968000 0.435000 0.020000 0.670000