3 0.270000 0.479730 0.500000 0.824324
3 0.129000 0.543919 0.050000 0.006757
1 0.120000 0.371622 0.020000 0.175676
0 0.131000 0.692568 0.034000 0.168919
3 0.253000 0.516892 0.118000 0.425676
0 0.231000 0.820946 0.018000 0.182432
2 0.263000 0.854730 0.022000 0.033784
1 0.292000 0.844595 0.016000 0.162162
0 0.240000 0.212838 0.032000 0.087838
0 0.383000 0.540541 0.038000 0.094595
0 0.418000 0.628378 0.020000 0.081081
3 0.344000 0.479730 0.028000 0.256757
3 0.450000 0.520270 0.020000 0.283784
1 0.479000 0.327703 0.030000 0.114865
3 0.561000 0.493243 0.034000 0.175676
1 0.627000 0.361486 0.026000 0.195946
0 0.642000 0.631757 0.044000 0.128378
3 0.772000 0.452703 0.136000 0.391892
0 0.754000 0.797297 0.024000 0.189189
2 0.792000 0.841216 0.036000 0.047297
1 0.842000 0.807432 0.020000 0.195946
0 0.738000 0.138514 0.024000 0.101351
0 0.919000 0.445946 0.066000 0.162162
0 0.968000 0.540541 0.020000 0.108108