0 0.069000 0.444118 0.098000 0.735294
0 0.189000 0.450000 0.058000 0.205882
3 0.154000 0.385294 0.028000 0.464706
3 0.241000 0.423529 0.022000 0.505882
3 0.287000 0.385294 0.002000 0.017647
0 0.334000 0.364706 0.064000 0.611765
0 0.451000 0.597059 0.062000 0.288235
3 0.414000 0.491176 0.060000 0.617647
3 0.501000 0.532353 0.026000 0.488235
2 0.557000 0.470588 0.058000 0.070588
0 0.635000 0.558824 0.034000 0.141176
2 0.670000 0.561765 0.028000 0.123529
1 0.709000 0.538235 0.026000 0.558824
3 0.610000 0.473529 0.032000 0.417647
3 0.740000 0.476471 0.016000 0.411765
1 0.776000 0.676471 0.072000 0.529412
0 0.840000 0.764706 0.040000 0.164706
1 0.928000 0.550000 0.072000 0.394118
3 0.764000 0.517647 0.028000 0.541176
3 0.966000 0.508824 0.024000 0.558824