0 0.097000 0.480645 0.070000 0.251613
3 0.277000 0.500000 0.098000 0.006452
0 0.267000 0.351613 0.066000 0.187097
0 0.284000 0.690323 0.044000 0.258065
3 0.022000 0.503226 0.004000 0.774194
3 0.370000 0.474194 0.004000 0.819355
3 0.494000 0.516129 0.120000 0.322581
3 0.798000 0.529032 0.360000 0.025806
1 0.806000 0.329032 0.036000 0.258065
0 0.660000 0.754839 0.036000 0.245161
0 0.789000 0.825806 0.034000 0.180645
2 0.849000 0.806452 0.042000 0.141935
1 0.921000 0.767742 0.038000 0.258065
3 0.741000 0.777419 0.038000 0.303226
3 0.963000 0.764516 0.014000 0.329032