0 0.047000 0.454918 0.054000 0.254098
0 0.074000 0.618852 0.036000 0.106557
2 0.168000 0.532787 0.056000 0.081967
0 0.251000 0.504098 0.050000 0.237705
0 0.308000 0.639344 0.028000 0.081967
2 0.350000 0.614754 0.020000 0.016393
1 0.394000 0.606557 0.020000 0.163934
3 0.769000 0.446721 0.282000 0.008197
0 0.651000 0.262295 0.058000 0.163934
2 0.724000 0.258197 0.044000 0.024590
0 0.805000 0.245902 0.042000 0.131148
0 0.781000 0.668033 0.066000 0.155738
3 0.563000 0.508197 0.070000 0.819672
3 0.941000 0.397541 0.074000 0.631148