3 0.140000 0.486547 0.224000 0.542601
0 0.040000 0.878924 0.040000 0.107623
3 0.107000 0.905830 0.066000 0.062780
3 0.212000 0.912556 0.100000 0.076233
1 0.357000 0.520179 0.038000 0.385650
2 0.430000 0.542601 0.056000 0.125561
3 0.564000 0.508969 0.068000 0.004484
1 0.561000 0.347534 0.034000 0.183857
0 0.575000 0.665919 0.054000 0.174888
3 0.330000 0.520179 0.048000 0.654709
3 0.645000 0.529148 0.034000 0.735426
0 0.686000 0.109865 0.028000 0.130045
2 0.810000 0.558296 0.064000 0.094170
0 0.938000 0.573991 0.080000 0.170404