3 0.091000 0.447368 0.126000 0.035088
1 0.044000 0.302632 0.028000 0.149123
2 0.089000 0.315789 0.026000 0.105263
0 0.130000 0.328947 0.028000 0.184211
1 0.160000 0.254386 0.032000 0.122807
1 0.059000 0.635965 0.014000 0.114035
2 0.091000 0.649123 0.018000 0.105263
0 0.133000 0.662281 0.034000 0.184211
1 0.173000 0.600877 0.018000 0.149123
3 0.024000 0.456140 0.008000 0.684211
3 0.215000 0.451754 0.026000 0.570175
0 0.236000 0.184211 0.024000 0.192982
3 0.343000 0.482456 0.062000 0.298246
1 0.430000 0.570175 0.040000 0.403509
0 0.499000 0.289474 0.022000 0.210526
3 0.470000 0.276316 0.008000 0.201754
3 0.525000 0.285088 0.002000 0.201754
1 0.626000 0.657895 0.032000 0.263158
2 0.695000 0.657895 0.034000 0.157895
0 0.755000 0.653509 0.034000 0.184211
2 0.787000 0.662281 0.026000 0.008772
0 0.820000 0.688596 0.032000 0.271930
3 0.739000 0.627193 0.026000 0.236842
3 0.854000 0.644737 0.016000 0.254386
1 0.868000 0.482456 0.028000 0.140351
3 0.570000 0.600877 0.036000 0.605263
3 0.909000 0.548246 0.018000 0.429825
0 0.950000 0.254386 0.016000 0.192982
3 0.926000 0.245614 0.004000 0.157895
3 0.975000 0.359649 0.002000 0.350877