3 0.076000 0.421687 0.112000 0.602410
3 0.145000 0.463855 0.006000 0.397590
3 0.177000 0.457831 0.030000 0.289157
3 0.214000 0.421687 0.032000 0.240964
3 0.255000 0.500000 0.038000 0.493976
3 0.293000 0.391566 0.010000 0.373494
3 0.335000 0.457831 0.034000 0.120482
3 0.390000 0.433735 0.008000 0.361446
3 0.442000 0.463855 0.068000 0.373494
3 0.504000 0.451807 0.036000 0.253012
3 0.573000 0.469880 0.054000 0.240964
3 0.614000 0.584337 0.056000 0.590361
3 0.671000 0.481928 0.034000 0.192771
3 0.754000 0.439759 0.052000 0.277108
3 0.810000 0.439759 0.032000 0.204819
3 0.879000 0.445783 0.042000 0.313253
3 0.933000 0.475904 0.026000 0.445783
3 0.954000 0.487952 0.048000 0.590361