3 0.052000 0.465686 0.064000 0.617647
3 0.092000 0.578431 0.028000 0.294118
3 0.144000 0.573529 0.048000 0.245098
3 0.201000 0.544118 0.034000 0.225490
3 0.269000 0.495098 0.058000 0.460784
3 0.317000 0.573529 0.038000 0.323529
3 0.377000 0.544118 0.046000 0.127451
3 0.444000 0.450980 0.044000 0.470588
3 0.513000 0.431373 0.054000 0.490196
3 0.551000 0.230392 0.034000 0.264706
3 0.585000 0.509804 0.058000 0.274510
3 0.639000 0.534314 0.010000 0.362745
3 0.681000 0.465686 0.042000 0.460784
3 0.751000 0.480392 0.054000 0.549020
3 0.798000 0.274510 0.028000 0.156863
3 0.817000 0.568627 0.042000 0.235294
3 0.869000 0.519608 0.034000 0.235294
3 0.906000 0.485294 0.032000 0.441176
3 0.951000 0.544118 0.054000 0.715686