3 0.063000 0.673913 0.086000 0.434783
3 0.384000 0.592391 0.036000 0.010870
3 0.433000 0.565217 0.010000 0.521739
3 0.473000 0.554348 0.046000 0.608696
3 0.523000 0.570652 0.042000 0.445652
3 0.570000 0.304348 0.024000 0.195652
3 0.635000 0.570652 0.046000 0.032609
3 0.746000 0.505435 0.056000 0.597826
3 0.816000 0.570652 0.060000 0.402174
3 0.908000 0.543478 0.044000 0.282609
3 0.976000 0.554348 0.004000 0.608696
3 0.123000 0.282609 0.034000 0.347826
3 0.162000 0.646739 0.040000 0.032609
3 0.240000 0.570652 0.036000 0.576087
3 0.291000 0.625000 0.050000 0.445652
3 0.338000 0.326087 0.028000 0.369565