3 0.139000 0.413194 0.102000 0.465278
3 0.047000 0.871528 0.054000 0.118056
3 0.117000 0.829861 0.066000 0.118056
3 0.192000 0.819444 0.040000 0.138889
3 0.259000 0.791667 0.074000 0.111111
3 0.336000 0.472222 0.048000 0.569444
3 0.376000 0.819444 0.032000 0.125000
3 0.391000 0.166667 0.054000 0.125000
3 0.534000 0.250000 0.140000 0.319444
3 0.660000 0.236111 0.020000 0.263889
3 0.711000 0.236111 0.062000 0.208333
3 0.722000 0.256944 0.064000 0.375000
3 0.612000 0.465278 0.388000 0.027778
3 0.582000 0.715278 0.072000 0.194444
3 0.877000 0.350694 0.082000 0.395833
3 0.952000 0.458333 0.052000 0.222222