3 0.057000 0.549505 0.074000 0.702970
3 0.114000 0.277228 0.040000 0.277228
3 0.154000 0.623762 0.056000 0.257426
3 0.240000 0.534653 0.056000 0.415842
3 0.306000 0.480198 0.052000 0.584158
3 0.362000 0.222772 0.036000 0.247525
3 0.397000 0.529703 0.054000 0.267327
3 0.441000 0.524752 0.014000 0.514851
3 0.494000 0.519802 0.064000 0.425743
3 0.570000 0.480198 0.068000 0.504950
3 0.648000 0.519802 0.040000 0.227723
3 0.739000 0.509901 0.058000 0.425743
3 0.810000 0.504950 0.072000 0.277228
3 0.896000 0.529703 0.016000 0.405941
3 0.951000 0.500000 0.050000 0.306931