3 0.093000 0.294479 0.130000 0.245399
3 0.212000 0.070552 0.048000 0.079755
3 0.304000 0.246933 0.092000 0.009202
3 0.492000 0.248466 0.112000 0.214724
3 0.605000 0.242331 0.090000 0.159509
3 0.772000 0.223926 0.096000 0.134969
3 0.874000 0.230061 0.012000 0.153374
3 0.503000 0.458589 0.950000 0.058282
3 0.104000 0.823620 0.168000 0.291411
3 0.237000 0.590491 0.042000 0.107362
3 0.375000 0.774540 0.118000 0.180982
3 0.534000 0.748466 0.092000 0.239264
3 0.696000 0.756135 0.136000 0.174847
3 0.845000 0.710123 0.054000 0.003067
3 0.948000 0.737730 0.012000 0.211656