3 0.091000 0.511848 0.142000 0.881517
3 0.447000 0.161137 0.006000 0.227488
3 0.440000 0.362559 0.580000 0.061611
3 0.428000 0.668246 0.616000 0.530806
3 0.240000 0.770142 0.080000 0.194313
3 0.304000 0.760664 0.064000 0.146919
3 0.333000 0.623223 0.034000 0.090047
3 0.403000 0.710900 0.058000 0.132701
3 0.480000 0.689573 0.056000 0.355450
3 0.543000 0.744076 0.054000 0.161137
3 0.630000 0.696682 0.052000 0.142180
3 0.705000 0.715640 0.062000 0.180095
3 0.867000 0.300948 0.126000 0.412322
3 0.949000 0.393365 0.058000 0.180095