3 0.043000 0.717172 0.046000 0.323232
3 0.104000 0.449495 0.040000 0.353535
3 0.161000 0.686869 0.034000 0.363636
3 0.238000 0.737374 0.052000 0.303030
3 0.305000 0.651515 0.038000 0.272727
3 0.343000 0.323232 0.034000 0.262626
3 0.399000 0.616162 0.042000 0.282828
3 0.481000 0.601010 0.062000 0.272727
3 0.563000 0.494949 0.046000 0.323232
3 0.621000 0.242424 0.046000 0.161616
3 0.667000 0.505051 0.030000 0.020202
3 0.742000 0.439394 0.052000 0.373737
3 0.806000 0.348485 0.048000 0.393939
3 0.889000 0.368687 0.054000 0.272727
3 0.975000 0.313131 0.002000 0.424242