3 0.259000 0.515544 0.478000 0.865285
3 0.173000 0.536269 0.018000 0.367876
3 0.234000 0.541451 0.072000 0.212435
3 0.393000 0.313472 0.006000 0.253886
3 0.357000 0.751295 0.206000 0.341969
3 0.384000 0.795337 0.084000 0.181347
3 0.537000 0.538860 0.062000 0.196891
3 0.758000 0.463731 0.424000 0.823834
3 0.681000 0.471503 0.014000 0.373057
3 0.754000 0.479275 0.060000 0.015544
3 0.922000 0.290155 0.008000 0.238342
3 0.899000 0.461140 0.142000 0.010363
3 0.869000 0.709845 0.218000 0.341969
3 0.896000 0.779793 0.084000 0.202073