3 0.041000 0.653409 0.042000 0.284091
3 0.092000 0.312500 0.036000 0.352273
3 0.133000 0.619318 0.026000 0.011364
3 0.190000 0.636364 0.032000 0.386364
3 0.248000 0.579545 0.044000 0.318182
3 0.282000 0.198864 0.032000 0.170455
3 0.338000 0.698864 0.040000 0.375000
3 0.409000 0.573864 0.046000 0.375000
3 0.487000 0.579545 0.046000 0.318182
3 0.534000 0.238636 0.036000 0.204545
3 0.606000 0.642045 0.040000 0.329545
3 0.686000 0.647727 0.044000 0.295455
3 0.763000 0.517045 0.038000 0.397727
3 0.868000 0.562500 0.048000 0.397727
3 0.972000 0.500000 0.012000 0.477273