3 0.081000 0.530120 0.122000 0.674699
3 0.390000 0.560241 0.068000 0.325301
3 0.447000 0.259036 0.046000 0.277108
3 0.465000 0.626506 0.034000 0.337349
3 0.528000 0.626506 0.028000 0.048193
3 0.570000 0.572289 0.044000 0.349398
3 0.616000 0.620482 0.028000 0.253012
3 0.665000 0.596386 0.066000 0.349398
3 0.709000 0.289157 0.026000 0.289157
3 0.737000 0.626506 0.030000 0.265060
3 0.779000 0.602410 0.034000 0.240964
3 0.841000 0.572289 0.034000 0.397590
3 0.908000 0.656627 0.068000 0.349398
3 0.182000 0.506024 0.048000 0.578313
3 0.962000 0.572289 0.032000 0.301205
3 0.218000 0.560241 0.040000 0.373494
3 0.265000 0.566265 0.034000 0.096386
3 0.295000 0.560241 0.014000 0.469880
3 0.328000 0.512048 0.032000 0.469880