3 0.059000 0.692771 0.078000 0.253012
3 0.274000 0.704819 0.024000 0.180723
3 0.334000 0.614458 0.064000 0.144578
3 0.393000 0.512048 0.026000 0.397590
3 0.436000 0.590361 0.036000 0.216867
3 0.504000 0.578313 0.076000 0.313253
3 0.576000 0.626506 0.032000 0.192771
3 0.640000 0.590361 0.068000 0.313253
3 0.711000 0.421687 0.038000 0.602410
3 0.815000 0.578313 0.106000 0.240964
3 0.938000 0.620482 0.080000 0.493976
3 0.115000 0.692771 0.018000 0.180723
3 0.152000 0.620482 0.036000 0.108434
3 0.215000 0.656627 0.074000 0.156627