3 0.033000 0.706667 0.026000 0.266667
3 0.303000 0.753333 0.026000 0.173333
3 0.357000 0.660000 0.030000 0.280000
3 0.397000 0.380000 0.022000 0.306667
3 0.431000 0.700000 0.030000 0.200000
3 0.485000 0.613333 0.030000 0.346667
3 0.528000 0.726667 0.024000 0.146667
3 0.576000 0.646667 0.040000 0.413333
3 0.608000 0.233333 0.024000 0.200000
3 0.632000 0.653333 0.036000 0.213333
3 0.683000 0.620000 0.026000 0.360000
3 0.725000 0.666667 0.026000 0.160000
3 0.772000 0.600000 0.028000 0.320000
3 0.813000 0.253333 0.030000 0.160000
3 0.829000 0.626667 0.026000 0.213333
3 0.075000 0.660000 0.026000 0.386667
3 0.875000 0.593333 0.022000 0.413333
3 0.913000 0.666667 0.030000 0.186667
3 0.962000 0.593333 0.032000 0.466667
3 0.119000 0.713333 0.026000 0.173333
3 0.160000 0.633333 0.028000 0.333333
3 0.183000 0.333333 0.026000 0.133333
3 0.206000 0.660000 0.024000 0.146667
3 0.254000 0.673333 0.020000 0.333333