3 0.068000 0.713415 0.096000 0.304878
3 0.418000 0.603659 0.092000 0.256098
3 0.487000 0.256098 0.042000 0.219512
3 0.524000 0.573171 0.036000 0.292683
3 0.609000 0.469512 0.042000 0.402439
3 0.652000 0.445122 0.032000 0.329268
3 0.723000 0.530488 0.094000 0.231707
3 0.788000 0.201220 0.032000 0.158537
3 0.826000 0.524390 0.044000 0.341463
3 0.899000 0.493902 0.038000 0.329268
3 0.955000 0.445122 0.046000 0.475610
3 0.160000 0.597561 0.036000 0.390244
3 0.198000 0.689024 0.032000 0.256098
3 0.254000 0.609756 0.060000 0.146341
3 0.305000 0.542683 0.006000 0.475610
3 0.349000 0.548780 0.042000 0.439024