3 0.074000 0.480392 0.092000 0.281046
3 0.200000 0.777778 0.048000 0.143791
3 0.280000 0.447712 0.036000 0.686275
3 0.343000 0.535948 0.042000 0.156863
3 0.385000 0.385621 0.026000 0.130719
3 0.420000 0.526144 0.040000 0.150327
3 0.490000 0.460784 0.032000 0.281046
3 0.526000 0.532680 0.036000 0.124183
3 0.571000 0.535948 0.022000 0.117647
3 0.611000 0.470588 0.002000 0.222222
3 0.454000 0.447712 0.352000 0.411765
3 0.655000 0.477124 0.030000 0.013072
3 0.712000 0.529412 0.040000 0.130719
3 0.742000 0.359477 0.032000 0.104575
3 0.787000 0.532680 0.062000 0.150327
3 0.854000 0.513072 0.040000 0.124183
3 0.904000 0.526144 0.024000 0.098039
3 0.933000 0.437908 0.006000 0.222222
3 0.810000 0.457516 0.280000 0.522876
3 0.947000 0.500000 0.062000 0.869281
3 0.037000 0.803922 0.034000 0.143791
3 0.092000 0.794118 0.064000 0.137255
3 0.149000 0.797386 0.046000 0.156863