3 0.051000 0.590625 0.062000 0.318750
3 0.523000 0.512500 0.074000 0.275000
3 0.642000 0.493750 0.084000 0.287500
3 0.738000 0.450000 0.064000 0.012500
3 0.866000 0.203125 0.004000 0.281250
3 0.890000 0.440625 0.176000 0.043750
3 0.887000 0.737500 0.138000 0.387500
3 0.907000 0.803125 0.054000 0.256250
3 0.095000 0.278125 0.058000 0.243750
3 0.150000 0.550000 0.060000 0.287500
3 0.242000 0.565625 0.060000 0.281250
3 0.301000 0.240625 0.062000 0.231250
3 0.415000 0.434375 0.162000 0.493750
3 0.425000 0.453125 0.058000 0.281250