3 0.041000 0.536232 0.042000 0.492754
0 0.093000 0.702899 0.018000 0.159420
2 0.132000 0.695652 0.020000 0.144928
1 0.299000 0.521739 0.026000 0.289855
3 0.368000 0.594203 0.044000 0.376812
2 0.432000 0.536232 0.024000 0.086957
1 0.518000 0.217391 0.024000 0.144928
1 0.524000 0.717391 0.032000 0.275362
3 0.606000 0.521739 0.044000 0.260870
0 0.650000 0.608696 0.012000 0.115942
2 0.700000 0.528986 0.032000 0.159420
3 0.771000 0.507246 0.042000 0.405797
2 0.826000 0.557971 0.024000 0.014493
1 0.896000 0.572464 0.024000 0.246377
3 0.955000 0.579710 0.046000 0.492754