3 0.060000 0.452899 0.080000 0.268116
0 0.132000 0.590580 0.016000 0.152174
2 0.163000 0.601449 0.022000 0.202899
1 0.193000 0.597826 0.002000 0.123188
2 0.272000 0.481884 0.052000 0.007246
1 0.332000 0.478261 0.032000 0.289855
3 0.384000 0.608696 0.048000 0.536232
2 0.450000 0.514493 0.032000 0.072464
2 0.529000 0.500000 0.046000 0.014493
1 0.525000 0.206522 0.046000 0.268116
1 0.524000 0.750000 0.036000 0.239130
0 0.596000 0.532609 0.052000 0.195652
0 0.650000 0.652174 0.028000 0.144928
2 0.713000 0.518116 0.038000 0.268116
3 0.786000 0.644928 0.056000 0.536232
2 0.847000 0.543478 0.046000 0.028986
1 0.899000 0.543478 0.046000 0.333333
3 0.949000 0.666667 0.058000 0.521739