0 0.042000 0.330986 0.044000 0.380282
1 0.087000 0.514085 0.002000 0.183099
2 0.169000 0.316901 0.038000 0.042254
0 0.233000 0.345070 0.058000 0.380282
1 0.287000 0.464789 0.026000 0.197183
2 0.349000 0.415493 0.038000 0.295775
0 0.408000 0.492958 0.040000 0.676056
1 0.451000 0.556338 0.014000 0.183099
2 0.505000 0.338028 0.038000 0.056338
0 0.575000 0.521127 0.034000 0.676056
1 0.627000 0.549296 0.030000 0.169014
2 0.682000 0.401408 0.028000 0.295775
0 0.769000 0.436620 0.054000 0.450704
1 0.813000 0.619718 0.002000 0.169014
2 0.852000 0.394366 0.028000 0.028169
0 0.921000 0.429577 0.050000 0.464789
1 0.968000 0.690141 0.016000 0.169014