0 0.054000 0.533333 0.068000 0.244444
2 0.131000 0.536111 0.074000 0.083333
3 0.592000 0.505556 0.772000 0.077778
2 0.240000 0.294444 0.056000 0.022222
0 0.313000 0.247222 0.054000 0.350000
3 0.401000 0.302778 0.054000 0.205556
3 0.684000 0.252778 0.432000 0.394444
0 0.583000 0.338889 0.058000 0.233333
1 0.640000 0.205556 0.044000 0.100000
2 0.682000 0.319444 0.040000 0.016667
1 0.773000 0.297222 0.066000 0.316667
0 0.851000 0.286111 0.082000 0.127778
0 0.920000 0.311111 0.036000 0.133333
1 0.525000 0.844444 0.110000 0.200000
0 0.651000 0.786111 0.090000 0.127778