3 0.047000 0.545455 0.054000 0.686869
0 0.108000 0.510101 0.064000 0.333333
1 0.158000 0.232323 0.024000 0.181818
2 0.202000 0.479798 0.040000 0.010101
0 0.305000 0.469697 0.070000 0.353535
1 0.357000 0.171717 0.026000 0.141414
2 0.415000 0.454545 0.042000 0.020202
0 0.487000 0.444444 0.058000 0.262626
3 0.563000 0.469697 0.038000 0.676768
3 0.629000 0.439394 0.030000 0.555556
1 0.675000 0.459596 0.046000 0.252525
0 0.736000 0.444444 0.044000 0.282828
2 0.807000 0.373737 0.034000 0.020202
1 0.882000 0.424242 0.040000 0.363636
3 0.957000 0.404040 0.042000 0.606061