2 0.498000 0.503268 0.956000 0.078431
3 0.124000 0.199346 0.132000 0.267974
3 0.250000 0.192810 0.048000 0.254902
2 0.316000 0.202614 0.032000 0.156863
3 0.429000 0.248366 0.106000 0.143791
3 0.540000 0.205882 0.056000 0.215686
2 0.619000 0.212418 0.046000 0.163399
3 0.750000 0.199346 0.136000 0.215686
3 0.866000 0.189542 0.040000 0.222222
0 0.252000 0.781046 0.052000 0.137255
2 0.300000 0.774510 0.044000 0.137255
0 0.361000 0.820261 0.058000 0.228758
2 0.414000 0.797386 0.040000 0.156863
0 0.475000 0.820261 0.038000 0.150327