0 0.061000 0.532967 0.082000 0.340659
2 0.195000 0.513736 0.066000 0.060440
3 0.589000 0.530220 0.582000 0.060440
2 0.305000 0.307692 0.066000 0.032967
0 0.374000 0.252747 0.056000 0.307692
3 0.471000 0.282967 0.050000 0.203297
3 0.756000 0.244505 0.444000 0.379121
0 0.603000 0.310440 0.046000 0.225275
1 0.639000 0.236264 0.050000 0.087912
2 0.677000 0.340659 0.030000 0.010989
1 0.739000 0.315934 0.062000 0.192308
0 0.805000 0.354396 0.042000 0.082418
0 0.861000 0.359890 0.046000 0.104396
1 0.493000 0.865385 0.086000 0.159341
0 0.569000 0.884615 0.066000 0.120879