3 0.048000 0.348958 0.056000 0.239583
0 0.115000 0.567708 0.022000 0.114583
2 0.167000 0.604167 0.026000 0.104167
1 0.197000 0.625000 0.002000 0.125000
2 0.258000 0.427083 0.048000 0.020833
1 0.327000 0.354167 0.026000 0.250000
3 0.374000 0.411458 0.044000 0.489583
2 0.451000 0.364583 0.034000 0.083333
2 0.522000 0.427083 0.076000 0.020833
1 0.517000 0.192708 0.046000 0.177083
1 0.519000 0.723958 0.054000 0.322917
3 0.596000 0.390625 0.048000 0.177083
0 0.647000 0.526042 0.022000 0.114583
2 0.700000 0.432292 0.036000 0.197917
3 0.763000 0.406250 0.050000 0.541667
2 0.837000 0.343750 0.038000 0.041667
1 0.900000 0.296875 0.040000 0.239583
3 0.943000 0.463542 0.070000 0.572917