3 0.147000 0.374494 0.238000 0.352227
0 0.062000 0.757085 0.084000 0.153846
3 0.154000 0.761134 0.056000 0.121457
2 0.243000 0.732794 0.046000 0.008097
1 0.251000 0.643725 0.014000 0.113360
1 0.236000 0.874494 0.060000 0.161943
2 0.669000 0.524291 0.618000 0.085020
1 0.461000 0.331984 0.014000 0.283401
2 0.562000 0.325911 0.084000 0.028340
1 0.706000 0.321862 0.092000 0.263158
0 0.774000 0.200405 0.052000 0.133603
2 0.837000 0.165992 0.018000 0.008097
2 0.883000 0.137652 0.046000 0.008097
1 0.893000 0.068826 0.010000 0.056680
1 0.891000 0.214575 0.042000 0.105263
1 0.481000 0.789474 0.018000 0.275304
2 0.596000 0.765182 0.080000 0.056680
1 0.718000 0.742915 0.088000 0.214575
0 0.809000 0.761134 0.074000 0.121457