3 0.033000 0.505376 0.026000 0.752688
0 0.086000 0.553763 0.072000 0.440860
1 0.154000 0.295699 0.028000 0.268817
2 0.211000 0.634409 0.074000 0.064516
0 0.304000 0.483871 0.068000 0.387097
1 0.382000 0.172043 0.048000 0.129032
2 0.429000 0.526882 0.046000 0.021505
0 0.513000 0.489247 0.062000 0.311828
3 0.575000 0.478495 0.022000 0.526882
3 0.631000 0.473118 0.022000 0.473118
1 0.695000 0.505376 0.038000 0.258065
0 0.765000 0.451613 0.054000 0.365591
2 0.845000 0.473118 0.054000 0.021505
1 0.900000 0.516129 0.052000 0.473118
3 0.966000 0.500000 0.024000 0.526882