3 0.054000 0.500000 0.068000 0.312500
0 0.118000 0.630208 0.020000 0.156250
2 0.150000 0.609375 0.016000 0.114583
2 0.257000 0.567708 0.034000 0.031250
1 0.317000 0.505208 0.022000 0.302083
3 0.376000 0.614583 0.044000 0.479167
2 0.458000 0.479167 0.028000 0.145833
2 0.518000 0.390625 0.024000 0.010417
1 0.514000 0.708333 0.036000 0.208333
1 0.528000 0.213542 0.032000 0.218750
3 0.597000 0.557292 0.042000 0.197917
0 0.653000 0.656250 0.018000 0.104167
2 0.702000 0.572917 0.028000 0.125000
3 0.769000 0.536458 0.050000 0.385417
2 0.852000 0.531250 0.040000 0.020833
1 0.899000 0.515625 0.034000 0.281250
3 0.947000 0.651042 0.062000 0.468750