3 0.153000 0.398618 0.190000 0.373272
0 0.045000 0.811060 0.050000 0.156682
3 0.116000 0.794931 0.048000 0.096774
2 0.204000 0.767281 0.076000 0.013825
1 0.219000 0.684332 0.006000 0.078341
1 0.207000 0.882488 0.062000 0.133641
2 0.665000 0.536866 0.626000 0.041475
1 0.424000 0.320276 0.008000 0.207373
2 0.541000 0.334101 0.054000 0.004608
1 0.663000 0.324885 0.062000 0.170507
0 0.749000 0.158986 0.026000 0.105991
2 0.900000 0.142857 0.032000 0.009217
1 0.899000 0.078341 0.002000 0.064516
1 0.905000 0.228111 0.022000 0.087558
1 0.466000 0.822581 0.012000 0.170507
2 0.543000 0.822581 0.066000 0.013825
1 0.677000 0.843318 0.054000 0.138249
0 0.772000 0.829493 0.056000 0.129032