2 0.495000 0.492188 0.950000 0.109375
3 0.127000 0.205729 0.166000 0.286458
3 0.274000 0.205729 0.056000 0.296875
2 0.358000 0.216146 0.064000 0.161458
3 0.500000 0.223958 0.148000 0.197917
3 0.631000 0.192708 0.066000 0.281250
2 0.709000 0.242188 0.054000 0.151042
3 0.835000 0.218750 0.142000 0.197917
3 0.954000 0.203125 0.044000 0.260417
0 0.359000 0.736979 0.074000 0.276042
2 0.435000 0.747396 0.062000 0.151042
0 0.504000 0.794271 0.044000 0.296875
2 0.600000 0.721354 0.088000 0.223958
0 0.706000 0.723958 0.120000 0.208333