0 0.052000 0.484127 0.064000 0.460317
1 0.114000 0.547619 0.004000 0.206349
2 0.182000 0.420635 0.028000 0.015873
0 0.235000 0.444444 0.054000 0.412698
1 0.287000 0.507937 0.026000 0.158730
2 0.359000 0.365079 0.042000 0.412698
0 0.433000 0.531746 0.050000 0.619048
1 0.479000 0.523810 0.002000 0.158730
0 0.591000 0.444444 0.042000 0.571429
1 0.639000 0.460317 0.018000 0.126984
2 0.698000 0.325397 0.032000 0.301587
0 0.766000 0.396825 0.048000 0.317460
1 0.809000 0.547619 0.006000 0.206349
2 0.863000 0.373016 0.026000 0.015873
0 0.921000 0.388889 0.042000 0.396825
1 0.965000 0.444444 0.022000 0.126984