3 0.064000 0.363248 0.088000 0.555556
0 0.155000 0.645299 0.018000 0.076923
2 0.181000 0.623932 0.018000 0.051282
1 0.216000 0.628205 0.004000 0.162393
2 0.273000 0.542735 0.046000 0.042735
1 0.326000 0.461538 0.024000 0.239316
3 0.380000 0.542735 0.056000 0.623932
2 0.463000 0.632479 0.046000 0.136752
2 0.546000 0.594017 0.060000 0.042735
1 0.547000 0.393162 0.042000 0.188034
1 0.550000 0.799145 0.024000 0.213675
3 0.642000 0.508547 0.068000 0.367521
0 0.698000 0.713675 0.020000 0.111111
2 0.750000 0.525641 0.040000 0.247863
3 0.800000 0.636752 0.040000 0.555556
2 0.866000 0.598291 0.048000 0.017094
1 0.909000 0.551282 0.030000 0.350427
3 0.954000 0.641026 0.048000 0.495726