0 0.041000 0.511494 0.042000 0.471264
1 0.087000 0.701149 0.002000 0.206897
2 0.139000 0.505747 0.034000 0.022989
0 0.200000 0.511494 0.044000 0.425287
1 0.242000 0.643678 0.016000 0.183908
2 0.289000 0.454023 0.038000 0.310345
0 0.358000 0.580460 0.036000 0.563218
1 0.406000 0.781609 0.008000 0.206897
2 0.464000 0.362069 0.036000 0.034483
0 0.538000 0.477011 0.032000 0.563218
1 0.587000 0.655172 0.022000 0.206897
2 0.655000 0.293103 0.030000 0.264368
0 0.703000 0.373563 0.042000 0.425287
1 0.761000 0.574713 0.002000 0.137931
2 0.822000 0.373563 0.040000 0.034483
0 0.899000 0.362069 0.046000 0.494253
1 0.965000 0.597701 0.026000 0.252874