3 0.468000 0.380769 0.896000 0.607692
0 0.135000 0.538462 0.058000 0.184615
2 0.221000 0.519231 0.038000 0.007692
0 0.289000 0.619231 0.038000 0.407692
2 0.367000 0.538462 0.046000 0.015385
0 0.448000 0.569231 0.040000 0.246154
2 0.531000 0.576923 0.050000 0.169231
0 0.608000 0.573077 0.056000 0.300000
1 0.675000 0.419231 0.026000 0.069231
2 0.704000 0.580769 0.056000 0.161538
0 0.782000 0.680769 0.044000 0.469231
1 0.845000 0.438462 0.026000 0.061538
2 0.869000 0.634615 0.038000 0.176923
0 0.924000 0.592308 0.044000 0.230769
1 0.967000 0.450000 0.022000 0.100000