3 0.023000 0.410959 0.006000 0.328767
0 0.092000 0.479452 0.036000 0.383562
1 0.161000 0.260274 0.022000 0.246575
2 0.239000 0.486301 0.038000 0.013699
0 0.331000 0.486301 0.042000 0.369863
1 0.392000 0.280822 0.016000 0.150685
2 0.453000 0.547945 0.030000 0.027397
0 0.514000 0.561644 0.032000 0.301370
3 0.575000 0.527397 0.022000 0.452055
3 0.655000 0.404110 0.006000 0.232877
1 0.709000 0.424658 0.038000 0.273973
0 0.763000 0.424658 0.026000 0.246575
2 0.826000 0.458904 0.032000 0.013699
1 0.892000 0.445205 0.032000 0.397260
3 0.960000 0.527397 0.032000 0.671233