0 0.053000 0.398551 0.066000 0.507246
1 0.111000 0.586957 0.002000 0.217391
2 0.157000 0.442029 0.038000 0.014493
0 0.235000 0.420290 0.066000 0.405797
1 0.290000 0.528986 0.028000 0.101449
2 0.365000 0.427536 0.066000 0.449275
0 0.428000 0.543478 0.052000 0.594203
1 0.459000 0.666667 0.002000 0.202899
2 0.517000 0.463768 0.038000 0.057971
0 0.585000 0.536232 0.054000 0.608696
1 0.626000 0.601449 0.024000 0.159420
2 0.687000 0.456522 0.054000 0.478261
0 0.759000 0.456522 0.042000 0.478261
1 0.803000 0.644928 0.006000 0.246377
2 0.851000 0.442029 0.034000 0.014493
0 0.917000 0.492754 0.046000 0.521739
1 0.965000 0.746377 0.026000 0.159420