3 0.052000 0.515306 0.064000 0.438776
0 0.118000 0.765306 0.036000 0.163265
2 0.151000 0.755102 0.022000 0.142857
1 0.179000 0.770408 0.002000 0.193878
1 0.318000 0.479592 0.040000 0.408163
3 0.380000 0.571429 0.044000 0.571429
2 0.454000 0.489796 0.032000 0.102041
2 0.540000 0.551020 0.052000 0.020408
1 0.542000 0.219388 0.048000 0.234694
1 0.546000 0.775510 0.020000 0.224490
3 0.621000 0.505102 0.050000 0.255102
0 0.662000 0.734694 0.028000 0.102041
2 0.716000 0.540816 0.040000 0.163265
3 0.783000 0.586735 0.050000 0.520408
2 0.844000 0.515306 0.036000 0.030612
1 0.897000 0.469388 0.022000 0.244898
3 0.948000 0.602041 0.060000 0.510204