3 0.166000 0.424051 0.264000 0.434599
0 0.050000 0.780591 0.060000 0.092827
3 0.115000 0.763713 0.058000 0.101266
2 0.243000 0.774262 0.074000 0.012658
1 0.253000 0.691983 0.010000 0.109705
1 0.256000 0.892405 0.048000 0.122363
2 0.671000 0.588608 0.614000 0.021097
1 0.409000 0.379747 0.006000 0.219409
2 0.508000 0.390295 0.080000 0.004219
1 0.644000 0.417722 0.092000 0.253165
0 0.727000 0.253165 0.070000 0.101266
2 0.787000 0.257384 0.034000 0.025316
2 0.866000 0.215190 0.080000 0.025316
1 0.872000 0.092827 0.004000 0.101266
1 0.865000 0.352321 0.046000 0.147679
1 0.463000 0.793249 0.014000 0.185654
2 0.548000 0.782700 0.068000 0.021097
1 0.665000 0.789030 0.078000 0.194093
0 0.756000 0.795359 0.084000 0.130802