3 0.170000 0.432203 0.220000 0.322034
0 0.048000 0.779661 0.056000 0.144068
3 0.125000 0.800847 0.054000 0.110169
2 0.224000 0.775424 0.100000 0.016949
1 0.226000 0.707627 0.004000 0.076271
1 0.234000 0.883475 0.052000 0.139831
2 0.662000 0.538136 0.632000 0.016949
1 0.424000 0.338983 0.004000 0.211864
2 0.516000 0.349576 0.080000 0.012712
1 0.629000 0.330508 0.082000 0.220339
0 0.702000 0.222458 0.056000 0.088983
2 0.747000 0.228814 0.054000 0.008475
2 0.839000 0.177966 0.074000 0.008475
1 0.835000 0.097458 0.006000 0.110169
1 0.851000 0.262712 0.062000 0.076271
1 0.543000 0.777542 0.010000 0.250000
2 0.631000 0.802966 0.062000 0.012712
1 0.731000 0.758475 0.078000 0.262712
0 0.826000 0.790254 0.092000 0.131356