0 0.041000 0.411290 0.042000 0.306452
1 0.085000 0.580645 0.002000 0.193548
2 0.138000 0.338710 0.040000 0.032258
0 0.206000 0.282258 0.052000 0.241935
1 0.260000 0.483871 0.028000 0.258065
2 0.318000 0.314516 0.036000 0.241935
0 0.382000 0.532258 0.036000 0.580645
1 0.427000 0.661290 0.002000 0.225806
2 0.488000 0.354839 0.040000 0.032258
0 0.561000 0.483871 0.034000 0.580645
1 0.623000 0.580645 0.022000 0.193548
2 0.683000 0.330645 0.046000 0.338710
0 0.744000 0.395161 0.048000 0.435484
1 0.796000 0.612903 0.004000 0.225806
2 0.843000 0.395161 0.042000 0.048387
0 0.906000 0.443548 0.048000 0.403226
1 0.961000 0.645161 0.030000 0.193548