3 0.188000 0.414634 0.336000 0.418118
0 0.102000 0.806620 0.076000 0.177700
3 0.183000 0.790941 0.050000 0.118467
2 0.270000 0.763066 0.056000 0.027875
1 0.290000 0.663763 0.016000 0.128920
1 0.284000 0.853659 0.072000 0.125436
2 0.703000 0.595819 0.550000 0.090592
1 0.507000 0.388502 0.022000 0.282230
2 0.587000 0.383275 0.086000 0.055749
1 0.702000 0.362369 0.072000 0.236934
0 0.775000 0.205575 0.050000 0.139373
2 0.833000 0.198606 0.026000 0.013937
2 0.897000 0.163763 0.046000 0.027875
1 0.903000 0.094077 0.030000 0.118467
1 0.898000 0.236934 0.048000 0.076655
1 0.559000 0.839721 0.022000 0.243902
2 0.631000 0.837979 0.062000 0.045296
1 0.740000 0.813589 0.076000 0.198606
0 0.831000 0.796167 0.098000 0.177700