2 0.499000 0.444175 0.958000 0.140777
3 0.112000 0.317961 0.136000 0.179612
3 0.242000 0.223301 0.056000 0.271845
2 0.311000 0.242718 0.042000 0.116505
3 0.432000 0.242718 0.132000 0.155340
3 0.559000 0.169903 0.058000 0.242718
2 0.626000 0.172330 0.056000 0.150485
3 0.764000 0.203883 0.180000 0.145631
3 0.891000 0.148058 0.066000 0.199029
0 0.214000 0.754854 0.064000 0.150485
2 0.321000 0.745146 0.054000 0.140777
0 0.392000 0.793689 0.040000 0.305825
2 0.478000 0.720874 0.072000 0.131068
0 0.604000 0.747573 0.084000 0.155340