3 0.059000 0.589109 0.078000 0.445545
0 0.129000 0.653465 0.022000 0.237624
2 0.165000 0.643564 0.014000 0.198020
1 0.342000 0.529703 0.020000 0.465347
3 0.393000 0.613861 0.026000 0.534653
2 0.466000 0.549505 0.032000 0.069307
2 0.551000 0.480198 0.062000 0.049505
1 0.540000 0.188119 0.032000 0.178218
1 0.549000 0.767327 0.022000 0.247525
3 0.641000 0.485149 0.054000 0.356436
0 0.684000 0.574257 0.032000 0.138614
2 0.739000 0.485149 0.030000 0.178218
3 0.804000 0.504950 0.036000 0.653465
2 0.860000 0.400990 0.032000 0.029703
1 0.913000 0.371287 0.018000 0.287129
3 0.963000 0.465347 0.026000 0.633663