3 0.141000 0.413732 0.190000 0.426056
0 0.043000 0.816901 0.046000 0.119718
3 0.139000 0.820423 0.082000 0.084507
2 0.237000 0.794014 0.058000 0.010563
1 0.241000 0.741197 0.002000 0.066901
1 0.247000 0.892606 0.050000 0.144366
2 0.690000 0.438380 0.576000 0.066901
1 0.464000 0.292254 0.008000 0.197183
2 0.551000 0.286972 0.058000 0.010563
1 0.664000 0.290493 0.080000 0.200704
0 0.724000 0.135563 0.048000 0.088028
2 0.884000 0.109155 0.056000 0.007042
1 0.897000 0.058099 0.006000 0.045775
1 0.888000 0.163732 0.044000 0.073944
1 0.509000 0.667254 0.006000 0.172535
2 0.607000 0.651408 0.066000 0.007042
1 0.723000 0.649648 0.066000 0.165493
0 0.812000 0.656690 0.052000 0.130282