3 0.039000 0.621495 0.038000 0.551402
0 0.088000 0.574766 0.084000 0.364486
1 0.128000 0.261682 0.024000 0.280374
2 0.184000 0.565421 0.048000 0.028037
0 0.285000 0.574766 0.066000 0.308411
1 0.335000 0.219626 0.046000 0.196262
2 0.400000 0.644860 0.056000 0.037383
0 0.474000 0.560748 0.064000 0.317757
3 0.519000 0.528037 0.062000 0.532710
3 0.615000 0.476636 0.034000 0.504673
1 0.665000 0.509346 0.050000 0.308411
0 0.731000 0.518692 0.054000 0.383178
2 0.817000 0.542056 0.066000 0.074766
1 0.892000 0.509346 0.080000 0.439252
3 0.946000 0.425234 0.060000 0.663551