3 0.146000 0.447791 0.200000 0.269076
3 0.117000 0.793173 0.046000 0.100402
1 0.192000 0.694779 0.012000 0.096386
2 0.204000 0.775100 0.032000 0.008032
1 0.207000 0.895582 0.050000 0.128514
1 0.318000 0.307229 0.020000 0.188755
2 0.389000 0.319277 0.050000 0.004016
1 0.517000 0.359438 0.102000 0.220884
0 0.659000 0.214859 0.066000 0.148594
2 0.725000 0.212851 0.026000 0.008032
2 0.786000 0.186747 0.032000 0.012048
1 0.787000 0.100402 0.006000 0.120482
1 0.796000 0.265060 0.048000 0.088353
1 0.417000 0.775100 0.026000 0.160643
2 0.654000 0.530120 0.648000 0.048193
2 0.507000 0.773092 0.070000 0.012048
1 0.699000 0.775100 0.090000 0.160643
0 0.049000 0.809237 0.058000 0.148594
0 0.805000 0.773092 0.066000 0.148594