3 0.170000 0.436102 0.212000 0.437700
0 0.048000 0.825879 0.056000 0.105431
3 0.141000 0.835463 0.078000 0.099042
2 0.260000 0.816294 0.080000 0.022364
1 0.248000 0.734824 0.020000 0.063898
1 0.261000 0.897764 0.066000 0.134185
2 0.672000 0.487220 0.584000 0.022364
1 0.429000 0.341853 0.026000 0.191693
2 0.566000 0.319489 0.100000 0.019169
1 0.680000 0.340256 0.088000 0.207668
0 0.738000 0.191693 0.072000 0.146965
2 0.846000 0.186901 0.060000 0.009585
2 0.941000 0.158147 0.074000 0.003195
1 0.939000 0.083067 0.010000 0.102236
1 0.941000 0.234824 0.058000 0.099042
1 0.465000 0.752396 0.018000 0.207668
2 0.632000 0.763578 0.088000 0.006390
1 0.723000 0.761981 0.070000 0.143770
0 0.813000 0.765176 0.078000 0.169329