0 0.051000 0.375000 0.062000 0.425000
1 0.106000 0.550000 0.004000 0.175000
2 0.159000 0.381250 0.038000 0.012500
0 0.219000 0.387500 0.054000 0.400000
1 0.270000 0.575000 0.024000 0.100000
2 0.325000 0.331250 0.038000 0.237500
0 0.396000 0.462500 0.044000 0.675000
1 0.445000 0.693750 0.002000 0.187500
2 0.488000 0.431250 0.040000 0.012500
0 0.548000 0.518750 0.036000 0.687500
1 0.595000 0.725000 0.014000 0.100000
2 0.648000 0.400000 0.036000 0.250000
0 0.719000 0.375000 0.042000 0.425000
1 0.777000 0.643750 0.002000 0.212500
2 0.829000 0.456250 0.038000 0.012500
0 0.906000 0.481250 0.060000 0.437500
1 0.969000 0.650000 0.018000 0.150000