0 0.047000 0.524725 0.054000 0.324176
2 0.123000 0.472527 0.042000 0.065934
3 0.463000 0.447802 0.574000 0.785714
0 0.281000 0.423077 0.062000 0.142857
2 0.344000 0.392857 0.044000 0.126374
3 0.575000 0.390110 0.354000 0.021978
1 0.550000 0.263736 0.008000 0.175824
3 0.551000 0.662088 0.314000 0.467033
0 0.496000 0.697802 0.048000 0.109890
2 0.553000 0.681319 0.046000 0.153846
3 0.650000 0.686813 0.084000 0.021978
1 0.646000 0.601648 0.004000 0.115385
3 0.641000 0.826923 0.082000 0.225275
0 0.671000 0.859890 0.042000 0.071429
2 0.797000 0.414835 0.066000 0.192308
3 0.916000 0.428571 0.124000 0.285714
0 0.925000 0.456044 0.030000 0.186813