2 0.477000 0.471326 0.702000 0.046595
3 0.099000 0.177419 0.158000 0.139785
3 0.264000 0.150538 0.080000 0.229391
2 0.350000 0.121864 0.048000 0.093190
3 0.475000 0.213262 0.146000 0.125448
3 0.589000 0.141577 0.082000 0.211470
2 0.665000 0.168459 0.062000 0.136201
3 0.783000 0.175627 0.178000 0.143369
3 0.943000 0.132616 0.070000 0.179211
0 0.214000 0.838710 0.100000 0.193548
2 0.317000 0.797491 0.070000 0.118280
0 0.432000 0.849462 0.064000 0.229391
2 0.551000 0.779570 0.086000 0.139785
0 0.670000 0.786738 0.080000 0.189964