2 0.499000 0.500000 0.958000 0.054545
3 0.137000 0.178788 0.122000 0.236364
3 0.244000 0.184848 0.056000 0.248485
2 0.310000 0.242424 0.036000 0.133333
3 0.423000 0.242424 0.134000 0.157576
3 0.542000 0.245455 0.064000 0.200000
2 0.639000 0.236364 0.046000 0.157576
3 0.768000 0.230303 0.156000 0.181818
3 0.898000 0.224242 0.080000 0.218182
0 0.287000 0.778788 0.082000 0.163636
2 0.361000 0.769697 0.050000 0.145455
0 0.441000 0.800000 0.050000 0.266667
2 0.520000 0.769697 0.048000 0.145455
0 0.607000 0.766667 0.058000 0.139394