0 0.048000 0.415493 0.056000 0.549296
1 0.116000 0.718310 0.004000 0.253521
2 0.164000 0.500000 0.036000 0.014085
0 0.242000 0.443662 0.044000 0.436620
1 0.287000 0.584507 0.018000 0.154930
2 0.380000 0.359155 0.020000 0.323944
0 0.462000 0.450704 0.044000 0.535211
1 0.499000 0.570423 0.006000 0.239437
2 0.547000 0.457746 0.026000 0.014085
0 0.609000 0.457746 0.042000 0.492958
1 0.645000 0.521127 0.026000 0.140845
2 0.706000 0.373239 0.028000 0.323944
0 0.771000 0.394366 0.026000 0.394366
2 0.883000 0.323944 0.038000 0.028169
0 0.929000 0.352113 0.042000 0.394366
1 0.964000 0.429577 0.028000 0.183099