3 0.499000 0.465517 0.958000 0.758621
0 0.167000 0.607759 0.078000 0.232759
2 0.233000 0.625000 0.022000 0.025862
0 0.300000 0.719828 0.032000 0.336207
2 0.362000 0.655172 0.028000 0.017241
0 0.411000 0.685345 0.042000 0.250000
2 0.486000 0.693966 0.040000 0.198276
0 0.560000 0.750000 0.064000 0.206897
1 0.603000 0.521552 0.030000 0.129310
2 0.630000 0.741379 0.036000 0.172414
0 0.693000 0.754310 0.034000 0.318966
1 0.729000 0.517241 0.022000 0.189655
2 0.755000 0.762931 0.046000 0.181034
0 0.835000 0.745690 0.042000 0.284483
1 0.888000 0.491379 0.024000 0.137931