3 0.156000 0.406810 0.240000 0.326165
0 0.064000 0.759857 0.088000 0.222222
3 0.161000 0.761649 0.082000 0.146953
2 0.290000 0.758065 0.076000 0.010753
1 0.284000 0.666667 0.020000 0.093190
1 0.296000 0.876344 0.084000 0.146953
2 0.680000 0.512545 0.596000 0.043011
1 0.466000 0.268817 0.008000 0.207885
2 0.539000 0.275986 0.118000 0.028674
1 0.696000 0.265233 0.088000 0.250896
0 0.772000 0.172043 0.044000 0.193548
2 0.846000 0.175627 0.056000 0.014337
2 0.922000 0.166667 0.068000 0.017921
1 0.941000 0.073477 0.010000 0.075269
1 0.929000 0.240143 0.054000 0.129032
1 0.510000 0.858423 0.016000 0.204301
2 0.603000 0.817204 0.102000 0.007168
1 0.750000 0.836918 0.072000 0.204301
0 0.825000 0.840502 0.114000 0.189964