3 0.057000 0.495000 0.074000 0.430000
0 0.127000 0.710000 0.022000 0.140000
2 0.161000 0.705000 0.018000 0.150000
1 0.305000 0.480000 0.018000 0.340000
3 0.358000 0.555000 0.040000 0.470000
2 0.439000 0.480000 0.022000 0.080000
2 0.536000 0.465000 0.100000 0.030000
1 0.542000 0.195000 0.040000 0.190000
1 0.526000 0.735000 0.052000 0.330000
3 0.626000 0.445000 0.048000 0.250000
0 0.678000 0.610000 0.020000 0.100000
2 0.725000 0.465000 0.034000 0.230000
3 0.782000 0.535000 0.032000 0.410000
2 0.843000 0.475000 0.022000 0.010000
1 0.898000 0.495000 0.020000 0.250000
3 0.953000 0.595000 0.050000 0.570000