0 0.042000 0.462121 0.044000 0.621212
1 0.089000 0.651515 0.006000 0.333333
2 0.149000 0.477273 0.022000 0.045455
0 0.223000 0.477273 0.034000 0.439394
1 0.260000 0.613636 0.020000 0.166667
2 0.329000 0.469697 0.038000 0.303030
0 0.410000 0.500000 0.052000 0.606061
1 0.450000 0.545455 0.004000 0.242424
2 0.504000 0.454545 0.024000 0.060606
0 0.586000 0.515152 0.052000 0.636364
1 0.633000 0.492424 0.030000 0.166667
2 0.684000 0.416667 0.040000 0.378788
0 0.744000 0.371212 0.060000 0.439394
1 0.799000 0.545455 0.006000 0.212121
2 0.851000 0.378788 0.038000 0.060606
0 0.912000 0.386364 0.052000 0.469697
1 0.963000 0.500000 0.030000 0.242424