0 0.047000 0.339286 0.054000 0.250000
1 0.101000 0.488095 0.002000 0.142857
2 0.141000 0.232143 0.034000 0.011905
0 0.231000 0.327381 0.050000 0.226190
1 0.289000 0.595238 0.026000 0.190476
2 0.342000 0.238095 0.048000 0.238095
0 0.400000 0.553571 0.036000 0.630952
1 0.445000 0.547619 0.002000 0.190476
2 0.490000 0.267857 0.028000 0.011905
0 0.549000 0.488095 0.038000 0.571429
1 0.602000 0.511905 0.024000 0.190476
2 0.648000 0.291667 0.044000 0.273810
0 0.726000 0.357143 0.048000 0.238095
1 0.781000 0.547619 0.006000 0.166667
2 0.831000 0.303571 0.046000 0.035714
0 0.906000 0.392857 0.044000 0.261905
1 0.962000 0.577381 0.028000 0.226190