2 0.499000 0.401899 0.958000 0.044304
3 0.136000 0.272152 0.104000 0.164557
3 0.237000 0.212025 0.042000 0.259494
2 0.313000 0.227848 0.026000 0.126582
3 0.425000 0.278481 0.106000 0.177215
3 0.522000 0.231013 0.036000 0.272152
2 0.601000 0.221519 0.026000 0.126582
3 0.720000 0.186709 0.132000 0.246835
3 0.828000 0.183544 0.036000 0.189873
0 0.326000 0.759494 0.060000 0.164557
2 0.413000 0.753165 0.034000 0.126582
0 0.488000 0.784810 0.048000 0.291139
2 0.563000 0.740506 0.038000 0.139241
0 0.649000 0.718354 0.058000 0.158228