3 0.455000 0.495935 0.870000 0.829268
0 0.193000 0.573171 0.054000 0.300813
2 0.275000 0.544715 0.054000 0.032520
0 0.346000 0.626016 0.056000 0.357724
2 0.407000 0.544715 0.034000 0.016260
0 0.494000 0.536585 0.036000 0.276423
2 0.568000 0.528455 0.032000 0.178862
0 0.646000 0.508130 0.060000 0.268293
1 0.688000 0.231707 0.020000 0.089431
2 0.734000 0.479675 0.024000 0.211382
0 0.811000 0.597561 0.050000 0.349593
1 0.845000 0.276423 0.022000 0.097561
2 0.884000 0.528455 0.028000 0.162602
0 0.931000 0.508130 0.026000 0.219512
1 0.966000 0.268293 0.024000 0.130081