2 0.499000 0.476510 0.958000 0.187919
3 0.100000 0.265101 0.160000 0.288591
3 0.263000 0.224832 0.086000 0.261745
2 0.352000 0.265101 0.052000 0.167785
3 0.483000 0.234899 0.118000 0.187919
3 0.592000 0.218121 0.056000 0.208054
2 0.668000 0.208054 0.036000 0.161074
3 0.786000 0.208054 0.132000 0.214765
3 0.911000 0.177852 0.050000 0.221477
0 0.299000 0.785235 0.078000 0.161074
2 0.417000 0.761745 0.066000 0.140940
0 0.501000 0.795302 0.046000 0.261745
2 0.575000 0.751678 0.050000 0.134228
0 0.669000 0.748322 0.062000 0.167785