3 0.191000 0.433206 0.194000 0.255725
0 0.057000 0.732824 0.074000 0.076336
3 0.151000 0.709924 0.070000 0.076336
2 0.239000 0.694656 0.046000 0.007634
1 0.245000 0.631679 0.002000 0.064885
1 0.232000 0.788168 0.032000 0.103053
2 0.706000 0.587786 0.544000 0.015267
1 0.469000 0.328244 0.014000 0.206107
2 0.566000 0.330153 0.048000 0.034351
1 0.677000 0.324427 0.050000 0.229008
0 0.779000 0.234733 0.046000 0.080153
2 0.857000 0.227099 0.034000 0.011450
2 0.922000 0.192748 0.056000 0.003817
1 0.931000 0.085878 0.006000 0.095420
1 0.920000 0.280534 0.028000 0.103053
1 0.543000 0.822519 0.010000 0.194656
2 0.650000 0.805344 0.056000 0.022901
1 0.770000 0.837786 0.052000 0.240458
0 0.896000 0.860687 0.084000 0.103053