3 0.048000 0.472973 0.056000 0.621622
0 0.133000 0.500000 0.090000 0.459459
1 0.221000 0.265766 0.026000 0.351351
2 0.247000 0.536036 0.058000 0.045045
0 0.344000 0.545045 0.092000 0.423423
1 0.438000 0.225225 0.040000 0.252252
2 0.458000 0.630631 0.060000 0.054054
0 0.526000 0.621622 0.084000 0.432432
3 0.601000 0.576577 0.042000 0.648649
3 0.668000 0.599099 0.052000 0.531532
1 0.721000 0.603604 0.046000 0.342342
0 0.782000 0.612613 0.068000 0.342342
2 0.856000 0.581081 0.036000 0.027027
1 0.919000 0.639640 0.046000 0.432432
3 0.957000 0.666667 0.042000 0.468468