0 0.062000 0.627660 0.084000 0.191489
2 0.195000 0.569149 0.054000 0.127660
3 0.637000 0.582447 0.682000 0.101064
2 0.332000 0.388298 0.064000 0.053191
0 0.410000 0.351064 0.048000 0.244681
3 0.504000 0.337766 0.076000 0.228723
3 0.741000 0.265957 0.378000 0.425532
0 0.675000 0.337766 0.042000 0.250000
1 0.721000 0.239362 0.046000 0.106383
2 0.758000 0.353723 0.056000 0.037234
1 0.836000 0.340426 0.052000 0.202128
0 0.885000 0.377660 0.050000 0.117021
0 0.950000 0.375000 0.040000 0.132979
1 0.575000 0.843085 0.102000 0.207447
0 0.652000 0.848404 0.100000 0.154255