0 0.052000 0.432203 0.064000 0.525424
1 0.106000 0.576271 0.004000 0.203390
2 0.166000 0.500000 0.032000 0.016949
0 0.234000 0.466102 0.052000 0.457627
1 0.290000 0.618644 0.028000 0.152542
2 0.345000 0.457627 0.034000 0.338983
0 0.402000 0.508475 0.036000 0.644068
1 0.437000 0.661017 0.002000 0.169492
2 0.496000 0.466102 0.036000 0.016949
0 0.566000 0.500000 0.040000 0.559322
1 0.604000 0.601695 0.028000 0.152542
2 0.658000 0.500000 0.036000 0.322034
0 0.717000 0.457627 0.038000 0.406780
2 0.825000 0.406780 0.042000 0.033898
0 0.897000 0.440678 0.042000 0.406780
1 0.960000 0.610169 0.036000 0.169492