3 0.033000 0.493243 0.026000 0.716216
0 0.111000 0.479730 0.082000 0.418919
1 0.170000 0.290541 0.020000 0.256757
2 0.244000 0.493243 0.060000 0.040541
0 0.338000 0.466216 0.072000 0.391892
1 0.392000 0.270270 0.032000 0.162162
2 0.447000 0.472973 0.050000 0.027027
0 0.527000 0.439189 0.070000 0.310811
3 0.595000 0.412162 0.026000 0.554054
3 0.652000 0.418919 0.024000 0.567568
1 0.714000 0.479730 0.048000 0.337838
0 0.768000 0.527027 0.048000 0.351351
2 0.828000 0.486486 0.044000 0.027027
1 0.889000 0.513514 0.050000 0.432432
3 0.961000 0.554054 0.030000 0.594595