3 0.035000 0.423469 0.030000 0.642857
0 0.123000 0.500000 0.054000 0.346939
1 0.170000 0.316327 0.020000 0.285714
2 0.238000 0.612245 0.048000 0.040816
0 0.321000 0.596939 0.046000 0.336735
1 0.361000 0.295918 0.034000 0.142857
2 0.424000 0.617347 0.028000 0.051020
0 0.502000 0.530612 0.080000 0.285714
3 0.601000 0.500000 0.018000 0.551020
3 0.660000 0.469388 0.048000 0.530612
1 0.718000 0.530612 0.052000 0.224490
0 0.780000 0.520408 0.060000 0.326531
2 0.842000 0.494898 0.044000 0.051020
1 0.900000 0.505102 0.024000 0.459184
3 0.958000 0.586735 0.040000 0.622449