3 0.158000 0.457096 0.276000 0.339934
0 0.096000 0.816832 0.088000 0.108911
3 0.186000 0.815182 0.080000 0.112211
2 0.291000 0.795380 0.074000 0.026403
1 0.285000 0.716172 0.006000 0.112211
1 0.293000 0.900990 0.074000 0.125413
2 0.693000 0.533003 0.570000 0.062706
1 0.483000 0.366337 0.010000 0.231023
2 0.584000 0.344884 0.072000 0.029703
1 0.709000 0.364686 0.106000 0.227723
0 0.786000 0.179868 0.056000 0.095710
2 0.848000 0.150165 0.028000 0.016502
2 0.913000 0.127063 0.038000 0.016502
1 0.904000 0.084158 0.012000 0.102310
1 0.901000 0.207921 0.046000 0.099010
1 0.481000 0.754125 0.014000 0.207921
2 0.587000 0.732673 0.066000 0.026403
1 0.720000 0.740924 0.092000 0.188119
0 0.815000 0.737624 0.094000 0.122112