3 0.060000 0.507812 0.080000 0.437500
0 0.123000 0.656250 0.026000 0.109375
2 0.163000 0.636719 0.026000 0.132812
1 0.207000 0.656250 0.002000 0.140625
2 0.229000 0.335938 0.038000 0.015625
1 0.304000 0.382812 0.032000 0.203125
3 0.362000 0.429688 0.036000 0.546875
2 0.430000 0.457031 0.044000 0.117188
2 0.525000 0.382812 0.074000 0.031250
1 0.538000 0.191406 0.056000 0.226562
1 0.536000 0.656250 0.032000 0.218750
3 0.614000 0.417969 0.048000 0.351562
0 0.680000 0.589844 0.032000 0.101562
2 0.729000 0.507812 0.022000 0.109375
3 0.796000 0.562500 0.036000 0.390625
2 0.861000 0.542969 0.026000 0.007812
1 0.901000 0.535156 0.026000 0.226562
3 0.947000 0.636719 0.062000 0.554688