0 0.053000 0.377907 0.066000 0.430233
1 0.103000 0.627907 0.006000 0.232558
2 0.158000 0.377907 0.052000 0.058140
0 0.244000 0.325581 0.048000 0.418605
1 0.297000 0.575581 0.038000 0.197674
2 0.366000 0.348837 0.036000 0.279070
0 0.420000 0.383721 0.044000 0.511628
1 0.458000 0.674419 0.004000 0.255814
2 0.520000 0.325581 0.056000 0.046512
0 0.582000 0.424419 0.048000 0.616279
1 0.629000 0.744186 0.046000 0.186047
2 0.685000 0.401163 0.050000 0.337209
0 0.743000 0.441860 0.046000 0.418605
1 0.789000 0.744186 0.006000 0.209302
2 0.840000 0.459302 0.048000 0.011628
0 0.897000 0.517442 0.046000 0.383721
1 0.950000 0.796512 0.052000 0.174419