0 0.073000 0.528090 0.106000 0.280899
2 0.181000 0.522472 0.070000 0.089888
3 0.627000 0.544944 0.498000 0.022472
2 0.400000 0.362360 0.064000 0.016854
0 0.470000 0.306180 0.044000 0.275281
3 0.538000 0.345506 0.048000 0.219101
3 0.764000 0.264045 0.340000 0.415730
0 0.673000 0.351124 0.034000 0.241573
1 0.724000 0.233146 0.048000 0.084270
2 0.757000 0.365169 0.042000 0.011236
1 0.839000 0.353933 0.070000 0.157303
0 0.894000 0.370787 0.036000 0.168539
0 0.957000 0.370787 0.042000 0.168539
1 0.595000 0.834270 0.078000 0.185393
0 0.708000 0.853933 0.080000 0.168539