3 0.046000 0.614943 0.052000 0.333333
0 0.089000 0.672414 0.030000 0.172414
2 0.143000 0.672414 0.026000 0.172414
2 0.257000 0.385057 0.038000 0.011494
1 0.320000 0.390805 0.036000 0.321839
3 0.354000 0.580460 0.080000 0.586207
2 0.427000 0.477011 0.038000 0.149425
2 0.504000 0.413793 0.068000 0.045977
1 0.495000 0.195402 0.034000 0.160920
1 0.488000 0.637931 0.048000 0.264368
3 0.581000 0.465517 0.038000 0.333333
0 0.616000 0.574713 0.024000 0.137931
2 0.673000 0.327586 0.074000 0.379310
3 0.733000 0.477011 0.074000 0.425287
1 0.888000 0.442529 0.032000 0.264368
3 0.942000 0.580460 0.072000 0.563218