3 0.046000 0.452128 0.052000 0.414894
0 0.107000 0.606383 0.014000 0.106383
2 0.137000 0.579787 0.014000 0.095745
1 0.159000 0.590426 0.010000 0.117021
2 0.228000 0.409574 0.032000 0.010638
1 0.285000 0.430851 0.030000 0.308511
3 0.329000 0.446809 0.034000 0.404255
2 0.414000 0.446809 0.028000 0.106383
2 0.504000 0.473404 0.064000 0.010638
1 0.502000 0.212766 0.040000 0.212766
1 0.501000 0.739362 0.038000 0.287234
3 0.569000 0.473404 0.030000 0.223404
0 0.612000 0.585106 0.032000 0.085106
2 0.670000 0.441489 0.036000 0.180851
3 0.730000 0.521277 0.044000 0.468085
2 0.814000 0.452128 0.036000 0.010638
1 0.890000 0.457447 0.032000 0.297872
3 0.952000 0.478723 0.052000 0.468085