3 0.032000 0.603261 0.024000 0.510870
0 0.124000 0.646739 0.080000 0.336957
1 0.180000 0.445652 0.020000 0.152174
2 0.225000 0.684783 0.050000 0.021739
0 0.314000 0.625000 0.064000 0.315217
1 0.364000 0.440217 0.016000 0.119565
2 0.420000 0.652174 0.044000 0.021739
0 0.498000 0.554348 0.056000 0.326087
3 0.557000 0.527174 0.030000 0.641304
3 0.627000 0.500000 0.022000 0.608696
1 0.693000 0.559783 0.038000 0.315217
0 0.758000 0.581522 0.064000 0.315217
2 0.840000 0.516304 0.052000 0.010870
1 0.905000 0.538043 0.038000 0.423913
3 0.960000 0.494565 0.036000 0.771739