3 0.051000 0.515000 0.062000 0.190000
0 0.104000 0.685000 0.024000 0.110000
2 0.139000 0.655000 0.026000 0.110000
1 0.183000 0.680000 0.006000 0.120000
2 0.233000 0.480000 0.030000 0.020000
1 0.304000 0.440000 0.036000 0.300000
3 0.367000 0.515000 0.034000 0.350000
2 0.435000 0.500000 0.026000 0.120000
2 0.499000 0.510000 0.058000 0.040000
1 0.498000 0.240000 0.032000 0.280000
1 0.500000 0.775000 0.040000 0.230000
3 0.571000 0.450000 0.038000 0.160000
0 0.626000 0.610000 0.028000 0.120000
2 0.685000 0.370000 0.038000 0.160000
3 0.751000 0.445000 0.038000 0.310000
2 0.824000 0.350000 0.044000 0.020000
1 0.897000 0.350000 0.034000 0.260000
3 0.953000 0.405000 0.050000 0.310000