3 0.043000 0.545918 0.046000 0.397959
0 0.110000 0.790816 0.028000 0.153061
2 0.151000 0.755102 0.018000 0.142857
1 0.196000 0.770408 0.004000 0.153061
2 0.280000 0.602041 0.028000 0.020408
1 0.343000 0.535714 0.022000 0.255102
3 0.385000 0.709184 0.018000 0.336735
2 0.465000 0.535714 0.042000 0.112245
2 0.550000 0.525510 0.072000 0.030612
1 0.551000 0.178571 0.034000 0.153061
1 0.562000 0.775510 0.028000 0.244898
3 0.637000 0.489796 0.038000 0.326531
0 0.687000 0.596939 0.022000 0.132653
2 0.749000 0.510204 0.038000 0.265306
3 0.790000 0.586735 0.028000 0.561224
2 0.866000 0.469388 0.036000 0.020408
1 0.923000 0.397959 0.022000 0.204082
3 0.962000 0.561224 0.032000 0.469388