0 0.056000 0.523196 0.072000 0.159794
2 0.173000 0.502577 0.050000 0.097938
3 0.634000 0.561856 0.636000 0.072165
2 0.313000 0.417526 0.050000 0.020619
0 0.378000 0.420103 0.052000 0.293814
3 0.452000 0.435567 0.080000 0.180412
3 0.747000 0.304124 0.430000 0.505155
0 0.627000 0.409794 0.030000 0.273196
1 0.676000 0.257732 0.052000 0.061856
2 0.721000 0.417526 0.050000 0.020619
1 0.810000 0.422680 0.072000 0.206186
0 0.886000 0.422680 0.068000 0.134021
0 0.957000 0.432990 0.042000 0.123711
1 0.479000 0.876289 0.074000 0.144330
0 0.562000 0.894330 0.080000 0.077320