3 0.480000 0.500000 0.920000 0.821429
0 0.155000 0.602679 0.062000 0.294643
2 0.222000 0.611607 0.032000 0.008929
0 0.299000 0.629464 0.042000 0.383929
2 0.374000 0.602679 0.044000 0.026786
0 0.450000 0.575893 0.044000 0.241071
2 0.521000 0.571429 0.046000 0.214286
0 0.601000 0.571429 0.046000 0.250000
1 0.644000 0.361607 0.044000 0.116071
2 0.678000 0.575893 0.040000 0.151786
0 0.761000 0.625000 0.070000 0.375000
1 0.810000 0.361607 0.032000 0.151786
2 0.854000 0.584821 0.040000 0.205357
0 0.914000 0.517857 0.052000 0.267857
1 0.955000 0.312500 0.046000 0.142857