2 0.499000 0.470874 0.958000 0.067961
3 0.094000 0.179612 0.096000 0.203883
3 0.184000 0.157767 0.040000 0.199029
2 0.261000 0.189320 0.054000 0.145631
3 0.394000 0.177184 0.096000 0.131068
3 0.500000 0.152913 0.044000 0.208738
2 0.591000 0.162621 0.050000 0.121359
3 0.726000 0.174757 0.108000 0.223301
3 0.838000 0.167476 0.056000 0.199029
0 0.317000 0.757282 0.042000 0.165049
2 0.397000 0.747573 0.050000 0.126214
0 0.473000 0.825243 0.050000 0.242718
2 0.537000 0.769417 0.050000 0.199029
0 0.648000 0.781553 0.064000 0.155340