0 0.048000 0.410959 0.056000 0.547945
1 0.092000 0.575342 0.012000 0.191781
2 0.150000 0.390411 0.036000 0.068493
0 0.223000 0.369863 0.058000 0.438356
1 0.272000 0.534247 0.020000 0.219178
2 0.330000 0.410959 0.040000 0.356164
0 0.407000 0.541096 0.050000 0.643836
1 0.459000 0.630137 0.006000 0.164384
2 0.503000 0.458904 0.034000 0.041096
0 0.573000 0.534247 0.054000 0.602740
1 0.642000 0.561644 0.028000 0.164384
2 0.692000 0.397260 0.056000 0.410959
0 0.768000 0.493151 0.048000 0.438356
1 0.811000 0.595890 0.006000 0.095890
2 0.861000 0.431507 0.030000 0.013699
0 0.909000 0.465753 0.046000 0.410959
1 0.964000 0.602740 0.028000 0.246575