3 0.048000 0.364130 0.056000 0.336957
0 0.107000 0.586957 0.026000 0.217391
2 0.139000 0.625000 0.014000 0.097826
1 0.180000 0.641304 0.004000 0.217391
2 0.242000 0.402174 0.032000 0.021739
1 0.306000 0.407609 0.028000 0.228261
3 0.354000 0.521739 0.052000 0.739130
2 0.437000 0.467391 0.034000 0.086957
2 0.517000 0.445652 0.054000 0.021739
1 0.523000 0.201087 0.042000 0.184783
1 0.523000 0.673913 0.038000 0.217391
3 0.600000 0.402174 0.044000 0.217391
0 0.643000 0.548913 0.014000 0.097826
2 0.686000 0.342391 0.024000 0.163043
3 0.735000 0.472826 0.038000 0.510870
2 0.815000 0.407609 0.030000 0.010870
1 0.884000 0.385870 0.052000 0.250000
3 0.950000 0.434783 0.052000 0.586957