3 0.034000 0.539773 0.028000 0.670455
0 0.102000 0.579545 0.072000 0.409091
1 0.150000 0.232955 0.028000 0.238636
2 0.203000 0.534091 0.038000 0.045455
0 0.275000 0.556818 0.062000 0.363636
1 0.329000 0.204545 0.050000 0.181818
2 0.377000 0.556818 0.034000 0.022727
0 0.456000 0.505682 0.052000 0.306818
3 0.498000 0.460227 0.036000 0.647727
3 0.595000 0.528409 0.050000 0.670455
1 0.681000 0.488636 0.058000 0.363636
0 0.751000 0.511364 0.054000 0.318182
2 0.828000 0.488636 0.048000 0.022727
1 0.874000 0.522727 0.028000 0.659091
3 0.958000 0.500000 0.040000 0.477273