3 0.106000 0.414706 0.172000 0.288235
0 0.046000 0.764706 0.048000 0.141176
3 0.100000 0.755882 0.060000 0.088235
2 0.162000 0.744118 0.056000 0.029412
1 0.159000 0.661765 0.002000 0.064706
1 0.162000 0.852941 0.040000 0.164706
2 0.626000 0.526471 0.704000 0.029412
1 0.397000 0.326471 0.002000 0.194118
2 0.495000 0.317647 0.046000 0.023529
1 0.589000 0.350000 0.074000 0.229412
0 0.651000 0.173529 0.038000 0.088235
2 0.686000 0.173529 0.024000 0.017647
2 0.746000 0.161765 0.040000 0.029412
1 0.757000 0.091176 0.002000 0.064706
1 0.745000 0.232353 0.038000 0.076471
1 0.482000 0.750000 0.004000 0.158824
2 0.535000 0.729412 0.054000 0.023529
1 0.634000 0.747059 0.064000 0.258824
0 0.715000 0.802941 0.058000 0.100000