2 0.499000 0.575000 0.958000 0.050000
3 0.110000 0.295833 0.112000 0.325000
3 0.226000 0.233333 0.044000 0.266667
2 0.303000 0.254167 0.058000 0.258333
3 0.446000 0.287500 0.112000 0.225000
3 0.574000 0.225000 0.048000 0.283333
2 0.655000 0.245833 0.038000 0.241667
3 0.781000 0.220833 0.130000 0.258333
3 0.901000 0.245833 0.050000 0.275000
0 0.329000 0.754167 0.054000 0.158333
2 0.411000 0.775000 0.030000 0.216667
0 0.488000 0.812500 0.036000 0.208333
2 0.551000 0.829167 0.022000 0.175000
0 0.629000 0.800000 0.042000 0.200000